531
458
759
516
756
340
476
604
721
467
433
274
78
725
266
450
95
290
31
278
527
511
301
224
374
271
551
572
485
14
352
520
354
282
339
221
702
192
359
749
84
236
5
497
30
765
40
318
703
269
535
289
510
757
325
351
767
350
608
308
357
611
733
69
343
712
559
763
82
571
494
501
699
242
529
541
298
509
747
217
373
231
539
345
457
575
537
588
239
16
309
553
241
482
335
296
211
247
508
81
754
723
597
220
228
566
319
87
276
34
591
704
480
439
68
701
316
464
218
599
533
245
260
323
20
523
237
195
83
19
580
35
521
595
478
717
240
71
561
532
708
23
524
582
297
314
518
333
268
491
315
292
743
92
705
209
334
196
281
530
463
311
590
456
716
454
372
360
194
737
474
548
764
250
51
755
39
93
88
244
222
471
47
321
273
272
552
342
730
305
736
583
59
470
263
447
762
13
498
284
486
540
528
9
58
706
243
435
18
356
288
554
460
724
519
581
513
744
522
715
200
727
48
336
506
465
742
358
258
225
11
731
7
347
76
75
49
751
330
8
90
734
483
214
230
517
542
246
544
219
453
80
24
3
594
86
259
22
459
234
4
556
432
313
514
484
328
17
77
287
502
586
64
249
283
46
587
442
738
67
199
740
515
329
445
606
45
536
227
312
29
201
248
437
37
538
306
60
353
73
507
601
280
25
752
549
468
253
346
758
562
488
448
223
718
569
0
28
473
85
50
94
6
550
753
563
711
761
499
52
492
307
349
33
714
719
42
215
446
44
344
732
36
455
573
310
713
212
436
226
256
547
238
469
707
612
322
341
449
66
605
475
262
726
270
545
232
610
291
698
254
53
493
584
500
579
440
741
466
489
750
197
293
299
496
355
600
745
10
557
444
252
338
56
198
213
438
295
267
265
560
739
300
65
70
235
490
63
451
331
592
55
204
264
593
546
12
332
216
729
746
27
62
233
603
327
574
505
555
43
543
461
229
564
210
275
735
443
452
472
525
326
613
609
61
1
607
760
558
89
598
720
79
21
317
251
578
512
2
38
697
570
700
766
589
74
503
294
565
585
15
567
602
324
495
337
26
710
526
596
709
54
477
257
434
285
303
255
41
304
568
504
441
302
348
32
72
279
728
193
261
286
462
91
748
487
481
320
534
277
722
57
