209
51
13
749
229
708
556
84
730
266
671
204
579
722
598
687
567
7
29
223
757
43
725
683
50
180
82
44
52
547
734
148
72
4
626
83
549
737
141
655
183
669
581
550
582
738
34
172
623
761
220
759
215
746
96
707
633
763
285
185
670
672
69
17
154
545
602
675
9
278
242
636
666
147
261
529
555
751
366
210
697
373
24
658
680
64
635
540
106
740
226
654
78
647
32
232
146
642
286
535
685
576
544
563
178
173
164
756
235
186
271
693
77
728
195
735
31
184
169
594
577
166
211
578
729
575
201
762
724
674
537
47
709
548
20
588
99
363
254
12
615
244
660
631
39
191
732
554
619
650
60
95
656
760
627
542
14
200
48
712
144
646
689
665
561
181
222
151
736
188
267
75
723
227
236
97
667
715
703
648
662
23
696
742
564
639
601
268
192
713
197
196
140
368
176
243
718
538
251
686
225
589
36
629
224
152
727
108
45
71
565
282
250
645
643
590
63
583
59
694
618
361
218
283
260
684
86
105
616
3
91
246
92
679
744
362
100
613
179
720
755
30
552
255
62
153
606
657
614
625
617
682
245
681
76
692
640
765
605
649
233
55
2
284
216
705
219
213
239
752
79
272
89
157
276
65
26
67
214
758
690
241
175
620
217
766
253
622
238
741
584
748
733
560
574
557
38
27
691
673
248
5
365
93
653
688
208
572
61
726
103
57
8
536
158
80
231
628
596
676
360
21
586
264
721
717
170
160
743
530
98
73
171
221
205
700
167
531
258
162
559
203
33
54
28
145
664
212
767
570
281
573
49
270
206
85
369
174
263
249
274
259
194
371
595
543
90
367
637
15
632
585
634
608
187
0
641
739
539
40
661
710
668
546
161
287
16
102
163
25
19
1
566
677
240
252
199
6
101
193
551
18
611
277
562
750
663
279
652
159
150
42
610
754
156
81
651
374
745
604
269
599
46
719
593
357
532
580
237
37
569
528
592
716
571
66
155
202
553
764
591
53
256
364
695
370
273
262
644
533
74
265
149
56
35
568
699
198
706
678
603
630
534
702
607
257
247
41
11
714
621
747
731
609
190
624
704
10
182
58
87
189
168
88
177
142
600
558
228
207
280
541
139
230
753
275
372
659
638
70
143
597
234
22
711
104
701
612
94
587
68
698
