526
434
159
766
559
342
404
472
381
270
492
256
250
500
651
369
505
193
435
480
705
409
696
157
441
426
51
699
158
749
352
153
324
293
161
638
485
753
432
572
163
513
318
667
280
649
255
315
503
160
214
647
704
154
285
387
662
149
331
541
337
746
339
555
523
211
475
714
654
200
497
517
450
254
325
762
150
279
564
754
663
391
569
664
309
148
246
429
192
713
244
398
308
378
499
459
437
415
712
195
412
438
355
525
686
707
167
550
321
268
719
413
53
708
484
604
464
388
449
272
477
54
457
619
55
333
52
539
407
215
292
410
440
655
155
353
455
257
213
49
676
673
508
510
364
392
646
546
290
444
382
549
483
300
558
144
433
299
416
348
269
761
345
376
379
608
553
524
511
430
312
162
329
323
540
543
447
507
468
334
697
262
568
748
442
408
326
319
471
156
764
470
0
698
418
417
657
380
202
672
291
710
367
706
452
715
249
414
386
518
399
640
621
276
462
396
522
453
606
274
363
403
50
685
405
261
711
296
282
516
287
709
344
360
295
670
519
393
615
340
384
607
194
520
341
489
242
260
199
332
494
427
482
620
486
512
347
542
354
411
248
566
612
502
474
567
531
451
314
537
561
358
463
311
473
752
205
467
316
421
536
330
644
267
556
614
605
466
294
545
745
460
680
528
400
674
658
645
643
544
198
201
718
212
351
383
374
760
678
759
305
514
371
152
690
245
401
420
263
461
660
622
616
681
571
423
703
56
206
247
304
565
424
491
283
610
164
756
650
456
642
368
652
204
375
357
196
495
271
763
265
197
350
298
307
669
284
641
370
443
479
372
313
666
338
439
454
286
288
717
684
310
428
665
258
446
278
671
529
744
623
521
377
336
48
648
356
273
527
656
701
551
448
207
687
493
465
289
402
458
335
373
530
419
151
560
563
688
252
618
253
535
683
277
682
297
547
362
259
501
240
488
702
509
390
366
320
147
406
445
504
476
498
422
557
751
755
700
361
209
765
431
554
275
394
343
490
506
328
609
758
679
385
747
716
57
469
303
675
613
346
241
757
750
210
487
397
349
306
659
208
548
322
165
146
395
365
617
515
266
611
436
552
302
538
653
327
574
570
425
301
532
534
389
166
677
661
243
281
496
639
478
251
481
359
317
145
203
533
562
668
119
