136
550
371
622
258
625
669
163
262
90
491
160
142
186
21
644
403
118
760
190
441
556
675
89
383
716
393
76
370
482
185
477
621
688
741
476
462
387
701
473
555
376
551
554
271
511
658
299
714
222
260
143
601
31
41
170
24
483
703
572
313
480
506
311
306
451
635
219
43
596
479
453
274
499
415
269
317
610
272
275
290
704
66
563
463
26
416
719
46
458
440
280
368
188
764
270
504
650
339
202
490
331
184
126
92
667
737
318
627
51
357
267
384
312
525
381
586
124
286
481
392
624
168
536
673
235
739
652
75
530
304
452
369
697
466
720
120
641
646
191
218
431
651
467
585
448
552
346
512
693
379
510
744
332
337
524
668
706
527
456
500
766
71
405
633
472
459
762
620
95
465
174
363
498
316
435
29
457
116
608
378
27
505
18
308
99
220
140
239
634
282
474
529
738
358
501
570
705
425
531
281
599
238
604
404
689
288
93
223
497
503
297
427
408
747
321
653
141
221
360
257
259
746
461
690
450
353
377
165
264
478
603
598
263
558
699
406
127
114
568
121
386
749
265
657
401
77
707
289
394
682
314
137
28
751
409
173
310
655
648
683
442
528
549
78
522
44
56
560
559
740
692
496
169
338
336
632
309
514
322
73
544
537
539
680
291
382
362
577
122
20
579
69
296
721
664
654
454
571
417
605
665
547
344
508
553
645
119
489
717
765
236
319
171
702
164
234
74
214
618
139
208
428
17
656
189
745
283
698
545
328
742
455
700
166
602
167
19
172
449
68
284
642
509
647
617
402
175
113
743
424
287
611
557
94
520
573
606
361
513
250
161
210
576
597
22
320
736
575
548
72
64
248
273
643
594
464
200
261
426
162
761
329
216
696
365
203
640
215
70
671
569
123
419
713
672
443
400
352
217
385
305
767
211
593
562
430
574
523
515
750
715
460
432
213
323
212
91
488
347
429
546
115
607
616
763
434
285
748
407
475
666
249
268
232
209
695
691
194
355
412
256
333
237
359
125
65
88
600
623
335
694
23
561
201
45
266
40
433
538
619
395
307
626
233
380
334
595
718
30
681
418
345
502
609
411
367
67
117
0
649
364
366
670
25
330
315
578
526
592
50
251
413
674
587
16
47
187
138
42
410
521
354
79
584
414
298
712
356
112
507
659
