97
393
445
486
287
569
149
637
133
14
638
659
416
524
521
370
83
433
347
296
345
272
734
614
291
616
369
671
191
618
619
636
326
37
735
45
232
442
379
240
103
625
4
763
327
90
43
562
662
176
466
570
478
484
531
706
513
541
344
591
475
479
386
46
633
323
80
192
228
332
724
686
661
375
15
284
61
446
34
687
371
196
538
568
11
206
237
36
40
588
758
527
609
85
664
12
294
35
340
764
487
63
254
5
621
187
431
248
140
53
665
289
525
424
180
421
49
630
199
9
436
438
532
383
587
432
489
464
139
428
578
234
708
610
517
255
627
245
186
669
516
1
767
417
377
297
761
623
622
138
492
471
481
571
275
590
709
151
0
575
336
343
759
629
753
730
81
108
567
324
388
282
723
483
101
485
188
533
100
437
589
8
441
374
447
195
372
656
244
334
286
574
714
58
468
134
658
57
202
89
515
425
398
617
680
243
561
660
677
236
392
298
179
204
303
227
368
684
444
373
346
673
676
537
253
130
131
288
224
704
613
760
182
145
586
320
238
726
469
279
733
50
710
38
720
246
292
678
718
107
250
225
325
422
716
731
132
384
566
755
476
385
293
389
519
137
193
382
290
190
93
440
350
6
349
41
241
91
104
495
670
490
465
59
333
488
518
155
278
329
157
106
584
394
526
185
732
54
3
381
535
177
330
342
520
472
189
194
418
439
152
55
94
443
426
576
147
752
539
711
144
348
10
721
683
98
395
110
523
148
682
283
635
273
341
577
322
582
491
321
728
92
39
705
482
534
429
239
143
675
247
328
766
397
480
205
280
229
158
184
233
467
277
427
51
150
725
99
203
493
197
153
634
474
136
399
522
713
109
391
242
390
376
301
612
235
434
48
560
200
226
632
141
231
573
62
423
102
470
608
729
33
331
564
339
86
473
530
420
585
2
583
249
56
105
717
142
302
628
754
95
536
252
579
276
563
757
430
135
42
581
529
674
685
159
657
198
580
87
111
351
44
514
281
681
32
762
129
183
615
540
765
285
512
60
82
380
719
251
178
299
88
335
13
624
611
378
565
715
396
672
201
387
181
47
338
631
626
756
230
666
337
96
668
295
494
542
154
146
274
667
52
620
663
679
156
528
7
722
727
84
712
300
543
128
707
207
572
639
435
477
419
