447
390
427
759
586
253
614
659
96
399
343
535
628
38
107
420
239
638
201
589
371
142
187
537
756
6
443
370
232
395
322
584
678
715
10
733
144
284
228
657
333
661
272
682
46
345
493
189
300
761
14
621
32
623
86
763
251
436
419
766
417
97
421
666
199
135
192
285
194
617
637
241
51
327
0
485
627
527
681
728
707
151
62
346
490
325
515
683
565
468
380
446
330
350
685
656
735
612
575
35
560
714
473
726
225
301
102
721
540
289
281
275
207
480
139
566
293
442
579
52
428
464
620
274
5
235
238
686
491
375
182
276
720
302
332
41
441
40
2
384
7
528
48
82
615
294
63
348
148
635
561
101
734
146
522
590
564
197
712
303
184
758
729
254
709
347
434
423
252
11
248
149
613
247
636
562
89
159
679
283
83
639
582
435
329
492
753
156
513
713
137
539
55
674
60
762
98
341
99
514
465
299
279
324
237
15
568
376
767
439
33
12
288
129
372
57
481
131
495
277
577
155
111
342
339
297
206
668
242
92
542
573
130
470
760
445
387
39
87
104
95
58
80
438
532
292
619
177
226
517
431
8
334
541
202
180
591
704
140
255
731
467
351
466
90
396
634
706
227
727
658
191
386
61
368
710
664
660
581
571
338
84
132
518
538
574
245
680
141
719
519
618
630
444
280
331
580
570
290
616
529
44
378
250
477
110
484
3
422
479
521
13
708
344
673
608
437
286
138
398
525
54
273
278
489
231
176
433
625
9
50
764
755
576
59
393
663
236
482
478
145
724
531
752
671
722
291
106
754
732
662
669
136
389
723
385
610
105
205
321
536
717
430
323
388
488
373
152
757
687
91
474
632
670
185
475
179
109
49
629
418
394
626
391
716
416
204
203
494
229
429
512
326
440
196
374
377
526
432
336
520
128
425
578
34
523
483
200
622
282
611
675
103
150
43
85
298
190
392
472
677
486
725
240
230
711
381
705
397
108
94
157
178
516
583
88
100
224
424
234
672
147
193
246
633
730
243
158
45
382
244
233
569
93
183
383
328
181
369
337
53
676
186
349
426
765
530
249
567
188
81
609
153
563
487
667
36
296
133
42
379
134
340
154
295
287
684
56
143
37
533
476
198
469
543
534
524
718
335
47
624
631
587
195
585
320
572
471
1
588
4
665
