145
502
276
510
146
102
392
409
78
166
631
28
531
263
165
180
120
21
490
742
357
298
485
515
232
530
597
151
486
647
385
140
549
583
239
692
596
118
169
335
417
138
646
125
494
123
36
318
359
214
172
75
403
82
221
73
88
406
721
304
499
291
182
143
47
363
434
103
236
135
85
435
283
645
132
230
235
267
185
479
316
116
44
101
142
272
328
43
137
589
694
174
538
727
77
0
312
432
299
338
709
464
382
376
474
222
333
626
237
134
375
171
364
68
131
536
245
672
505
233
582
92
404
460
309
292
197
384
442
5
342
391
193
581
371
321
436
34
427
476
370
327
178
52
414
192
468
287
30
373
308
430
484
275
722
491
281
336
379
394
279
453
228
295
498
289
387
219
724
365
139
576
473
148
397
70
224
477
743
213
627
457
22
408
509
426
1
27
35
243
482
548
472
443
220
306
264
260
492
164
136
551
51
514
187
533
356
290
240
726
320
766
76
381
366
49
38
48
319
39
269
181
466
503
374
324
577
378
301
29
24
512
199
3
93
215
629
189
528
467
98
147
50
294
358
493
592
315
419
470
599
537
225
242
440
282
175
337
341
277
238
500
723
194
388
429
330
313
534
368
398
360
23
454
511
300
377
191
266
504
129
407
543
579
183
212
150
296
389
265
271
26
329
121
317
529
305
90
415
497
141
431
97
475
383
441
117
246
353
303
91
584
588
343
593
487
540
71
31
297
7
488
130
400
326
372
361
168
711
186
217
481
244
677
395
496
40
223
578
280
285
586
416
402
405
54
177
196
483
367
331
231
628
644
598
463
693
241
480
386
428
673
216
590
32
624
489
541
390
595
421
461
544
410
284
198
322
334
455
478
274
170
542
344
128
25
720
412
42
20
323
270
767
399
401
310
41
362
508
411
369
740
452
674
293
84
471
456
591
437
2
127
79
86
124
262
94
695
173
37
4
506
469
81
587
126
418
393
539
184
501
72
227
179
741
625
188
302
676
332
119
422
550
247
535
495
83
507
458
288
226
725
89
268
462
465
675
423
340
99
273
345
580
53
80
314
74
95
190
339
33
46
630
55
149
380
307
167
433
425
413
261
278
100
69
459
439
438
532
678
585
6
311
420
325
513
594
424
679
445
87
229
96
133
144
218
45
122
195
176
286
234
