0
469
471
134
667
76
552
43
472
287
492
392
322
668
730
429
120
345
276
155
460
686
545
635
64
493
248
323
643
178
19
658
427
170
654
462
184
592
35
483
608
312
405
158
531
744
319
489
338
507
621
7
15
216
208
31
297
555
684
239
326
424
548
159
501
529
227
523
304
395
615
516
83
328
236
633
764
314
235
341
20
448
420
416
316
317
739
422
442
279
496
473
736
280
632
559
616
152
663
203
212
763
353
160
92
283
655
696
174
481
431
207
103
11
487
715
135
252
410
577
258
243
619
605
443
360
318
172
291
199
580
640
440
84
611
127
647
735
296
60
262
596
363
662
461
167
465
675
466
332
108
309
340
504
48
718
271
437
436
313
567
268
595
379
315
599
656
123
27
182
479
67
434
266
240
689
544
579
499
295
176
695
391
347
612
528
433
452
311
166
179
200
115
140
51
411
32
532
168
267
703
40
344
303
589
464
124
704
591
284
740
299
175
250
519
270
428
576
724
99
342
660
702
220
759
515
339
575
719
683
107
39
215
597
541
150
16
488
584
716
136
390
459
324
731
52
535
747
711
190
698
732
438
132
63
543
183
547
352
607
722
624
142
219
28
415
80
55
24
600
138
116
463
307
601
500
131
707
609
413
75
573
320
72
384
497
146
685
700
423
337
571
196
767
435
223
244
4
259
751
537
186
204
628
439
144
664
691
171
180
414
651
476
495
430
652
581
593
712
8
457
723
641
47
383
148
334
748
692
636
406
349
305
512
254
756
260
343
256
88
348
444
194
671
491
726
119
451
300
639
23
224
540
708
59
306
380
568
572
355
728
396
659
56
446
666
387
687
418
644
524
412
228
682
536
164
467
351
432
336
251
755
665
87
539
620
163
426
520
335
419
623
564
394
264
333
560
95
393
100
321
409
477
154
456
398
372
480
147
484
292
272
12
376
263
752
556
327
458
402
91
760
743
211
397
128
301
371
688
475
583
551
400
364
517
151
356
617
681
454
637
648
359
3
672
36
96
156
247
330
508
139
468
511
329
79
44
195
649
407
603
585
513
645
255
192
676
198
368
679
631
188
367
191
727
111
104
399
720
680
232
388
657
331
503
112
408
450
404
527
403
308
627
563
231
187
68
453
325
275
699
587
162
455
447
588
375
143
288
604
71
401
