298
98
256
370
369
410
191
12
88
20
352
476
278
355
55
475
373
429
478
363
401
187
459
195
405
351
416
450
468
430
145
32
460
329
56
425
354
189
391
291
431
491
276
364
375
277
296
166
427
67
393
330
394
435
353
149
349
358
380
362
337
179
433
185
289
79
85
412
376
299
53
445
411
218
403
240
347
396
178
169
287
348
252
286
0
443
382
300
150
131
168
505
142
4
301
462
465
356
463
418
290
175
89
368
371
384
204
408
360
78
400
36
255
161
157
50
110
164
54
365
160
332
452
159
504
269
288
162
122
501
338
120
470
374
202
461
280
155
158
167
99
426
52
406
464
194
111
350
469
434
448
5
345
80
199
366
281
392
419
3
40
395
81
59
238
292
216
153
22
440
398
386
387
219
82
217
383
203
342
35
62
90
335
6
1
402
141
192
397
121
165
72
407
471
389
92
66
424
473
467
304
151
455
176
477
420
143
306
449
170
302
404
444
196
31
388
148
156
466
487
432
163
446
346
378
417
184
340
409
305
454
51
503
171
190
241
75
359
144
303
436
77
177
37
2
283
200
282
485
481
94
422
65
379
180
336
479
193
438
84
310
86
414
275
367
285
91
474
421
458
34
124
437
146
331
480
274
486
173
372
70
492
339
76
441
294
147
453
385
328
183
447
456
39
484
502
64
181
93
333
83
377
341
334
413
344
74
87
415
357
457
472
284
381
343
57
182
186
482
361
197
198
242
390
423
439
154
399
442
254
293
239
174
483
428
307
451
201
