476
503
186
395
403
449
333
385
159
238
4
481
443
85
321
212
72
261
408
254
97
316
10
459
0
435
470
123
400
368
189
231
298
423
369
262
344
161
384
24
281
180
388
334
444
201
488
290
223
105
30
398
23
421
144
456
49
233
278
82
300
394
115
195
190
320
429
136
284
42
306
148
124
489
16
322
143
22
424
296
279
404
392
259
475
134
83
324
80
141
387
451
391
441
125
268
65
378
140
145
157
440
376
218
280
335
450
214
237
383
182
47
32
249
113
200
211
466
417
129
409
239
490
221
486
52
227
39
118
139
351
360
380
457
402
138
256
133
304
92
370
454
191
354
153
267
41
399
106
452
163
99
245
229
158
9
57
13
299
204
226
147
505
438
179
149
437
198
326
88
478
364
272
308
271
89
411
389
386
142
56
109
468
431
341
62
356
416
199
426
393
3
445
447
67
491
162
64
25
95
425
365
276
194
175
74
257
446
250
379
91
126
413
43
496
251
349
224
196
188
183
317
2
274
101
225
73
374
434
420
353
412
477
253
352
48
112
436
343
277
303
154
252
377
81
499
311
458
202
283
70
187
288
122
332
295
325
415
430
210
297
405
135
390
209
275
128
285
258
40
177
453
155
12
207
5
442
504
266
448
234
307
7
329
418
419
146
396
381
287
350
469
495
291
373
193
228
58
313
292
348
282
34
54
160
33
482
273
178
455
166
433
428
264
414
474
20
401
26
355
55
127
439
460
382
27
203
243
397
347
8
232
156
406
93
467
98
192
