502
217
471
48
204
89
419
113
361
342
176
452
434
280
415
60
479
296
265
172
92
486
270
130
485
445
335
63
112
450
268
275
339
206
391
482
272
261
4
338
409
61
123
336
424
132
488
504
463
135
2
352
372
119
444
148
136
267
386
326
212
295
448
414
5
115
333
446
185
394
305
62
411
432
489
457
478
456
88
481
180
483
470
128
328
362
440
86
501
257
451
134
282
438
173
181
81
258
467
461
205
195
241
286
466
262
140
284
304
490
374
291
337
114
1
505
41
273
287
379
340
137
193
44
375
385
269
90
38
52
274
405
393
359
278
0
383
380
473
211
368
330
213
131
396
240
423
118
397
83
472
58
122
425
388
93
50
266
276
369
98
427
139
441
407
293
454
399
283
126
256
260
408
437
377
324
487
484
127
259
503
321
40
453
413
214
129
429
387
289
271
329
356
447
465
366
402
430
341
45
54
426
320
422
208
3
194
400
96
418
389
94
365
417
370
290
468
51
410
133
420
390
183
384
116
404
263
363
82
209
207
403
46
358
297
84
378
216
491
480
462
392
306
121
376
138
292
439
401
395
351
406
111
91
99
458
288
141
43
360
36
475
120
428
125
210
322
294
477
124
264
323
49
381
174
398
474
37
177
325
442
95
436
55
357
242
348
443
464
367
435
243
433
80
431
421
42
307
39
460
334
215
412
179
53
97
373
219
47
455
476
117
203
382
64
353
416
59
469
175
186
35
57
279
492
327
87
218
182
371
449
85
281
364
178
277
184
459
