202
1
304
72
421
293
5
53
252
127
196
258
128
204
135
277
51
197
298
52
243
254
262
351
387
473
346
86
419
283
299
441
130
393
266
87
4
479
392
274
332
195
462
146
198
162
64
264
397
453
329
54
355
56
381
391
408
253
400
136
183
330
48
425
406
99
403
294
39
450
248
241
83
292
179
297
250
300
153
377
186
80
82
242
65
203
370
454
367
93
285
44
148
206
75
199
442
429
131
257
187
58
95
439
73
478
492
256
43
443
437
461
417
301
416
291
366
244
356
289
388
428
269
394
384
372
154
446
261
150
181
279
415
63
353
386
433
160
159
287
362
94
194
303
358
191
141
251
41
451
272
184
182
166
165
363
193
357
163
189
3
466
76
490
145
96
402
98
383
265
371
200
445
259
448
306
389
214
282
376
133
149
488
360
278
155
151
245
152
255
55
66
249
158
263
447
341
382
405
281
328
352
286
423
307
418
276
368
398
164
396
456
185
85
238
273
463
407
188
455
84
476
45
192
42
144
60
215
427
247
161
348
147
62
284
246
201
399
271
489
413
71
331
47
139
305
137
449
395
143
438
347
296
77
354
156
40
464
458
50
78
240
345
444
422
349
465
491
170
436
364
290
92
270
477
69
378
414
140
167
459
373
205
97
435
404
374
81
434
190
134
59
344
288
375
275
280
142
239
343
2
380
68
409
369
129
390
365
138
295
57
401
61
132
302
460
379
169
359
157
410
49
180
452
67
420
361
168
350
46
74
79
70
385
260
171
440
457
