50
177
349
34
180
158
299
46
505
359
302
265
384
30
47
298
340
238
274
453
323
468
296
361
355
263
193
40
152
249
319
281
346
211
469
322
372
308
45
52
358
167
216
59
223
241
159
277
190
181
357
464
195
209
380
278
51
234
330
192
368
150
327
276
315
501
452
133
248
364
381
54
169
503
214
179
462
351
163
178
329
347
303
3
139
130
466
187
151
42
458
48
304
305
348
233
205
375
136
242
147
309
208
128
475
228
373
272
56
134
140
226
307
154
222
256
326
460
356
258
2
344
246
328
279
293
494
38
341
198
317
378
369
260
213
268
379
312
371
448
43
257
471
267
287
148
244
362
449
285
374
316
496
472
165
353
1
225
204
141
32
294
207
334
365
235
153
156
37
493
197
502
473
138
44
313
219
174
146
33
239
254
166
270
295
57
215
455
470
53
290
376
367
306
157
55
461
338
332
499
454
352
236
162
310
255
142
342
360
291
194
60
41
476
202
35
253
300
129
292
337
184
282
171
185
182
489
135
275
366
491
232
227
261
31
333
266
457
463
382
201
183
144
196
497
237
280
221
250
189
155
269
370
199
175
331
363
350
451
495
467
450
143
297
288
271
286
49
490
262
168
301
149
131
335
230
63
145
474
339
264
447
273
176
459
325
229
240
314
203
132
498
283
311
188
251
343
500
14
170
224
206
284
336
218
456
492
39
247
354
377
465
320
200
164
161
504
259
210
321
231
61
0
318
186
137
191
289
160
217
212
36
173
345
172
58
220
324
