143
184
147
228
188
367
134
268
399
386
149
282
481
57
138
136
414
355
451
239
120
373
372
15
411
501
278
209
281
101
192
225
362
118
504
468
189
348
341
307
250
210
450
352
238
445
40
71
119
133
336
387
265
299
13
277
244
2
162
105
179
495
198
490
202
460
374
252
302
457
328
354
425
342
292
262
29
253
245
444
346
267
234
303
323
178
413
46
279
16
343
364
214
260
227
363
237
38
424
351
266
98
347
224
127
426
199
55
405
48
212
211
273
483
129
3
115
407
207
69
394
12
106
456
380
316
406
112
489
337
85
314
275
62
164
412
24
284
141
466
79
463
186
152
382
436
39
385
455
174
474
161
203
438
66
35
95
52
403
366
28
89
194
409
484
297
465
68
350
144
280
231
365
503
249
20
108
88
496
384
21
256
339
259
369
18
308
381
170
222
33
397
217
289
163
146
291
232
111
377
81
167
23
376
491
389
375
142
263
435
283
422
60
32
261
197
200
0
63
220
30
49
257
80
488
419
157
230
193
122
269
8
353
304
191
64
276
272
166
309
274
240
196
204
236
50
218
61
123
156
295
477
443
153
494
306
223
172
97
25
37
41
440
67
100
439
258
226
315
453
310
493
497
187
349
301
398
417
368
431
305
233
4
195
229
92
285
45
469
340
383
151
296
19
59
180
344
388
408
317
454
290
183
482
499
264
126
159
331
390
26
124
404
190
410
148
205
171
476
487
418
255
270
416
130
216
54
370
492
137
36
473
175
392
300
182
395
99
