199
384
283
277
271
282
105
166
415
86
405
157
18
390
124
129
413
353
398
186
346
8
273
147
66
80
373
154
259
368
414
274
242
338
484
321
447
3
165
355
59
288
139
151
392
43
138
320
343
302
61
299
396
333
194
352
52
72
133
243
108
290
476
354
93
190
159
258
475
371
454
34
296
122
408
366
336
215
401
55
16
418
374
57
78
406
79
123
77
435
350
137
153
171
196
24
281
134
452
356
74
68
251
28
310
451
42
279
478
219
98
303
131
440
221
393
382
132
330
294
262
156
276
436
329
140
431
229
38
407
113
493
75
381
453
494
4
254
312
335
474
197
301
491
31
344
195
187
58
130
416
449
409
162
349
205
289
441
380
136
389
300
345
275
488
203
367
23
189
311
250
183
295
69
210
370
142
285
495
270
420
467
20
33
164
56
322
292
255
148
218
106
240
375
291
443
160
7
256
347
141
82
30
268
26
161
400
298
228
83
341
176
425
284
37
293
145
143
193
362
421
127
357
402
214
201
144
361
175
188
348
110
163
209
379
204
126
70
84
489
395
71
325
377
135
200
246
490
442
92
212
410
403
471
327
252
158
253
182
485
65
53
397
331
50
149
73
411
213
351
10
328
444
465
168
434
412
46
385
332
169
248
112
263
483
249
170
198
39
487
334
448
150
376
445
45
67
41
146
326
383
206
378
394
54
216
22
192
477
239
503
388
44
439
191
264
386
12
450
287
202
63
109
286
48
304
339
437
429
369
324
40
446
278
128
85
238
460
