186
96
482
294
487
393
221
273
502
425
255
432
286
276
226
232
314
180
446
365
463
491
122
388
447
361
381
315
457
470
24
460
366
370
135
212
424
345
125
380
284
91
30
311
309
138
29
503
445
405
295
431
481
304
419
228
290
488
313
28
49
47
476
443
412
246
429
203
466
134
297
374
54
275
200
371
141
225
398
26
250
430
303
71
139
478
256
184
349
302
120
462
199
317
291
97
68
0
475
44
332
471
352
355
23
58
308
473
357
87
3
359
458
364
465
237
437
59
65
451
403
269
17
427
98
450
197
414
387
444
229
235
285
418
490
448
456
400
46
43
60
82
25
407
459
2
354
193
483
124
247
416
461
312
382
89
196
278
367
477
391
479
231
236
453
378
413
375
441
474
213
390
27
249
85
72
1
42
489
408
307
318
438
389
384
433
373
434
14
347
283
40
397
379
452
472
436
210
253
224
369
254
277
270
272
439
41
449
410
395
409
396
358
80
127
86
406
99
251
69
455
351
341
331
442
230
376
201
185
211
440
140
301
182
484
88
360
204
70
61
234
5
296
181
133
454
386
45
310
505
121
233
202
415
274
81
362
421
356
126
208
428
417
215
319
468
195
194
293
214
469
504
209
56
223
63
411
67
206
392
13
368
205
179
220
402
64
394
426
401
464
404
84
207
485
383
19
198
480
222
31
501
4
90
467
435
420
385
271
316
22
62
66
342
346
39
350
292
377
183
136
248
137
123
305
20
21
48
486
372
423
422
399
73
95
363
18
227
