491
7
54
125
65
391
382
78
331
368
122
380
136
58
273
327
438
188
298
259
249
294
288
326
325
254
114
424
437
238
127
295
283
271
376
59
478
45
377
490
435
286
429
270
263
502
379
299
303
26
378
73
134
107
441
413
386
60
402
332
83
448
300
365
50
389
155
434
390
121
436
371
321
443
72
276
6
395
165
479
262
135
374
166
444
322
140
13
387
442
342
153
396
250
239
503
203
66
394
162
132
414
124
328
120
261
302
450
412
52
28
189
284
43
201
48
15
161
75
168
408
247
248
84
27
191
41
489
82
406
410
369
323
388
341
159
420
129
5
199
488
46
131
150
494
85
291
362
69
281
367
244
347
143
476
138
264
447
196
240
475
68
51
364
194
130
280
243
151
333
296
440
277
142
70
407
401
452
55
477
416
422
137
14
145
439
337
149
355
157
71
63
198
336
353
446
126
251
156
493
372
398
42
195
255
56
338
1
246
282
197
80
366
64
47
383
354
16
8
344
10
329
409
40
24
202
158
335
106
356
404
417
297
144
432
423
256
146
200
169
343
260
405
384
9
152
349
190
207
253
61
392
154
352
292
381
105
2
289
141
430
350
79
252
11
148
290
351
139
4
293
265
363
257
348
415
403
397
204
287
301
345
285
425
399
3
431
370
57
445
192
339
245
160
426
340
361
193
242
206
334
492
62
419
433
421
330
428
393
320
373
324
86
112
258
451
427
147
53
418
81
449
266
400
44
411
12
163
128
241
385
25
39
123
49
375
346
67
