60
293
310
490
218
384
315
124
410
387
165
328
180
134
312
7
113
311
54
148
56
439
308
329
31
338
251
381
494
121
411
322
380
363
434
233
275
351
385
63
27
354
39
358
343
418
211
171
326
81
42
391
412
82
413
205
451
460
428
225
67
143
59
168
129
364
255
196
407
327
194
79
366
50
424
497
401
1
314
131
183
498
408
209
421
235
272
298
470
368
45
20
423
372
223
71
190
65
459
467
299
332
499
374
151
75
394
482
155
238
112
415
202
450
505
335
294
197
406
404
18
449
336
36
149
88
442
389
118
287
122
398
22
429
167
361
444
48
468
425
409
396
295
136
102
173
68
234
383
289
144
433
142
362
95
288
402
154
456
61
321
242
488
339
214
382
386
4
283
375
89
420
417
35
469
330
393
346
250
33
473
290
453
476
279
445
431
92
291
53
319
478
166
15
94
496
158
111
66
403
465
126
377
141
181
414
437
26
76
62
106
55
422
128
52
73
32
436
69
388
301
156
493
157
123
350
14
426
392
40
11
457
373
161
399
474
484
208
150
247
179
355
34
229
480
454
286
30
29
282
258
307
464
253
86
169
146
324
145
376
489
455
369
458
221
466
492
503
502
170
244
0
6
37
159
101
188
177
378
340
115
318
320
462
46
93
317
25
427
271
230
278
446
400
99
164
189
367
199
227
438
432
479
84
248
416
419
371
360
448
292
243
471
477
435
108
231
152
49
160
153
97
365
13
87
500
297
274
130
172
309
356
475
430
228
139
306
80
