229
114
444
205
190
133
106
194
441
331
385
434
440
187
279
139
61
234
189
462
436
108
137
303
446
53
361
307
305
63
347
7
288
231
103
253
12
399
109
282
442
111
126
59
236
140
363
223
454
203
372
350
246
69
473
390
57
11
202
237
241
245
359
225
50
141
364
219
273
298
375
228
255
131
459
432
198
456
383
201
469
365
300
295
267
211
299
460
464
55
452
468
192
206
266
352
415
386
301
278
309
449
426
224
310
239
232
341
136
346
62
257
342
102
92
80
8
130
417
264
391
287
212
412
252
125
394
380
208
65
409
453
402
438
274
222
270
188
242
284
357
437
463
354
268
244
433
427
358
263
249
373
377
504
82
10
360
81
457
344
227
135
191
292
83
60
128
465
0
56
335
297
371
374
370
366
280
254
367
423
389
58
51
461
113
338
286
332
256
422
129
134
93
195
424
414
302
240
403
431
248
251
333
435
345
122
216
393
406
505
443
262
235
293
471
470
40
199
384
269
132
418
259
250
340
294
343
407
67
334
405
9
428
66
450
439
356
260
404
272
197
217
376
339
400
291
196
233
105
349
243
138
368
369
408
445
213
247
430
220
124
193
472
238
362
353
336
289
382
448
39
416
410
451
215
52
261
221
304
112
312
388
392
348
425
290
285
226
281
447
64
230
398
275
68
107
127
306
258
110
54
265
421
379
204
455
277
283
458
337
355
413
94
401
420
411
104
387
466
6
210
120
218
214
308
123
419
207
276
429
296
397
271
378
467
351
209
200
