285
463
139
331
254
188
220
150
260
348
235
203
340
158
429
359
337
464
435
175
466
357
109
90
261
52
424
328
364
470
382
330
294
233
275
473
339
384
425
155
116
486
368
51
179
381
295
426
236
267
449
234
11
176
434
302
361
221
336
428
445
195
169
481
156
398
14
479
462
287
152
355
202
288
105
0
276
147
505
104
200
197
371
256
27
174
474
503
15
450
451
29
230
376
192
423
297
7
112
224
482
88
170
461
373
422
378
227
108
431
375
53
329
281
274
469
149
277
186
129
471
484
223
501
465
437
145
344
299
161
439
480
154
128
365
366
12
280
401
134
54
19
300
204
148
165
133
136
231
138
278
183
217
239
362
18
114
199
358
216
296
460
20
383
132
24
332
448
182
354
380
475
457
13
387
298
178
334
472
477
367
167
265
478
102
241
66
255
2
403
164
467
117
160
400
219
110
338
385
342
56
30
405
432
115
226
28
50
343
190
440
243
34
374
89
303
282
238
436
127
151
242
31
57
1
177
232
454
404
131
218
333
257
107
193
441
146
293
143
111
430
173
144
438
363
10
168
191
353
458
502
433
201
100
229
386
356
159
369
225
163
377
162
130
483
284
487
444
453
455
33
279
6
171
446
135
258
25
172
447
153
468
335
17
187
476
21
459
360
456
16
341
443
23
113
289
9
22
142
237
301
259
266
101
370
119
103
198
222
194
166
372
8
427
442
32
268
240
264
402
228
452
157
196
65
137
180
485
141
140
263
26
283
106
504
189
262
388
