179
132
37
239
204
150
58
88
449
267
490
478
238
86
397
307
225
146
411
254
358
97
286
371
130
339
406
417
259
265
355
192
336
83
415
169
354
157
491
196
240
374
61
162
301
388
409
303
68
280
67
381
242
123
359
305
159
377
165
151
133
247
127
155
148
372
182
471
60
167
164
163
446
56
342
346
153
382
222
186
154
492
398
125
40
302
412
81
461
69
391
261
170
396
403
465
362
456
183
243
420
220
256
459
476
328
291
349
226
166
467
55
337
258
373
35
379
352
348
333
488
136
481
241
330
80
389
400
160
344
472
290
468
82
39
244
448
424
338
341
90
190
250
193
98
378
260
248
365
174
380
421
375
384
390
351
84
284
334
285
402
282
489
288
399
53
144
191
181
198
201
87
120
177
454
251
447
392
121
376
487
418
249
195
416
451
329
484
96
50
356
203
347
62
185
482
304
423
122
64
395
145
340
168
194
287
152
458
299
266
473
128
460
200
263
99
470
353
370
477
65
386
253
257
131
289
85
343
408
393
345
479
463
0
141
335
401
172
91
283
57
246
63
453
405
474
95
5
450
51
142
52
197
452
178
202
262
480
455
466
264
387
199
369
161
140
483
245
221
363
156
475
135
36
224
281
292
464
357
385
3
149
137
38
364
331
176
413
444
66
252
368
404
410
184
171
175
158
419
129
187
189
486
268
143
360
255
462
124
485
350
147
54
407
332
367
383
394
173
139
180
89
469
361
298
59
134
306
138
279
300
188
457
4
126
445
414
366
