4902
4830
969
342
6852
6352
2749
4261
3663
7245
6683
4802
3799
7562
5130
4947
7139
586
2501
7613
4403
6575
7454
5141
239
1049
6131
693
5818
2318
3002
8090
7383
5872
3895
5099
6912
5338
1813
6346
2808
5684
1824
6175
1454
3536
3750
1830
1453
7369
174
1703
7402
2248
7266
5215
5935
5896
7092
7665
851
2076
4781
452
200
2352
4732
6497
2734
6797
210
1247
4892
3313
2498
7793
765
7457
427
6366
4234
4013
3362
2671
1316
461
7417
355
1386
3715
1875
963
7565
467
6009
5347
4091
4299
3655
4181
7683
2103
6338
3499
6409
4391
6232
7393
6186
2049
6524
2760
3521
214
6317
7428
2824
5882
5240
5964
1238
1505
5596
2072
4560
1538
2936
1656
126
141
3736
1416
1169
2324
2179
5511
5381
1928
5516
4254
8151
1828
7750
2579
2701
3314
5956
3929
1237
6713
2377
3672
6358
923
2992
4897
7670
6969
1679
6504
7211
3506
5342
5094
3485
2462
317
271
547
5421
5959
6599
1437
1604
2839
8117
2460
1269
4076
5923
7006
602
2387
7208
6979
7709
230
6441
340
2594
3028
4544
544
3008
6398
5834
4487
327
2026
2077
2264
3938
1866
298
2974
6560
7304
2200
1258
3821
4151
5634
7074
1782
2630
1993
3047
6262
6583
3574
5185
2136
6510
7213
7412
4755
3952
6985
6748
3075
6624
2434
2520
2098
7759
6922
5536
7220
2223
2030
1081
1690
1319
3316
4939
7838
4041
6640
6944
8185
5876
6717
4318
3161
3626
5928
4461
4195
4507
6930
4686
2254
292
5467
1135
5293
1873
8080
6811
3320
891
6196
1050
7492
2247
1044
4276
2616
7248
2577
967
7956
3021
2631
165
688
3776
1872
6390
4310
2669
2483
1934
2519
4448
2978
4140
5116
5838
3246
6035
2351
3751
7391
2625
2306
2131
6123
2767
4311
2032
6704
1245
6910
4642
732
5709
1333
1126
789
1724
5859
1938
2924
4072
3761
7723
2453
3063
6247
3794
2258
139
7950
3465
2934
6584
2445
435
4362
7008
6856
3892
7321
3525
3382
4864
979
5441
7678
1681
86
2146
5747
2509
2915
2712
6329
6614
3549
8039
5337
411
649
3343
3095
2783
3884
6549
4474
4303
933
5245
5263
6740
151
722
5438
986
5171
6078
4783
5050
3880
2369
1027
3759
5926
3491
4835
2027
2804
5746
6397
7845
1197
595
1373
6955
2743
2174
1171
6241
3791
7612
4182
2867
3609
1359
5359
1768
482
2311
8006
1217
7605
4400
8045
1188
7287
105
3610
3262
7237
6938
7465
1089
663
7914
516
107
2399
4454
3361
5328
3371
6975
3027
45
2235
97
6229
4384
7059
779
4603
2390
4029
462
2359
261
5940
6469
6755
7253
6133
3401
6475
6999
2212
85
6772
1948
2062
975
1456
1347
3255
380
4188
5416
5689
4609
6059
1904
3785
2042
4160
3987
2769
791
6544
5270
4633
4085
7646
6140
2168
7560
2328
6307
6233
7121
7123
7544
6391
5891
3080
4244
2729
2383
3357
714
796
7430
683
7224
7579
853
1522
3159
6069
2454
1073
5343
911
6168
1797
7496
6633
3274
4918
3566
4708
5832
7014
7063
3538
2267
122
4067
3703
6859
7857
4822
1346
670
4203
4274
6149
2807
190
5253
7817
3810
3466
1632
7749
146
4717
4011
4416
721
2165
7970
6299
3252
1068
7232
1418
1284
802
3078
4097
3240
8058
4227
4275
739
7615
1823
1139
260
3195
3358
4415
3398
4850
7251
6634
5813
3911
3257
6107
7075
7635
3339
2496
319
3909
3226
5981
90
3294
4701
3790
6446
2298
3438
4053
3285
6965
4073
2900
7043
6835
3399
5290
6914
3439
49
1012
3849
5580
3123
7784
7206
7662
8179
6026
6266
7718
6960
3581
3510
8160
5767
758
4423
2354
3134
2855
2105
6145
2726
4179
3795
1794
2752
4818
4997
4862
7535
2649
725
823
7859
2772
2368
2379
7363
5436
3704
159
2710
1317
3920
4667
2181
4929
4866
7642
2226
2024
1487
7039
1972
2582
6647
4381
945
1931
1421
6302
1598
3482
7674
2731
5252
4924
6668
213
4158
5699
5527
1802
5303
1878
5548
2185
6990
5109
7546
7640
2096
4646
3484
369
1936
269
2055
2162
632
7169
7426
3461
3989
5840
5464
7036
2290
1911
5736
8041
3676
1160
1946
2381
4425
1080
3305
3001
5417
6879
1304
7191
1146
7481
5629
2561
4793
5846
6784
885
4661
7179
293
3017
7228
3780
862
3820
6282
3601
7901
1661
2295
7985
6308
1918
6830
7462
8049
3057
1901
441
515
4757
1568
611
7823
1265
5842
4623
8077
1526
2628
7867
5110
5243
3675
4226
7601
7423
6630
576
5119
5299
5776
498
2666
1155
394
7739
5863
7413
1280
4685
2890
7571
7790
5556
4392
3115
4218
909
1467
678
1613
3772
3430
2521
908
7954
113
1444
7196
7854
3295
4397
2204
5936
4881
3473
960
6632
5143
5186
8048
5993
794
4202
304
869
625
5948
2122
4
5068
4631
3130
1726
4546
6129
4111
820
7765
446
6180
5193
5804
4039
6108
3035
1792
3055
3530
641
62
7982
7365
1391
5831
5570
7984
4224
2688
6949
7673
1370
4428
4065
3643
2327
992
7840
4927
7638
596
8128
1023
3854
6111
7903
3471
6847
7009
6837
379
1858
6334
6288
8013
5675
1981
7758
7246
5056
6865
6982
5791
2759
7949
3767
2473
7658
3717
1268
4611
3719
6864
1392
5157
640
2178
8141
1889
7297
7891
5661
4693
7351
5682
4300
4169
3993
7518
7302
2430
2699
5114
6148
4785
7256
8143
1409
3064
4496
2170
81
8033
7127
1996
6068
7706
805
3801
2021
3488
655
7105
1306
5246
93
4910
4846
4770
1650
7113
6326
877
7460
3451
2956
313
6340
4883
3899
2870
932
7388
6093
3985
3608
535
4191
2898
4828
1874
784
7120
628
5202
1173
7815
731
1803
6189
5331
4702
3520
1375
1527
7930
7334
2976
4551
7001
6339
953
8120
2307
7547
2017
5666
5775
6127
4378
426
233
6963
750
1686
5382
2843
6155
3586
6243
224
1070
1475
7096
1156
8159
3678
4219
7934
5026
2043
4394
2789
6462
6350
5152
1666
3913
5992
2692
735
4398
6789
6174
811
6463
1668
6548
6838
5044
6161
786
7948
6194
2998
2932
32
1949
1426
745
6775
2300
7110
4570
1674
5277
1433
1902
4009
6649
46
5937
3964
838
5562
1324
6254
1937
5708
3741
8149
3509
7171
3048
5931
845
284
6484
3773
3206
6216
5419
4581
7844
7038
6082
171
7395
798
6176
4333
474
3031
7445
6205
7431
4648
8106
652
7668
5952
5362
5021
7563
1054
4774
1879
7965
7446
3797
7276
4970
5999
6884
361
1524
6769
2559
6150
6586
7122
1039
3984
4374
6501
580
5305
5819
4411
5001
4799
5816
7941
1669
7156
7279
2365
6921
4954
2955
7897
719
3447
7586
2606
7770
5858
477
5559
7177
5452
7217
1652
930
5217
3421
5016
3469
4074
8113
608
7945
7810
3378
6653
4440
5628
6966
320
3275
69
3239
8029
8137
1397
4811
7271
3070
7946
3627
4043
803
5576
6213
7254
6558
3607
7691
638
2271
5032
2967
5588
40
6994
3196
3760
7653
4021
4980
3716
7676
1780
4025
774
769
1883
2149
709
2134
7533
2198
591
2402
6092
3463
1110
1558
1058
1270
6010
4979
7291
4602
1826
4106
5307
4673
3119
5080
3495
6210
1720
6939
2376
7738
1310
1170
4401
6568
3851
134
1348
1953
8164
764
5148
1842
7997
1574
8032
6774
6374
354
7229
4746
1943
1186
3778
2842
2973
694
6407
5222
5557
5566
579
5989
6327
2740
4086
4211
2670
6260
783
228
4776
8140
3718
2208
6791
4627
7375
5507
7016
5732
1
2910
6943
7474
7157
7414
2850
8086
2937
3467
1246
3917
2595
926
4907
1322
3407
7290
3866
6062
7887
5970
5000
341
1947
4956
6388
4470
346
4502
4301
4186
3809
8135
2761
464
8096
866
350
6527
5393
2500
3815
4355
470
7522
6209
1179
4787
664
5093
3006
7044
2708
3067
1190
1471
1836
4189
4671
2810
3168
6919
3385
6917
4259
676
167
5035
984
333
3652
6593
1762
3415
7124
4272
509
1177
4853
1636
4521
5358
6974
7566
3108
6552
2944
3830
6312
6825
7629
3684
2919
7595
883
5703
3527
463
2218
7180
4223
1504
1417
3624
520
2693
6940
4064
1835
7046
4040
2380
136
5778
5877
1995
4576
5919
4418
6067
7895
689
1945
2515
5591
5266
2676
7632
1723
1840
3478
2567
4963
2202
4144
1833
5535
4282
3436
2238
1787
6354
3085
4753
5811
117
3040
7508
545
329
4738
5545
6645
5809
1910
5207
4844
840
6765
5701
1325
5285
3932
7751
1103
3673
1675
1541
149
2317
1791
2904
1131
3580
4589
6896
7721
819
4778
5606
1702
1923
4095
2588
3787
6116
2690
2829
5807
7379
33
4618
4337
2175
1470
3234
7419
7261
2004
3963
4343
1275
5927
7869
5339
4930
5428
2304
5505
3497
8028
3153
4727
4377
3121
7953
8063
1894
1118
6564
6873
7317
1982
3011
5594
1008
718
7851
262
5072
1966
3722
1957
728
5663
5695
1168
2768
6285
3391
6423
5149
927
7776
3263
3649
5881
2091
8167
7387
5640
4900
1832
2999
2124
3550
8182
2609
4696
6030
1410
7912
1909
6675
295
2110
6049
4475
1712
7520
8166
2995
524
7497
7134
3733
3980
4494
7932
326
6249
1125
6603
2811
5504
7778
1509
2097
4824
2109
5129
7301
5752
4689
3221
6438
4703
7986
5233
1252
1037
120
7647
7040
6432
4658
7893
2066
2770
7368
6138
5298
6379
6431
511
2266
1610
7979
6153
7056
7283
7174
4016
7411
8146
3079
7798
7842
756
3910
5352
3951
4949
483
2957
5310
1627
5457
8132
4566
2539
5639
3202
5294
225
5165
2292
7618
3374
4587
3693
2412
776
5420
6091
2274
221
5843
7415
6506
1667
7831
7669
1483
7041
1952
7238
7913
4719
1589
7052
7795
850
1285
2684
7600
3921
6278
1662
6015
691
3548
4501
291
3659
5390
2245
7216
7495
2488
1749
6435
7577
627
4756
7833
994
5515
5829
7221
4598
3886
4759
686
5348
7042
1951
4390
8018
5726
1551
1697
5718
2988
5447
2203
4622
3644
1944
2115
7567
6661
6751
6478
4725
3297
2655
6906
6269
6545
4710
8112
6897
5479
2349
4292
5350
6200
2347
1984
3535
8161
189
5279
1516
6714
3568
5306
3289
3369
2975
334
5004
893
1965
8102
7130
2075
1211
1209
5786
3834
7077
1630
2991
3986
3868
64
1393
6109
7695
3245
4148
6167
4376
3818
539
1545
3441
6355
248
3024
585
5929
582
7249
5383
6831
1150
2443
7922
1315
7664
4914
3819
6609
4868
4937
5403
1590
2600
5227
4859
1869
942
787
6239
6297
5117
748
4412
2806
7667
6744
2779
2360
3642
5169
6428
7733
7564
3437
440
3666
2491
4116
106
2419
8119
6590
1899
4243
5369
7603
7777
4730
8074
6576
2415
7543
6126
2667
4469
3258
7398
3201
3210
5800
4447
5322
222
6064
3694
3326
3816
2210
7160
1176
1161
4789
2610
1031
7308
744
5089
255
157
4185
7785
1452
4352
6801
7734
727
7921
7117
7561
7324
3814
5611
5139
3126
4170
4024
2949
3503
5134
6964
1389
268
2025
1038
3893
7230
5374
5172
5686
5058
5728
1646
3743
175
3084
5138
475
4998
7685
692
1065
4932
365
941
2440
832
6279
123
82
5514
6142
1114
4973
8121
4735
6427
7802
1250
2511
4341
7820
1396
966
6124
7512
5439
7660
2452
1881
6881
7490
204
7971
507
3557
5795
4990
3102
4363
7766
5106
7712
1206
5225
3922
6058
1886
6696
6629
6016
5986
2393
3887
5587
529
5740
5642
5123
4681
3135
3403
3976
1490
6992
5198
3616
7480
5155
6779
2940
3569
4517
5913
278
4768
2065
5281
771
653
5301
4077
3912
1127
4964
2123
4621
4178
3519
5962
2357
855
19
465
3671
7745
6973
2818
2664
172
2232
1539
4729
702
1061
7521
4429
4909
4427
7448
4545
4825
4206
4657
5875
4353
7023
7509
8067
3337
7874
2329
2047
6976
1439
1032
6818
5984
1332
6657
7856
1064
2871
8069
4780
6582
4880
4509
973
8038
7537
2703
6012
3969
4993
2137
41
6276
3705
1925
2751
6041
5365
270
7787
4007
2589
1622
4692
6369
4143
2788
2403
2573
4536
5878
7927
3082
6892
6550
6199
4713
729
2277
3852
581
6008
6429
6507
4120
5360
2727
4801
6294
1572
2825
1300
2325
5228
5839
2947
6054
1827
414
7306
5942
2036
8178
5314
5590
5523
6360
83
4248
3784
5323
2801
6611
7763
6267
5098
373
1593
903
1001
2587
1586
2051
3908
5284
4430
3835
4771
2929
3957
2348
3272
5592
2784
31
5079
5430
7593
2087
1635
7657
7090
5660
6364
7976
308
5446
7033
4360
1282
2259
5036
3991
1929
2314
5176
1920
1694
3352
6224
746
4597
3697
7890
3731
1591
285
2656
7031
8162
2722
3740
2420
2237
2780
2183
17
3786
2378
2750
3594
4958
6752
1323
4229
4015
3148
1342
6173
2877
660
1105
4141
7530
4640
3222
590
648
7716
6795
577
2733
1018
6261
1620
1575
6682
4238
4790
6531
3003
1382
3219
1231
5440
124
6105
4121
5705
2674
6481
8105
1148
6716
8109
7661
1491
2702
8083
6562
7146
7848
2591
4531
1308
6523
2633
572
4697
7293
841
5022
5214
1055
4812
3605
5826
7300
6652
1855
3686
501
3393
1743
5469
954
6072
6253
7129
7307
2073
2619
5794
6468
957
112
51
936
6626
782
800
55
4870
3493
2719
5088
5366
1199
5127
7783
2350
5605
6368
6681
6449
4569
6372
331
7643
3962
2943
5892
3796
6433
4896
5025
1566
2534
1017
6577
2817
273
5075
1701
1448
1841
2371
4033
2832
2819
5170
6330
6143
3459
6692
588
4468
2246
1588
4364
7199
2158
1973
990
3225
212
3422
72
6792
5204
3092
6212
381
7310
5070
1776
4478
7715
8138
1818
5771
3072
882
5402
5472
5785
2095
5627
3638
1244
302
237
839
1340
1642
980
1372
5407
5847
1488
4986
4284
5770
8076
919
2689
2177
4216
7057
705
277
3400
2576
2358
5495
3622
3062
5189
4590
5762
4124
2482
6521
387
3170
3617
920
5086
3448
4035
5856
3504
1677
6215
4071
7937
198
2604
36
409
400
219
168
3769
4288
2301
5363
2334
2330
5275
5349
4110
1005
4578
4201
7626
5665
1339
4281
5444
3404
1383
5459
533
886
8019
695
4861
1354
1740
4898
3688
6646
5615
7468
7427
6810
6555
2640
6466
3444
8061
4235
2019
4950
8005
3061
7655
2188
2646
7100
5135
6343
419
1819
1852
4221
3746
3046
5659
707
5023
1907
2251
5280
761
6090
6248
8094
1569
5399
1851
637
1076
3324
4122
6738
158
7327
938
360
7680
7672
2140
6546
5963
6705
3418
7507
7743
6295
6908
4543
259
629
7993
5394
2887
5156
1059
7753
6723
6530
6255
5934
88
2622
1006
7553
2313
6443
7469
4070
5777
1408
8174
7384
6988
2765
1063
1099
5197
7679
7048
3990
4584
6913
5024
4978
3256
6121
1897
6296
1024
1145
4962
57
7438
6106
2255
852
3302
3321
3640
1445
1485
3235
4499
4431
5624
70
4923
450
6708
7650
3806
1495
6323
2954
4309
5522
622
6027
1742
5346
6207
3977
6971
6477
4504
35
2388
3053
6579
7319
7500
6651
2563
898
7466
3877
6424
4838
5910
1653
7819
532
1985
7814
7832
2532
3456
2207
5069
7294
6673
3811
7827
620
1748
2618
6117
2781
5073
1461
4810
7068
5793
5060
6578
4126
5061
5974
1859
7141
1812
156
2169
2891
3915
4316
4972
6794
5067
7920
6756
322
1788
5619
2851
790
1508
425
7355
1294
6445
1455
3792
6283
1739
6845
6782
3511
4588
7596
2085
1292
1401
79
7996
3770
1499
5529
6534
6479
6128
849
1489
4056
6821
3975
5317
5603
1138
2845
6291
5880
2994
4365
7226
6503
943
6635
6187
5867
7580
7207
170
6221
7830
496
3737
3022
2417
1549
7918
3926
7361
1582
2118
5345
5409
4522
3967
3995
7796
7022
5641
2038
6841
2141
6679
2201
1107
3432
6631
3236
8050
812
6687
5946
738
2423
5662
6273
4119
3479
6246
6983
6867
5623
3747
7464
1438
6264
1051
1195
1274
6217
2416
1082
6882
1546
578
30
3487
8111
5128
1498
6712
388
7247
5509
6996
391
1378
2913
2193
1022
5249
5489
2449
1765
4405
7029
7470
3701
7214
5905
1989
858
4813
3942
799
2556
624
6408
5575
6911
4711
4855
4230
1060
6169
1210
1477
6434
4348
1843
3215
3615
5295
5178
7835
5835
3350
4442
1997
8059
5817
5585
4044
1998
3052
1732
3725
8051
7128
770
2683
3420
1550
2056
7432
5973
1253
5687
824
4498
6832
7273
7511
3839
4312
3265
4747
5097
3419
5547
3103
6496
3189
3043
6641
1143
5397
5645
1864
480
6514
6627
976
7225
987
3565
4161
733
7636
7540
6020
3368
4761
4765
6483
2562
3333
6259
6171
3016
7649
5412
7422
2344
3038
2361
1228
881
1447
5586
1484
8165
3522
3573
206
1233
3433
7437
2196
439
275
5076
3878
300
3614
393
1185
2475
5296
3714
2875
7076
7870
2794
4888
3832
1624
7557
7803
4796
1122
2643
700
1405
8116
1722
5398
5864
6500
4255
6525
1581
3470
4136
6485
1287
6394
3994
4663
2023
5030
5224
809
3278
6654
5486
231
6693
2391
7677
6824
1921
6377
6455
493
1459
2575
385
6931
2551
6747
996
1072
7027
2798
847
4305
466
2864
5315
1071
3176
1465
3065
1684
1357
7616
6686
1563
135
5983
2102
1042
2321
2823
1302
8142
1351
5034
7377
5292
5503
3507
6730
3184
5755
1571
1759
876
4858
4340
6402
2826
3625
7947
2476
6470
2786
8098
4641
4767
2714
3680
6405
7737
6858
861
3163
5203
6533
3172
5287
1708
2984
4541
3861
6528
4320
1203
5657
1968
6003
946
3372
6493
6440
4734
690
34
2156
734
2791
7964
999
1614
4887
2553
863
2735
2795
4938
2866
3490
3755
7108
6083
74
1950
7397
5672
6798
7058
6019
2385
8034
4088
2477
575
2522
797
6843
1497
5059
4985
2283
2291
8131
7088
6561
2732
15
5212
1334
4104
8150
3900
2285
7826
8087
7255
6569
635
1254
5267
6659
1227
4026
173
5889
503
7034
406
5607
6385
6869
3933
5462
4052
6889
5251
2859
4172
5541
3308
3498
6980
358
1618
5260
2373
2281
5033
2745
152
490
573
2570
6715
5630
6245
3409
4806
7559
8183
7272
1760
6674
2273
1097
3955
7885
5748
2925
6854
6065
601
6505
1053
7344
4231
1683
6132
5493
8037
1727
907
7987
8054
7619
6333
6202
7573
7150
7994
3244
2814
4831
7962
1216
401
3346
6698
5216
2718
948
708
2629
4162
1707
281
6699
7032
396
6718
5912
7952
2336
981
5508
1587
5571
5091
931
2261
5220
1120
3953
6114
3353
2821
7204
2121
5584
2209
1553
2983
5763
2164
1481
993
7505
4410
3924
1043
6100
568
4901
6621
3198
4393
408
3373
7331
5481
3606
2436
2447
4103
2918
3227
3683
2938
673
7703
7452
5510
2538
7277
2356
8148
6776
2480
3847
1967
5485
4003
5124
6306
3044
8093
7020
3690
3841
2280
1649
3338
6411
5418
7178
7906
7928
4145
6038
4988
5010
6444
6826
7879
2691
7684
6088
3287
752
3164
4854
2706
2569
2142
7097
479
8021
6711
6620
3375
3145
773
5674
4048
6413
6236
6559
1200
3213
2799
7689
3443
7504
234
5384
3231
4225
256
1473
437
7742
4750
7082
5944
4489
1521
7341
3803
6989
7315
7514
43
3896
5985
6961
3546
7597
1913
2659
397
4045
337
6110
3547
6442
6617
5916
995
525
2252
2838
5820
5442
592
1086
4349
4163
6796
2744
5020
3812
6951
1388
372
6924
2632
962
557
1243
3808
5854
4156
5445
7855
6600
1992
6081
5789
7882
1358
5925
1775
7907
3327
3634
650
18
6536
2448
4177
3090
7158
3779
7805
5487
4670
2987
2407
1212
928
6158
4166
4574
7396
2809
3500
1753
4632
3674
186
4652
555
6753
7142
7809
5259
2771
6214
2776
1446
2082
2739
289
8118
7860
4705
2139
7195
3356
420
6737
3214
4660
7054
7131
1404
3901
3916
5182
2364
4205
3019
5865
323
7905
4334
4989
5300
1987
7084
2192
759
7478
6118
6935
7116
2586
1311
5788
6952
2748
1100
1754
1729
321
392
3249
7837
1468
1731
1908
2362
964
4492
4328
5654
4017
7875
7067
2499
4108
2342
77
5002
4214
4579
7257
3723
7210
6862
2544
2590
3595
3639
2466
4089
5620
5324
7010
251
3505
801
5083
2738
2495
4458
4135
3284
7881
2182
767
1785
1513
2039
6192
1860
7439
589
5147
413
4867
3599
657
675
2605
7587
7990
1647
1584
100
7463
5219
2852
6492
1440
1767
60
6160
6014
1341
2901
3959
4506
1583
6984
4941
2869
4553
5371
7611
7654
2220
4656
5680
2685
7003
1773
4302
6836
2785
4875
4463
1530
8035
5821
3428
3584
7656
5911
2603
6547
7602
447
7026
1870
1013
5769
7760
3756
4038
1659
2528
6671
4624
7944
5140
2548
7761
6923
3104
2964
857
4093
4528
6292
6320
7578
5598
6804
3157
2895
2322
754
5291
3340
2930
4058
4080
1933
7451
621
3178
4826
5850
1288
283
7878
7916
7896
306
1331
4745
5824
5046
7724
6061
6764
8065
3007
508
5471
4187
438
5432
6616
3173
287
6697
6915
612
1750
5146
813
3203
37
5424
1091
4558
7104
1960
1443
7692
3793
6170
2816
5801
1663
7502
96
4092
353
2079
2366
5706
4834
6817
1223
6211
160
7904
1825
2370
7264
3805
4617
488
2554
205
3136
2846
760
4012
1380
5271
1573
8044
4610
3730
2805
4722
7453
5583
4919
1192
266
3978
1221
1480
486
2117
3897
1074
1861
5996
4878
4273
3775
6089
1778
3440
5104
485
5190
7873
1974
4426
6710
834
2155
3885
7836
7381
562
3054
5837
179
5256
3191
7488
4367
4577
3789
21
6344
1201
7467
1638
3728
7822
4606
5954
5318
347
357
4925
5874
5712
1579
7951
5405
2615
6526
7752
2607
3512
3931
258
7528
1092
5651
917
4731
4020
2963
203
2011
383
6023
2400
2389
2088
2018
4245
5808
5564
4335
5636
3698
7977
3823
983
3383
2682
403
6781
6373
5158
5377
4548
1130
6572
3228
7186
4042
5758
3306
8180
2894
1338
6995
1239
2005
5745
6885
4966
1976
6566
6314
4635
3460
3037
1132
3152
7849
6387
5461
445
8071
180
1839
6823
5329
3559
7188
7548
1850
3709
3426
6648
5671
11
777
6894
904
710
3286
5555
3442
828
2312
5721
7599
1903
2782
7552
3273
3162
5241
5692
1606
3635
4967
2135
8046
143
8155
4193
549
8052
7513
4684
5979
3475
5082
2858
6426
2069
6861
2989
3578
3763
3207
913
5836
7711
3194
345
7801
7314
4419
1808
7231
3946
4000
2513
4639
5815
1693
2881
3502
997
2568
3097
1381
4435
7030
1019
2637
2008
2857
6182
7797
119
6002
1648
1845
3646
4346
7450
1451
3992
4644
5581
2694
2675
5501
656
6195
2133
2848
5565
2536
29
1721
7781
5340
2678
1256
633
8008
4372
4683
6880
6904
5537
1961
6602
1769
6535
2546
4720
5229
2502
6309
916
6909
2525
7499
366
405
7933
3059
6319
5274
4466
7771
6420
7325
1180
5255
4491
4250
550
2257
4561
1278
7198
3390
4154
5221
7892
4149
363
1511
5195
2962
3781
4424
3455
5422
8177
4968
6146
7585
6925
4356
2132
2438
4422
4210
6729
5526
785
723
1345
7298
1113
1482
3179
674
793
2758
7433
3175
631
7705
3074
1535
4464
3248
5697
5679
6604
3032
817
7572
3112
253
7902
7275
7348
3355
4819
3553
6987
2333
3602
7620
4839
4146
3713
6888
2272
1906
937
1958
4432
3083
7702
8068
5120
5887
6075
2516
3949
5006
7025
4676
4977
2100
3290
2046
6746
546
698
7349
7219
2265
7978
2611
6800
3996
1634
5208
7748
4484
4326
2451
2535
6595
3837
7471
7722
7598
4630
7614
587
2080
4297
4714
3876
4665
1222
5539
6034
2014
3544
7086
1115
1687
681
5790
2057
3220
3598
3122
6474
5723
5727
153
7574
3413
3706
1705
1959
1374
2050
2236
102
7623
5922
6520
3836
4047
2527
8082
2138
2836
6660
7386
747
2159
6159
3328
3603
2599
7274
3632
484
5014
3066
3049
5533
2620
3250
2341
7095
5272
6512
3005
4885
5087
103
1208
1975
5702
352
3486
7312
1102
2581
3030
4691
2041
6070
2016
4872
3923
7868
1625
7234
4659
1108
3288
254
2661
2958
8014
2340
2190
1492
4294
7152
4733
818
1592
7998
3347
7800
3238
7062
651
4295
473
3208
6076
6613
2860
3882
6077
7242
2941
66
558
6386
6219
2968
958
138
7185
2797
6399
6700
2626
971
6739
1266
5906
5226
2914
4879
3029
1411
7447
5958
7479
6367
1369
2270
6761
3619
5568
417
423
619
162
2854
4928
1660
7159
2034
1494
7775
20
6048
5650
8170
7648
5792
5497
6957
711
6891
7069
4805
7732
3768
8154
1149
4278
4804
2335
3458
662
742
3348
6165
3891
177
603
2481
4582
4350
4763
654
4354
5151
6945
6802
7865
4948
7506
67
2953
2665
5003
6476
4404
829
6316
4996
7190
4532
7362
7172
2441
3144
3691
6450
7192
3366
5244
3927
5361
6251
5664
743
3386
3867
3165
7405
7698
5163
5589
5724
5264
8000
5078
1871
1846
3266
8070
2883
2071
7551
3682
7871
2972
3363
6362
7401
4837
178
553
978
6563
3268
5567
2058
3392
6401
3654
5908
4019
481
5209
6926
6047
4797
7126
7286
316
5644
2724
3307
2486
3936
7295
6642
2986
5132
1670
2425
3351
7407
899
6328
567
1789
27
1695
7935
3093
3681
6201
3261
2996
1025
6790
3850
4555
491
2249
3087
3888
4184
5396
6197
1296
6998
3081
4289
1249
4718
6265
6608
6057
1085
623
2841
1464
3099
3171
2647
3708
3529
7223
6234
4351
7973
4165
6573
3264
7385
7284
4876
7696
7235
3154
4505
6846
2467
7671
972
4764
1798
5513
4540
7081
3534
669
2315
8127
4893
6669
1283
4965
4152
4726
1242
7149
5319
6887
4459
2550
1002
8002
1536
5357
7288
4571
982
95
7570
810
7666
5976
1000
4114
6383
4516
4264
4643
1430
3453
1970
1414
5237
5626
985
4821
4100
7370
4032
3446
6589
6403
6004
5805
6287
227
3232
4565
2293
7538
3365
512
6853
1939
2418
4331
4601
6166
915
4395
6222
3107
895
6666
7681
717
109
2221
6085
6515
1255
7799
3364
5142
1969
780
5980
3096
7459
4786
61
4849
4945
1241
4552
768
6644
454
1360
4782
3628
2166
5720
4037
4246
2446
7318
1621
7305
1101
5621
5386
389
2444
1885
4827
7329
1366
2331
4389
4359
290
2946
1529
7151
1196
1983
6228
2119
2278
4651
395
6519
3862
5427
7779
5154
2571
1517
5085
4615
7583
3318
3641
4327
1854
7168
5326
3025
5333
6293
2742
950
176
4485
7966
4497
1862
6968
5743
7675
1735
4688
5531
519
1352
4194
4399
8092
2687
1758
3591
636
2572
6473
1162
4527
5783
309
1098
4006
7181
3111
7187
7489
4183
3492
370
3477
1596
3721
374
2856
1733
5893
5018
3645
956
6993
7135
7227
724
3855
6625
3218
3587
3251
1930
4247
2308
1927
4721
6052
7289
453
10
5443
2001
2741
6767
3494
7476
2432
8103
433
2029
1056
530
7292
3480
4724
3575
7094
8122
3576
145
534
4620
614
3114
5814
5600
384
6842
7137
7516
182
6242
8186
3501
3508
6448
5711
148
65
5354
679
1399
7880
647
2426
7989
864
8016
382
3925
3827
2197
1215
2592
7627
7485
1689
3033
468
3757
6615
2353
7909
6937
2868
5574
3411
3000
3902
4133
7925
2431
5517
4680
2863
4675
2673
8047
5742
1087
7347
5780
5052
5632
4434
2472
6033
5561
2455
1328
6551
7017
1295
3472
7333
6770
887
7320
1182
2657
1028
7773
1916
3187
685
2305
3452
2484
704
7772
7607
3388
2775
8022
2909
912
6103
4379
6313
2948
3890
2686
645
5090
3869
3965
7741
1691
5309
7847
6006
2766
1594
3118
7138
5453
1090
3133
4307
3788
398
1744
5100
6650
5685
5554
4934
2497
6688
506
6353
2892
3156
4265
3585
6743
712
296
1035
3664
3322
1276
183
4450
918
6934
781
2762
7744
1496
2557
4005
4976
2458
130
471
6079
5673
6685
3551
6972
925
1915
3745
3618
4137
7569
7594
5848
4961
7408
1999
2084
6257
5678
6031
4421
4994
6220
5344
2474
583
6223
1403
889
2822
303
8107
4851
5750
8190
4653
5092
5542
671
7424
5341
1868
7549
3394
5806
6050
4549
2184
4668
3253
4709
3414
8187
4800
1898
7568
7260
7477
2263
5700
4638
1441
7630
4371
2244
8042
5456
3665
3260
6301
1617
3702
4647
2297
5247
1719
5254
2800
5434
7360
3180
3620
5647
1580
906
6959
460
3860
6557
7961
4695
7900
856
2530
5161
5915
1261
1520
4313
4762
4649
4803
5311
5950
7136
4969
6667
2512
6032
1560
2256
3344
2905
7510
7184
6491
3020
1030
3513
1479
5351
3515
5213
7154
1919
3410
6040
1848
4698
6820
4286
5978
1501
2479
7367
3727
424
868
7714
6750
1500
1048
7923
7651
7373
3345
3036
2310
7812
5744
5107
1327
2374
4629
7132
3283
1232
4242
1562
5716
2111
476
3739
5137
618
3312
4971
4233
5549
2471
286
816
4841
5017
3
5595
5051
8191
7915
4857
6157
6018
2985
4563
4700
6141
510
6871
8144
184
3384
7212
4682
6418
2518
3217
192
1532
4323
815
7071
6380
4018
7764
804
540
4758
2461
7339
1257
505
1940
6102
5729
659
4557
6410
2320
3098
1273
4094
7975
6758
2346
5861
12
3009
4138
3947
104
4995
2282
3879
2583
6395
3015
2439
6932
7942
2950
7143
6868
3223
2831
5437
4567
2672
1512
8100
5261
2104
1557
5066
1007
4594
164
7107
7215
5153
4050
2241
1718
5043
3517
2242
8181
1714
1271
2288
1493
1814
288
2002
7584
4662
8175
3023
8084
4619
2035
4081
5423
7639
4894
3292
3612
2549
6365
4547
2715
7735
4510
3558
894
570
191
4123
5625
5465
7539
4228
5990
538
2596
778
8075
842
6876
7991
2129
3804
7746
1152
7769
6304
4433
3555
8134
3592
5849
518
5796
5739
386
4383
5150
6813
5941
2882
2211
1400
3106
5039
1857
6342
7072
7240
6263
1895
5524
3131
2747
988
6672
900
3968
418
2433
4147
4054
1224
2543
665
8184
2355
2332
4874
2343
646
2725
4847
2903
2861
634
1540
5900
5797
4595
2485
3039
2621
3590
502
4176
1207
2015
5
5787
6806
8027
2450
5756
6542
6087
5470
1741
2652
5458
3427
3514
2106
5704
5460
5476
5103
955
377
5693
6754
7103
7610
7699
4777
4257
4153
7707
1977
4220
5308
5367
1413
429
741
3935
3712
5933
4174
3229
1585
5764
5223
4051
4493
6757
4585
6351
564
421
431
1431
4664
1075
4884
6311
7332
4084
6454
238
492
3212
92
6509
7828
6331
3101
3004
7958
5378
7404
1651
5841
7064
3182
5681
6359
4678
4655
7729
2880
3267
6812
4495
7239
5232
5719
7889
315
2921
2478
2494
1046
1564
7265
5482
4707
1014
6404
5772
7839
1880
3247
6017
1236
2812
7444
3397
3120
499
7694
3389
5009
7066
5477
3707
5784
6814
6762
7899
5475
3881
2709
4628
3431
3687
410
1757
8089
616
2
6694
4706
7484
1552
5372
5037
8171
487
5316
1783
5597
7000
2007
2540
6384
3334
736
5400
6656
2012
3379
7323
5401
7155
6080
4751
1628
5869
7524
5731
2154
6356
4519
375
1893
7109
5633
989
4251
1330
6511
1016
6658
7425
5356
3405
3668
870
5370
4258
4402
1226
5833
3532
4075
3748
3904
4486
4329
4524
4217
3894
2847
2935
4915
2681
8025
7002
4291
5519
2487
974
5637
5614
2927
6877
2228
615
1717
4028
8189
1756
2584
4823
3489
6318
5007
3309
5373
1096
1259
7299
3100
7346
2545
7416
4626
822
2651
6807
2489
2639
2942
3296
4580
2828
4212
2623
3192
7503
7345
7608
560
677
7461
6437
7028
3149
617
5773
1335
2886
7747
2837
2990
4109
84
7633
4249
5968
8101
924
4592
5713
349
871
1746
4616
2802
8172
854
8030
5730
4239
3692
4605
4414
7525
5766
3825
3304
1747
7940
3045
4952
2965
6498
1863
5655
6997
5500
4842
7843
2560
2698
6013
246
1159
5389
699
1640
5265
4130
792
5122
1548
3699
7621
8091
2960
3216
4572
6164
1882
378
1174
3341
3143
2997
7609
7864
6956
1189
1822
3939
2612
3552
3669
2585
3857
4465
959
314
332
2878
1281
