5748
7278
258
4416
1788
7809
3709
3507
6009
4457
402
5351
6795
3243
2967
4089
4119
5899
6541
2071
1687
1257
5779
2937
118
1283
5721
7310
4370
6104
3460
715
2765
3069
5337
46
1925
560
3768
7514
1448
510
3944
7011
4841
1247
5706
524
1532
6462
4264
3654
6613
7286
6990
411
6455
7604
780
4389
3674
4726
3827
5086
8144
7566
1077
5078
4027
7115
7815
431
6870
3647
796
588
5642
1341
7686
7419
1180
1381
498
7595
6446
1439
1281
3135
3534
720
779
5654
4696
5853
4486
3764
5304
6534
4214
5814
5959
5261
2432
6915
124
1345
1154
5946
1279
1895
5648
2495
1846
2876
5326
7894
6964
2002
2629
1145
5679
478
774
458
87
2293
3905
7078
5240
1984
7553
3637
4234
6304
1059
2000
7811
6531
7095
1849
6074
2067
704
2119
2535
4007
7090
4669
1094
8006
5199
5070
5887
3720
6689
7818
4571
1048
2589
2087
5251
3473
23
7502
6847
235
5312
2899
3833
4755
1350
3424
39
4839
1018
6270
7783
7574
1655
3435
2064
6864
1735
5007
7432
6544
1499
3197
6751
2338
6440
2
7675
5754
7256
3616
2468
7730
4825
3626
6919
1385
1592
7465
5444
3497
5227
3640
2039
7968
5384
8026
6435
1674
7736
4505
1268
1799
7796
2804
749
5982
4490
5573
6828
7748
3327
4734
7436
2908
7468
5013
2437
2803
3379
1434
3867
2273
1186
3838
1539
7099
6676
7133
990
5606
5161
4762
1425
2460
6579
221
3730
3595
5738
4263
2853
1118
7204
8054
329
2663
3018
1744
1880
7479
8186
1747
5196
6744
7182
148
7632
6623
6507
6126
383
2234
6038
7438
2015
4898
5751
3298
4647
4082
2244
5187
2326
1170
6914
604
6788
3792
4481
7103
2014
6353
6692
5841
4463
5844
6832
4003
5193
7882
4373
7641
7363
906
1468
6396
2471
7620
5394
916
345
667
4383
703
1062
6878
6229
228
3272
5697
2541
149
6071
7076
1861
1580
74
5434
2299
7965
6680
3218
1792
5388
1688
1632
4944
7522
1050
1930
6201
3969
4241
4909
2032
4921
4910
5995
4722
6374
6247
6884
3987
3624
1491
5992
3574
5405
4160
2334
6661
581
4336
2526
3884
2242
4134
4434
2627
5520
5314
6715
4508
5934
2258
4075
1977
4874
1738
405
2695
6351
7092
1351
4555
4627
6308
4562
760
6254
7160
5980
4873
4867
1138
7761
818
7354
5861
3357
5700
346
1551
603
3968
6790
4273
7079
1683
5595
6377
1060
7791
6804
1749
1144
905
791
3072
6276
5391
7828
5144
1400
7423
776
4026
3819
4953
4615
4167
4748
2319
6999
8071
5764
1471
3102
6389
2560
5107
3203
5603
2312
5017
601
2955
6587
7345
1483
2872
6011
3392
7776
5938
6889
5961
2594
5339
7717
1777
2757
5221
3263
4602
1492
5793
5515
1181
7302
3307
7852
5546
4321
5508
3665
8076
3280
427
5185
2737
2987
4570
1436
2149
6438
5753
2054
5411
7089
2713
1847
7630
3615
2074
4705
2734
8059
3560
1943
4585
7801
6343
7904
7288
5592
7933
4059
6601
4235
7330
4405
3680
2986
8123
3030
3752
3415
679
4632
236
557
209
7779
2333
622
89
6944
4425
7448
6487
2794
6945
5149
719
284
1367
7969
4861
526
1159
3697
6700
1941
2406
3568
5029
6674
4142
5553
3013
806
6456
6478
915
4319
1142
3094
41
4357
6470
5110
7214
7165
5089
761
688
4646
5466
3443
1716
3809
6394
1566
6940
8013
1806
6567
1019
1567
4349
251
7257
2068
6039
2397
6460
5236
3090
1731
576
4964
307
3104
6771
872
7305
6300
1457
2304
7646
4111
1046
2588
7723
1329
3148
1783
944
8139
7022
2196
3354
3658
6210
977
3179
4073
4031
7487
8016
2235
1690
1489
2162
5459
6482
2830
4300
5290
4308
7117
2659
790
5885
4333
7023
3514
6976
1223
3981
5519
6088
5884
5971
7552
3189
341
7270
8010
7340
4368
5266
7926
6338
3900
2720
6252
6615
7020
1855
4388
1867
4824
4860
1625
7536
1753
7986
6153
6658
5112
2635
6660
2774
5446
4943
2657
7486
12
7012
1008
439
4096
7260
536
4491
1398
2724
1808
907
3419
6166
7402
4116
7569
8057
4638
1843
642
2788
5950
6758
437
6003
7376
2512
3113
4817
3174
1378
6728
2591
7229
3333
1418
7261
7226
2674
7530
4185
7999
5069
4101
6525
6675
6099
2347
3234
270
738
3891
537
531
3217
4512
5182
1691
4387
2027
7548
6269
7862
6502
3235
2886
5781
4098
401
1692
7358
5313
2028
2750
2463
4729
7797
5435
1149
6204
7893
4912
495
2282
1733
1701
5819
3791
1121
6750
4758
963
5823
4658
4181
3172
1708
3058
3829
3611
16
7215
6654
832
7603
2348
2854
2085
1989
7788
7951
1469
397
4993
2466
3442
4229
5475
6834
223
7314
727
7671
3544
4954
4892
5179
8041
1
5156
3784
4114
6943
2297
7010
658
330
7751
1394
7241
2427
4002
2102
349
2442
5666
3694
7596
2596
2464
7221
3979
4840
2943
4247
3340
1999
4317
606
3594
2632
5805
1442
281
682
7047
892
1124
2412
8001
5572
519
849
2996
1966
6486
1640
8100
5368
1827
4900
305
5502
2046
3511
1882
5081
7916
7998
2143
335
1238
7666
6683
5613
7659
6086
7869
5458
3779
2574
3380
5288
4713
797
7253
1476
951
7586
493
7086
1881
5817
5158
8007
6777
1405
3770
5672
7069
6499
6340
3802
5260
5680
2968
7669
4421
2575
3479
1392
624
5414
2518
6698
5425
7029
96
3323
6035
1648
5336
4301
6230
1316
3897
4631
4171
2926
7040
6111
318
7406
2778
8044
2378
4992
3109
7629
1507
2496
184
7409
2367
4382
2194
6953
4105
1055
7513
4848
2528
6994
2684
7075
2711
5370
6301
5904
6072
7795
5766
3708
2825
8169
5702
7701
3659
205
6164
2522
3552
1071
2835
2009
1463
4001
6439
2504
1998
382
4427
6533
7716
2384
1850
7743
7949
2706
4146
3852
2321
6341
7906
240
83
1811
2288
5278
1347
5532
1458
768
1512
5570
7349
2883
2543
5550
1027
3963
4125
3228
1541
4657
2550
1016
2192
7526
2341
2928
4575
4718
4097
1586
3682
6268
4183
3257
5587
2586
6325
6429
7242
7462
5347
7880
4918
5879
4564
6454
187
1585
7612
2300
5173
2500
7941
4650
3408
5565
7403
2831
176
6227
3448
3265
2457
4864
8188
7331
1103
5833
4879
4223
6814
7273
5589
2576
6068
6803
6280
838
7240
5704
3778
841
6417
7319
2525
4582
6141
5247
8161
3744
1184
2154
2999
4703
381
375
6244
6836
3017
3675
6907
6172
1815
2609
2267
5657
3676
586
3252
394
6136
7535
691
7778
1773
4906
4784
5137
548
2606
2827
4888
1944
472
1444
4426
7508
6868
5716
5392
2449
4052
591
8133
1313
4530
4621
1357
2811
7412
7952
4863
6119
6245
6666
8159
2088
3175
5099
5115
6882
2654
436
2796
2433
6510
3926
864
6802
788
6235
7146
2001
7393
6513
4845
3384
6026
1718
2523
4520
1844
210
1113
5244
668
2077
7244
4798
4166
3240
3786
6645
72
1653
2726
8165
1208
3876
4733
4556
441
5881
710
6621
4608
1343
6409
1626
7299
3983
6967
6442
1459
6266
3837
353
8038
7549
5174
4345
1935
6591
2145
4930
734
2407
6498
6835
486
2979
4590
166
5635
4192
1937
3899
339
8112
4928
6893
150
6180
1096
4946
2308
4191
5400
2718
927
4342
4749
7813
671
595
145
4318
3643
3578
380
821
3519
532
4747
1666
4699
7932
7156
3324
6839
6879
6122
553
7901
5376
3742
811
6609
3750
1043
7365
7213
2592
5756
7210
2648
4017
7715
3075
3389
233
543
4372
7711
1857
2291
4896
6521
7164
3950
2721
6559
440
7738
2851
5063
822
2688
2781
5082
5020
6290
3642
2963
4801
835
1991
1814
6398
752
2135
6225
3603
5120
3620
6897
3528
2546
5447
1295
5916
2402
5923
2513
1748
3070
5445
8162
1932
7989
377
7167
3452
538
8058
5037
5900
217
8056
4289
3623
7467
6052
5293
7841
2345
60
5330
7407
3799
2837
5030
2655
6471
5209
4972
7944
1443
3655
693
6298
1484
1698
1174
5880
3025
6838
5385
3995
882
5918
2325
6885
3360
3229
7372
5201
6799
5682
3862
8176
3893
7619
6382
5711
8020
3904
1544
4385
7660
765
6187
4168
2871
5208
5148
4589
4201
3223
8093
1421
4123
5637
4868
2274
3316
3216
6116
2473
5876
3526
6357
6066
5489
5018
939
1393
2374
4984
3772
2086
7431
1153
2260
4977
932
1798
7009
7430
5286
2262
4414
6331
489
1092
614
3762
2902
8102
3167
2259
8047
1591
3445
3790
4465
2328
3807
7031
918
1826
3806
3537
5280
5794
4410
7124
976
2855
1840
6584
3769
1166
2548
5866
3374
933
2956
5476
6670
1868
6060
365
5271
7293
7072
4093
7700
683
2186
3238
5412
1962
4917
5102
8098
6083
4034
7651
7052
1832
2362
4014
985
5932
1754
5993
4979
1516
5234
4577
6006
2580
3456
938
4381
807
7962
7802
6415
1704
7405
4927
1209
7956
6596
1694
6862
4207
5072
7231
2157
1428
7223
7026
3818
5926
577
2604
2330
4551
4709
6545
7036
914
3041
6631
8184
1794
4725
1301
1289
7728
3515
1136
2995
4376
5953
680
2633
5101
6319
4460
5302
4662
4403
4506
6629
7934
1905
6568
3845
7316
342
3209
1315
1409
7290
5207
7787
5340
2751
3046
5442
7559
4541
1480
2645
65
5170
4053
6781
7218
1324
6592
2434
7212
1550
6428
5051
4151
2672
1195
4272
6159
2978
6955
6107
6652
3985
1293
1594
242
2415
4607
4894
566
400
1336
7937
4945
1504
352
6709
6363
633
6516
2945
5710
3433
6746
3870
2036
2808
1705
468
3386
6517
7533
5551
2982
7315
7570
3305
3598
846
4296
1035
3476
2356
4145
742
2520
2017
2243
3160
4809
2208
6895
130
5964
5430
7635
940
4384
7765
1039
6278
2931
6411
6434
3646
1726
2364
1642
1965
412
4779
4
8132
198
3119
7361
4209
1576
5897
7080
5378
925
7849
17
592
6714
2823
6137
3954
7347
8181
1801
3353
2240
3755
7480
4849
3582
3187
3922
5698
4791
7489
1249
2783
5718
5867
3767
7523
820
7067
4060
1377
3945
2051
4035
3494
6073
4232
1565
2595
1128
7637
4875
8031
6479
4036
3622
6443
5281
1494
913
7107
2175
6332
7318
7746
769
2976
5041
7186
1660
7877
3190
2188
1823
7227
1556
1553
2901
4518
7734
8065
1630
1908
4819
5803
2957
7987
7677
7948
2969
188
7179
3737
4441
265
1869
5163
7346
5461
7367
2729
5079
5617
2561
6165
4482
6957
7803
6496
1888
2104
1009
4535
5106
1440
6792
6239
705
2195
6508
6287
8055
2403
4155
1858
5320
5649
8152
6310
6772
4708
5628
4092
6695
7258
297
1276
5171
59
7074
3703
6877
2060
5665
3108
7289
610
1769
7804
7886
4226
32
7188
1703
2296
5958
1942
3551
3282
4216
1746
1429
3668
879
3047
631
7459
6145
2126
2952
1204
6322
5372
167
5800
6112
7609
5749
5600
6529
5981
4751
2977
5512
8043
4628
5621
2922
3277
2743
4629
306
714
6292
4963
698
6144
574
2059
3503
1408
6899
6302
2491
2536
7105
5147
37
4360
6040
980
5913
3078
2038
2324
2859
6553
7790
4375
2649
6736
2237
3136
276
7583
6894
5454
483
7382
777
2733
159
6379
7176
2245
1359
6033
6433
615
5903
6125
388
621
1120
1298
6604
8124
7946
3938
575
8075
1317
2040
1210
1374
1702
6963
2327
6696
6168
7521
3026
1109
4176
125
3871
7428
2383
3251
8090
3831
2738
8121
1910
1036
4893
18
4568
4279
2941
4355
2815
5588
1736
7959
5719
3471
4400
809
1147
3732
4072
2554
4746
3350
3054
3940
1689
3597
6754
2889
747
674
6240
1982
4250
6146
5178
5329
420
6681
7355
5198
6189
4161
5836
3823
2667
4952
6267
2669
1256
2760
5888
7510
6906
3927
4583
7383
2714
6232
4148
3739
2683
3065
999
2927
2828
3498
21
2049
5640
6561
4104
4266
7915
1665
759
6656
4870
3396
7902
2335
3885
735
5830
7035
425
7254
4539
508
5951
5031
2203
2920
8154
7184
7826
6741
3917
6305
3505
3593
7656
7885
4137
4064
2305
459
3220
3398
487
2389
1097
20
6261
3412
4156
6881
2682
6217
4044
2833
1446
967
4478
1800
1130
1968
1228
1201
2337
6597
7001
3222
6519
5557
7389
8172
1286
5947
6951
3909
7044
1119
7208
7732
7707
4189
3027
7171
2272
5470
4821
660
7183
3848
110
555
5760
4862
3524
1308
3081
2577
4281
5014
2693
8142
6294
6891
3188
3193
5575
3375
3614
4420
3535
3559
1058
1631
180
229
7190
6712
7411
7984
6464
5656
4965
5186
2579
3532
5601
3467
2700
371
7643
5584
7038
1779
7205
953
6876
3463
6987
6346
7950
3492
3645
5128
3283
2440
7056
1503
6690
2061
4008
4153
1813
1000
2752
1607
3691
1456
392
2800
2189
6935
4842
49
4399
1812
186
2215
4519
7474
7172
4776
3974
6474
5222
923
2954
771
7881
6016
7155
511
1838
5683
8182
6640
2393
3023
212
2147
3114
7693
3525
370
901
6849
4069
179
4833
3753
6522
5355
7917
2992
5282
3370
2797
7175
8079
5818
2621
7187
6625
4356
4397
3431
4352
4616
6649
6342
5824
3685
829
2008
8050
4567
2178
2246
6900
5579
1997
7082
3811
3583
1805
2120
1470
7979
637
4344
5504
6465
6852
2824
2148
7237
740
3296
5493
351
1500
3082
269
5975
6980
1758
1597
7872
4536
817
4625
3636
6691
2209
5285
73
428
4236
2915
3334
2314
47
5443
1402
7323
1601
7045
3797
359
2094
6109
6679
7850
1729
2918
434
5970
4243
354
4630
1287
2838
5176
3933
5094
4497
3066
6762
2004
733
7453
3330
4737
5213
6810
5181
2483
7819
3641
2266
2023
2079
6337
5908
1021
2677
4228
3775
1574
3111
2287
7694
4738
6129
1732
1677
3329
1089
4328
1974
5045
7747
2519
4767
7300
8004
6445
1420
1675
7207
3949
7692
3920
5333
4472
6734
5722
7883
3322
1211
1750
1252
1206
3488
912
2429
1282
3014
6223
7415
5204
3803
885
582
2041
881
2639
3948
7147
4106
7126
2058
7203
4110
7520
3290
7378
2372
2509
71
4761
1609
2313
3422
2697
4882
910
4981
6390
5224
5999
5023
1455
4679
6787
331
5928
3928
6657
3702
6807
6583
5647
887
5299
4351
3236
6585
8096
3244
3157
6653
4121
2448
6707
2829
389
3672
1388
3698
1382
2971
3726
5712
2744
6333
6797
1074
1028
6226
787
5166
2280
3253
82
1649
7392
1924
1356
3447
3575
7816
135
5464
8147
4656
7769
1266
171
4866
5383
1981
6271
7469
7871
2138
7685
5742
1024
3170
3458
7909
1571
4883
1386
2933
1348
1422
5457
4039
2590
7057
3271
2599
3260
2200
2168
5555
1527
2538
4180
935
2271
850
3689
4020
4665
5211
1577
7541
634
3213
5422
5636
5192
8148
4462
2230
4474
3001
6000
7681
6027
6192
3673
805
3455
4765
4108
1781
7087
4901
6222
300
2082
3125
8051
7030
5131
4323
3656
5150
3116
5028
8143
6926
3621
3085
5772
4135
866
2221
2745
8049
5363
2679
1305
6421
1424
7585
4246
8092
243
320
3461
1639
6209
6586
5837
7831
4933
7062
2202
7016
3363
6650
1865
7770
5365
5331
33
42
3297
3459
2458
1126
203
2161
1297
4477
1245
2355
1562
1323
7807
5241
7454
1099
413
3800
1540
3207
3032
6412
4619
5111
1770
5574
6255
718
4094
798
7654
3007
6599
5641
5359
6938
5183
7173
655
4302
1564
4046
6488
1239
8078
8099
5994
3205
1178
8000
2428
5223
6216
6857
911
3976
7060
4572
6853
6365
7943
3406
3956
2893
2832
4760
3990
5730
5935
319
5869
3087
4396
5021
5646
4417
3632
6476
7143
3939
5985
7504
1903
4637
2253
722
2336
6825
2456
5467
1672
6662
6628
6996
1006
3541
4445
7145
5040
862
1762
7491
5556
5328
530
6822
104
4452
3000
6431
1284
2817
3628
7388
4517
5140
4558
3112
1618
1047
1893
3875
6491
697
6704
4365
2474
6265
1822
2405
3400
7312
3902
6243
3670
3531
6767
4663
1461
4652
2284
7445
521
2276
7898
6731
6962
5228
7128
4812
34
3048
7623
696
275
408
7189
5673
1897
6557
2150
1185
7713
1122
6735
393
4488
1775
1368
98
6339
6888
3005
2069
3638
943
2418
584
3191
7970
3564
6323
4887
1269
1432
2030
1496
6485
3557
3182
2728
1200
6648
5146
6154
6048
5301
2095
4773
6565
3198
1020
7046
4152
5847
3972
2647
6076
8183
6668
4461
7435
7720
7170
1983
5036
858
202
6798
5787
8103
556
6643
4109
155
5792
7942
5501
8025
6138
3962
5250
3880
5933
7600
5431
6986
3131
5393
213
6147
4473
7055
3326
2559
7662
4872
7153
7997
3395
6749
1143
8146
303
4655
3405
6706
6911
7858
7890
7333
3882
4430
7793
1946
4206
7993
1157
6248
2153
3539
1568
4790
3879
4140
2789
7181
649
1416
4546
4225
5343
605
6427
4670
3662
5427
3735
4975
3365
3782
1745
2618
6918
91
1771
7649
4049
2598
5808
7873
244
2868
5225
6277
6542
2199
162
2798
909
3049
6451
7025
7653
1611
3859
8070
4914
3906
7706
4063
2725
6682
3610
6518
7763
4380
2970
1837
3200
8189
2510
4783
5136
3759
1909
2730
3780
1873
5044
7757
3009
262
2782
8155
7275
4788
6030
3704
6459
3994
867
7912
997
4850
5143
3606
7739
5492
6875
7364
920
5955
5528
7440
7616
2022
5118
4695
5188
2331
1501
3156
1365
5763
677
2110
1454
2821
5006
7725
3500
2670
7888
6685
686
7821
6532
8023
5253
7424
1152
539
4084
2786
3722
7967
1363
7250
708
6724
432
4055
449
7605
4605
5752
547
1354
4255
6233
3002
1994
721
7279
3506
2810
6840
7589
4523
1619
7964
422
7863
5195
7860
6457
4800
6095
6536
3371
8082
2441
2376
2834
964
7262
4004
871
4339
1064
5720
509
4343
2307
5664
5258
5373
5117
3984
4294
1294
3225
7196
2075
3760
5418
7150
3924
6947
5973
8087
5319
1061
4614
4449
7874
2826
4641
585
1953
1570
2861
2170
6520
3137
6622
6809
3804
1617
3553
7093
7598
5777
3955
7498
781
28
2318
7042
7542
2848
1300
4334
2223
358
2261
6703
7705
7271
4448
1396
2652
4277
1810
7696
6548
4878
5848
673
2454
5364
1767
7342
1603
7391
3402
4514
7572
1464
192
2816
6550
2710
4694
4292
6794
7650
2565
1830
830
1615
5724
8190
893
7973
3338
5773
6190
4533
4926
4852
1171
5524
5688
6449
6321
1474
6102
1927
4844
1123
1900
3165
1740
2265
3756
2881
7529
5559
1229
3161
1680
7579
5416
4889
5804
3793
1828
143
2248
7503
3569
8062
1098
1739
3629
6186
5308
4586
5423
1253
1488
544
599
2414
4023
1311
3816
7420
513
3667
5325
2369
766
4418
5413
2608
7135
8108
3092
6854
6007
5562
4480
4538
3201
6984
3219
2623
1045
1606
3502
7766
4728
7842
3284
8017
6546
8179
6094
2866
1139
3037
2430
5627
1069
2190
6212
3300
1401
5352
1433
8097
2784
6722
4612
5108
758
2914
4838
6472
8046
6556
6949
1508
7550
153
7775
1379
5846
6117
6757
1791
2727
2991
597
7272
514
5133
4130
6844
1906
1451
5356
6776
2712
70
3858
2537
2281
3952
1192
4150
2031
241
1958
2704
5001
5747
2558
623
5910
1531
5875
3110
3766
4304
4503
3872
4253
1650
571
3650
3372
5820
1158
7109
8081
561
6345
92
1355
451
4692
1004
6930
1879
7771
6023
7834
7817
3874
5298
6952
3570
1817
3868
1188
3758
109
7679
5984
1349
8177
6406
7667
6309
2210
4018
8028
572
6182
1407
6150
3612
4419
1971
1333
2801
5509
84
647
6400
5834
3543
8064
7343
1427
5569
4131
2780
7992
3822
2016
3210
4085
3919
6993
6041
3817
3313
2707
1778
1262
7122
7639
466
2805
8136
5344
7007
3293
1985
6395
602
6113
1790
3705
5448
4730
7935
7280
1872
1230
2295
3883
2516
1634
7631
4810
3869
2182
4857
6288
737
7094
1575
3129
8134
22
6494
3980
4552
6058
6572
5826
5725
1996
6551
6641
1220
6554
5439
5309
4584
5003
625
6469
257
1465
690
4377
4959
1552
7733
7360
3663
5055
1292
6576
2958
6509
7219
921
6958
4651
480
7688
2640
1371
1874
6453
534
4720
4269
2285
1986
729
5296
1525
4895
5811
5857
6042
6028
736
4960
117
1511
2772
295
891
6671
5726
5033
476
1212
3481
2098
4716
7157
4820
3517
1911
6902
3736
6386
824
5925
5259
450
7774
2842
848
1114
2129
6296
942
7101
981
6823
975
7645
7463
6620
6805
19
5978
4260
3966
132
7484
2425
833
6175
5906
3416
5658
2719
3239
4442
2879
2929
3771
5689
189
6371
6198
7870
1205
4259
2270
3563
6493
1669
5205
2358
1684
3267
2552
5625
8048
259
3312
4578
6719
2047
3516
969
5083
6506
4058
2944
5791
6354
3095
2268
2988
7008
6616
6961
2628
7731
390
3045
6085
6856
786
4770
1240
8110
8034
4117
1678
6598
5907
5398
1973
529
6320
38
3237
7481
7129
142
2898
3886
5294
6228
6020
2566
845
1892
8131
7896
4643
6224
5380
321
3150
429
4493
7990
2613
7895
700
5892
224
5849
7452
2616
3765
6452
1222
3745
7861
7565
271
6149
5963
994
979
7682
6315
473
5882
4859
2136
3684
810
7404
3264
4258
7925
6045
64
3633
8040
6441
6969
6933
4649
4006
3913
51
3100
1661
7303
4739
4942
3050
4885
1752
5862
4348
3
5438
5547
6134
2515
3754
2840
308
6936
754
5479
3036
7142
316
2867
1546
6642
1033
6738
237
2698
6800
4836
6590
726
2010
1598
7034
5812
4047
1095
4596
6426
6234
1933
5681
2924
5381
3358
3089
5318
6163
2422
2673
7814
992
4986
5292
477
3088
904
4162
4856
4248
1605
2302
1842
105
2419
1146
5586
35
6188
5956
2092
653
2761
6978
1918
1117
1309
5073
1160
7963
3440
5736
609
7750
2993
3996
4957
6313
6627
6328
4439
1658
2642
1304
1947
3154
7551
3171
746
507
280
3039
4929
5709
298
2226
6327
2753
5420
5375
659
1373
5643
4320
961
5864
2769
5714
4691
6070
6350
8145
6184
4057
398
6725
8014
3439
3276
8150
2183
4025
4172
4451
4559
1340
1876
1258
728
1990
2411
7485
5583
3177
1078
6975
4195
757
2584
3573
5324
7224
7687
6133
6361
4011
2320
1083
2391
6901
8174
2125
4968
1536
6821
3533
1995
650
10
3686
7053
4244
3701
3382
7899
2346
2056
6730
3376
645
6752
6634
1264
3921
7576
3567
7327
4143
3321
5235
4182
141
3946
7494
2997
5920
6282
4353
793
5735
1265
3549
5465
877
163
5677
5651
6312
4991
7470
3847
5125
6593
5289
4438
2488
2934
3138
6375
1889
3101
1555
7516
3901
7301
5229
3401
5886
7104
5924
4287
4390
7820
182
6960
1087
6603
2521
3842
4633
7794
4286
2332
4501
6407
5210
6358
1720
6633
2619
5733
4428
2989
1886
3060
666
7335
1169
3364
789
4285
3781
1542
6694
172
4595
7621
4215
374
5270
6558
457
8009
1111
7994
7021
4237
4998
2399
4880
1068
6291
6971
2923
5019
7511
6982
3619
7753
3012
5396
5184
5750
4431
2603
6965
3132
1475
5801
5972
4337
5191
644
4483
3718
7322
25
4466
6473
195
5806
6718
1155
4456
2756
1922
699
7830
6293
4311
5471
5219
29
488
6197
6207
290
3991
629
6181
1612
4239
6378
239
3291
6251
1757
4579
5863
4056
2171
7264
2005
80
4391
2686
7610
2185
732
4604
7591
3630
3466
1621
5890
2709
2813
3019
3967
4309
7054
7017
58
497
6639
88
7148
361
7379
7741
2290
3864
5694
2862
4076
7592
6250
6607
1587
2877
6096
3126
7953
1445
834
4982
4202
6974
4071
1148
1595
3248
4144
5822
2365
3281
3145
1517
567
1190
1399
2622
4753
2746
1232
6630
5692
7418
4786
4676
4240
670
5452
482
4158
8027
3314
2814
7362
5901
5966
1179
2445
4068
1029
5732
3033
1877
5246
855
7410
5675
812
4563
4067
7259
4659
5206
902
5988
3149
4682
7334
287
7398
7755
7670
4683
1711
152
3362
5713
554
8140
6193
6120
5639
1712
5059
995
3073
6817
755
136
43
7341
6983
2903
1391
1515
1972
3846
3581
5902
5469
852
4291
3714
4907
2799
2439
5052
264
1534
2732
4303
2116
7808
1250
2446
4502
3242
2228
471
4487
7368
6022
3427
7139
6064
3724
5419
5197
4976
1545
5180
1802
273
3660
954
5100
4599
423
6401
3470
1939
6860
7152
5499
4710
6842
2114
2144
4485
8015
7194
594
4920
4170
1419
8073
3960
1584
8104
2755
1431
565
6359
45
185
7284
252
5087
1101
4169
2960
4174
2396
1898
7132
3212
1523
3241
1049
2193
899
3881
6932
5327
3299
170
1482
112
580
6578
6708
208
4603
1151
8061
3690
2256
1334
888
317
1841
399
5345
7380
5024
4661
268
362
3501
2524
3733
4524
481
1478
1383
590
5789
1863
2431
5367
1549
6908
7304
113
5991
6347
5965
6295
3268
1088
137
418
6528
1270
5684
5644
7144
1633
1785
676
5277
4312
6574
3710
5799
5113
7396
8039
1449
612
7422
396
4645
1326
4468
3669
4043
2857
5604
7913
2306
4048
1090
6208
7835
7506
1519
4187
4565
5239
4782
366
2568
3729
1602
4447
2895
1697
3487
533
5272
7425
5895
968
2553
840
1486
7838
1203
347
665
8080
2600
5226
4693
338
4087
3751
5739
4525
2275
2174
7112
2759
3055
2792
7545
5708
67
998
5123
5046
7118
767
6846
3308
2400
4338
2741
218
4792
6829
4083
2775
4395
5855
2099
4743
3367
1524
5989
230
4969
3586
406
8187
3529
6998
7447
3608
5686
4837
5300
7799
6632
6299
2687
1963
4997
712
4698
5871
941
2354
1809
7444
4803
1328
639
1579
1833
6713
491
1040
7443
4293
3787
2050
255
5898
1899
1214
7879
4905
2708
438
800
7923
3399
3634
3366
2764
311
5496
874
884
7338
5403
5612
1134
525
2107
5065
857
369
7483
6774
5541
8158
4613
6942
1493
5990
4719
2739
7131
1255
1871
1150
3194
3430
5638
3808
4010
6540
826
1543
5279
711
2544
1104
5549
1936
5316
900
3437
7178
2549
4687
2601
716
5010
2003
443
5759
7971
250
467
6029
917
5605
2894
2507
7475
11
7868
2671
3432
7071
6761
1390
5167
7534
3052
4436
419
523
5590
6366
2380
6213
6610
3688
3826
206
2163
5931
4999
1485
7777
1312
5168
4489
3024
4479
4634
6013
6053
3965
197
5945
4005
200
336
7446
1275
6872
6745
5580
4175
638
8032
6025
1291
1129
4432
8105
7027
4937
5634
5797
7658
7767
4680
8157
246
5937
5004
669
4721
5796
4764
4290
3839
4569
3997
6090
4475
1695
6909
2247
6221
6921
2634
1106
7759
78
3349
6796
7119
2959
1102
3789
4678
3509
770
3285
2167
4531
7336
692
5889
7352
934
8085
583
5056
2936
5252
2124
6515
7854
6697
403
5810
895
6913
3142
5062
7458
3699
7864
7028
3812
6887
6381
764
1140
5433
5952
5503
323
2856
5744
5362
395
479
6017
1949
7317
6950
842
1236
4834
1636
837
6410
3044
445
7978
4074
484
7197
2201
5105
651
7326
619
7232
4464
177
4980
3306
5103
1659
1299
7306
8167
1821
2343
4205
7399
687
1862
6089
97
6686
6669
748
7780
6092
2093
5354
7015
3941
5566
4081
3345
2021
3147
6813
6605
7243
4394
4231
6672
2426
410
7370
103
7590
2843
2699
1645
7674
1487
7269
4347
1793
6818
4995
1622
3561
4970
2506
2106
2216
6128
5127
3795
61
2417
6148
4822
40
6385
4806
1162
2702
7369
4219
1319
5478
2940
5828
6463
3522
2905
1787
2361
160
7018
4581
5802
4186
7265
3836
2469
173
7977
3975
6863
26
6612
7456
5142
989
7921
2233
5377
589
7006
3973
5525
6638
5624
6260
6185
3336
5630
5406
6858
6782
5449
3717
7676
7812
2053
1596
3417
2870
416
5323
452
4492
7903
7168
1614
7332
6199
2084
4978
1635
2779
3309
376
5057
3480
7626
2983
3373
3393
7557
363
333
4668
3311
8120
494
3295
4526
2294
5607
5338
4065
3513
4378
5896
6002
3631
2155
1569
1795
4989
2225
1302
2097
322
4103
3512
3184
7472
3482
2090
5873
7954
7567
3029
6010
5483
4173
4886
8128
1506
7
3571
4284
1013
266
1638
6335
7634
7608
7824
3344
7043
5854
30
5415
101
4644
6647
1243
4865
4971
2882
6555
6892
1845
3493
1724
2048
5949
3693
4038
7307
1352
1514
293
922
4688
1530
6626
6873
6349
5936
2344
3255
421
309
5622
6069
5790
7033
6740
7836
6242
7663
5190
3003
3599
4529
2131
4793
2948
7180
3080
1685
1657
2880
6594
6946
5554
958
5032
8109
6981
7709
3600
3421
6727
5663
7311
6527
2239
5912
138
640
2665
4340
6688
7721
4702
2747
4877
1663
2530
3499
6991
5942
2091
6306
3414
785
6170
6569
6880
7800
4938
1502
5360
518
3596
385
1127
5676
6194
6155
4019
4958
2238
3743
207
2637
6272
7960
4831
1864
7827
1318
2930
260
7517
7291
4717
5852
1538
2172
1980
1776
894
3369
5155
2540
799
4099
1233
5159
1015
4280
360
1498
8160
4061
7397
7277
4671
2224
2650
502
391
4227
6263
7910
7695
2689
6279
2310
2252
7321
5428
4404
2869
1945
3062
6886
496
1836
7556
407
6614
2408
2998
1975
987
7867
2740
6861
4141
2644
6812
2916
7441
3589
6246
1259
50
181
2387
6399
6716
1654
214
7615
741
2626
3006
1267
1051
6423
4283
2913
6173
6156
1481
2453
6582
6036
7064
2557
4393
6710
3180
7607
2315
8119
5728
7108
2966
2499
2486
5543
4677
3317
387
3059
3999
2564
127
7386
2951
5497
1765
5157
7928
3776
1547
4200
1322
7758
2980
6162
924
3958
6769
1165
2897
7377
2932
6055
4522
274
2482
535
2197
3832
3086
2681
6202
7561
5530
165
4361
8170
5771
4016
7640
2641
3992
2089
7070
13
6753
2012
2763
4159
2571
6806
5409
1834
5350
4325
3151
378
3454
3715
4288
7220
2371
5516
7191
1710
4667
5609
5731
4723
2569
2767
5729
4122
2505
7735
3605
1450
1763
4327
3356
4411
2269
7263
4617
7982
4580
6214
1952
6619
3068
7385
3878
4222
6644
1133
6402
1797
4611
1414
1447
7722
324
5616
4113
6448
3462
3483
107
5322
6927
3706
709
5633
7374
7350
2795
7625
8107
4742
1755
7798
7976
6778
1700
2680
5064
2018
2382
4735
6461
4897
2610
6580
492
3652
8063
1207
890
6475
5092
3943
5249
5921
4138
1796
2118
7577
1728
4597
2498
5480
5217
5390
6012
8069
7083
2117
4636
2974
4711
5311
7655
5460
5255
965
1717
4443
8021
880
3034
6264
3961
4367
6160
3335
4147
2470
1472
4948
3895
3888
4566
5002
1725
5455
6717
4009
929
6702
1988
646
3635
2529
5860
7151
3757
435
4573
4916
3320
2181
3404
3388
6062
5482
7825
503
3508
4890
4374
2605
7098
2043
4884
232
2668
3199
2490
6019
7929
7772
5009
1273
7584
7558
6157
1730
6500
3810
1707
4233
7359
4974
7077
4268
2911
77
1261
3935
5084
4000
7437
3152
248
5145
1453
1430
4990
3325
4115
678
889
1561
7744
5477
175
8149
4193
3339
3523
8067
4422
3554
6543
7684
5291
6447
5121
7875
364
245
7560
7644
3141
739
4362
6655
7158
3385
196
6939
4028
6477
5727
1066
5216
7166
6044
5615
5122
4766
5968
7525
6124
2278
5295
5526
5783
4908
1651
8117
3434
7085
6131
1260
654
5623
2742
2776
6256
3226
384
6831
6851
6968
549
1560
3937
6067
4330
5287
6037
6570
4033
8122
5463
3627
6549
928
4045
4467
527
6014
3911
7206
1435
5401
7136
6034
3352
6678
945
3196
5283
7876
7897
630
3898
372
3602
7601
7988
1375
5490
6783
5132
328
6132
3249
5874
4310
6997
4832
4037
6617
3849
948
2607
5591
5976
2130
4322
5016
7003
4078
7308
1848
1582
4133
6450
7931
3932
1993
908
4315
2360
226
4164
6050
4511
7665
3067
1497
4424
4745
4453
4249
1852
2675
5974
819
216
5567
7375
6110
7647
5034
3403
7266
2852
4013
5135
970
1860
7066
56
2115
7413
4211
626
5421
6505
4042
2462
6912
7789
1306
7309
3383
7945
7130
2593
2563
7200
4967
1067
379
1364
7878
227
1961
6348
1031
6158
2388
1926
3825
7373
7908
7387
2731
7499
1970
444
7395
5495
6093
7856
5707
417
6387
