5785
6778
398
1876
7520
7763
3005
3257
6043
5406
2340
97
2394
3094
4786
2309
7309
946
301
3298
2295
4587
6617
2437
906
2121
1309
6773
7210
6868
55
5118
2546
7623
3406
8020
4307
181
5449
1363
5318
1906
1596
518
4606
4936
850
783
7933
234
7476
1839
1046
1943
4768
2170
1726
1463
4400
6025
3759
2593
5729
696
915
853
5291
141
6616
7221
8144
68
5664
5070
7223
7116
129
4480
2537
6917
3315
4354
7881
1536
3921
7085
7342
4005
5363
2288
1422
7123
8119
2355
634
8101
4740
3654
5904
7876
7225
2126
1503
7443
6228
6729
3190
2446
5189
7298
271
7635
2115
3683
538
2191
5000
3931
218
494
5254
7823
7287
765
3079
8127
2550
6836
1045
597
1827
763
7534
3524
3674
1039
4603
5006
7332
490
7073
6567
3400
2973
661
4195
415
6952
2287
5508
7026
1247
7008
5391
4019
2663
4720
5830
1069
1838
3920
5177
7278
6098
7865
3368
6437
6501
2104
200
3866
738
6814
5473
5758
1416
7005
5926
1656
7297
7425
1692
3213
3322
12
6026
1037
5287
3260
6727
6188
4312
7183
6770
3307
3957
3051
6550
4441
1525
3619
3120
4655
5439
5557
6862
1146
5378
1660
6148
2093
2688
3076
537
8113
7532
3310
3180
6450
7438
1618
3743
2628
5781
4446
3441
513
2274
7209
5457
1703
989
713
4331
7827
1139
3926
3234
2622
6460
2664
7639
580
953
147
5837
6608
6250
7088
720
1356
5434
2129
1944
5972
740
118
1354
6334
6544
6658
4609
8090
4255
4495
3614
7661
6531
3919
7821
3482
5788
932
6842
2795
246
5097
1098
3439
7322
418
5715
5445
2843
5394
1502
6382
3054
7566
3955
6523
7850
262
2292
4295
6622
2826
6229
5302
1505
5866
7529
1333
3242
7059
186
1318
4628
6219
6776
4424
7467
758
4108
1465
3814
5292
7620
6039
3153
2969
6459
5142
7308
6442
3248
7099
1366
381
7564
3069
3783
4984
86
3670
2082
6003
4427
651
6122
8149
1582
1866
5182
7847
6532
6576
2218
562
1940
4213
230
7772
351
4116
3520
2343
2771
6343
2000
5063
6152
5202
103
3715
5416
6054
104
6293
5607
4516
1849
2676
3423
3462
5797
1432
2148
6204
5444
7695
2308
1251
6195
639
2297
8027
5214
4095
2486
7147
4501
1413
7436
704
942
1081
691
2525
254
5622
8172
5564
4538
7213
2180
1521
2407
1164
3459
2479
4193
7986
8070
2134
6709
4861
1664
5372
1556
1686
2065
3665
569
7235
4151
7435
201
322
3508
472
6113
7460
5923
6857
7357
4600
7643
649
7701
1106
1792
6247
4004
4862
5256
7785
2018
3478
4145
2629
4922
7427
3411
4150
5009
6687
3174
6632
3526
6377
1647
2748
6557
7752
7380
7051
4266
7197
6639
4392
2160
6645
2208
4879
6484
4197
2397
4349
3601
1054
6356
7911
7102
78
6212
5204
5484
3025
7694
2053
5898
2430
4639
7240
4203
8056
7504
140
1474
6500
7666
7285
941
7885
2732
7658
4057
6400
7081
1121
4014
3314
3598
4961
4881
6466
5907
3188
4247
2232
7817
2987
6474
3782
4753
6746
993
5614
2395
514
1668
4396
193
4340
2721
5863
243
2865
7718
2624
1351
2221
3042
7148
6089
7914
1570
2320
2478
5264
7331
4497
2773
4820
6399
7299
4854
334
6629
2642
1907
3145
2974
5081
6143
2627
3262
5868
5949
4722
2125
1442
982
7384
122
6051
8047
1071
7858
4496
3344
70
6444
3355
6754
2066
6607
3271
1382
3930
2111
1210
6192
1529
553
82
3474
8094
7393
3440
4678
7769
6165
7312
698
6251
3536
2318
359
7828
6822
3084
315
7269
5499
6482
4650
606
309
1301
7398
3805
3902
550
484
5055
389
3572
1470
1978
6084
5476
1563
2459
8125
3237
5937
5914
4594
5288
1057
3988
3001
5156
1297
6093
3673
482
7134
7450
5493
2572
4730
969
3385
6287
910
7044
5062
505
1776
8034
5438
5571
8073
7447
3063
7050
5532
3797
5352
3201
4408
6322
5155
1731
4813
4028
2743
4841
4479
5041
908
8100
7877
3379
1672
7024
2261
408
3925
7394
7930
2656
5252
4366
6249
5743
5858
7417
1683
2857
5192
7533
5834
2497
1450
7204
788
291
6080
67
7466
1850
4910
6096
5747
5629
5428
1110
1974
171
5206
5346
6843
6290
1265
5947
3381
5561
7577
2921
6507
1856
3669
1899
6345
6718
2433
3794
187
4851
3714
2136
6110
4086
7055
4907
5889
600
7686
5232
948
3686
3749
365
4259
1560
5905
2004
6468
1901
3110
3904
5410
7070
7726
6333
8134
3292
7946
2002
2371
2673
2699
2789
352
4279
705
3854
6960
695
1426
1425
4041
1605
5425
7152
4410
223
1409
6905
6652
4630
4013
1168
7259
4634
6481
1663
5951
7776
3428
2393
3765
2289
5432
4325
2933
3359
1622
1050
7207
2502
6368
3226
7593
4344
2469
5979
2866
4381
5270
1073
5350
4796
169
5225
1952
2137
8121
1516
2797
4185
3999
4336
2076
2769
6142
2313
640
1641
4784
1016
6774
1385
6794
4904
6239
417
5208
7651
7801
4954
4456
2985
153
4561
2908
6203
4142
4995
1093
2398
992
2994
3775
4187
331
6240
7887
1803
5671
3662
938
8164
6445
706
1438
3963
5167
3515
1277
4352
6715
5605
7866
5867
2543
3274
3233
1476
3696
7736
7831
897
248
5707
7137
2263
2939
1921
1239
2532
2256
7441
7135
4989
4870
2203
4519
3956
2509
358
2837
5611
5455
891
2597
4414
7789
4228
6220
6644
978
270
442
789
1766
3768
1841
7536
5533
2895
7953
30
840
3361
1747
1076
4769
1195
7245
6374
7951
3618
7326
5478
6099
3175
6058
4350
7626
508
3808
549
2781
4840
6853
7082
1395
6510
4750
303
6242
4787
548
7653
7036
4118
3984
4454
2564
6380
6980
748
4356
3612
2590
4300
7109
5829
2937
3494
5050
3404
423
5661
6863
6898
5382
4117
6609
7894
1811
2504
1614
5197
2462
7395
6390
2582
677
7429
3823
5403
7663
3167
399
420
5823
1349
4741
3538
6052
4085
5541
7319
3739
4373
7191
3067
6543
1635
2636
5002
578
7108
7794
3545
2468
2505
1777
6465
6631
6092
4043
2403
5693
1859
5864
1030
4838
5842
390
1492
1633
1917
4337
4620
3143
1165
50
1480
3878
5708
5353
7473
545
7064
2792
8103
5290
7310
7127
7142
4849
6483
2342
1130
2452
5986
5984
5886
7909
1583
7568
1083
5467
2493
4308
2064
6234
8158
5200
6660
6832
7970
4525
1345
5644
2432
7130
1481
5174
4115
1389
7464
7723
4018
6031
5249
4526
6284
3163
5330
4894
4703
7492
5965
2674
6812
250
5113
5216
3493
6971
99
1853
4941
2239
8067
1158
5709
2563
38
4502
1643
424
2209
1421
2200
2751
5725
5482
1509
5691
2896
4659
2197
7176
1013
3198
1761
458
6813
7231
937
4021
4437
4698
3626
2334
4918
1739
7621
3356
2914
6536
2156
447
6968
6735
3311
5819
8123
5066
3504
258
2091
3130
7037
4734
3891
2157
3964
7174
4283
1390
5025
2080
8155
5888
7419
3816
5127
2877
5774
7222
7811
5007
7998
3694
7864
4771
7968
3969
3324
4351
1566
6552
5023
3933
4445
7124
4615
619
2273
6691
4378
7371
2557
5409
4710
4022
2604
5896
1778
4428
7323
2873
4747
6262
6149
5234
5132
4809
936
5168
2278
3529
2609
3617
4872
1033
6494
148
3319
6896
539
8062
6741
6714
5020
5832
4850
2749
1101
3043
6206
4209
4880
4264
6020
4256
1461
6668
3704
308
2319
5390
4824
733
904
5178
2122
5417
6734
4814
966
6103
2193
1670
506
4966
3012
3375
3384
5634
5869
7934
3081
5364
1508
5940
48
1498
3736
2230
7616
2801
6055
6743
1609
290
3416
6311
1295
2503
4450
6248
4233
5540
838
73
6455
6104
615
4612
1847
7048
2862
7412
39
5054
6364
7021
275
125
7080
51
5636
1133
7303
4724
1148
884
3162
5789
2930
7156
7954
5295
7967
5309
5236
6908
157
130
7633
4128
2128
1874
4726
2056
2695
3905
1532
2229
4158
1058
1316
4888
6235
3392
3395
7344
3112
3611
6657
7863
1336
836
5423
3293
5187
4121
138
1864
4748
7671
6584
5585
7004
6993
1472
1749
5248
940
588
8102
1511
3531
7367
2625
7217
6589
6931
3022
4792
6643
2179
6008
127
8109
56
7632
6634
1364
6254
7920
6534
6521
1892
4436
4684
1047
7095
4596
6362
4453
2779
4076
6562
466
2198
468
5576
6269
552
3537
4200
6959
2935
794
3528
656
2787
498
1288
6449
4238
4503
3876
1475
6911
1948
3767
7679
3481
378
2460
2228
2679
1576
6880
4834
2684
8059
6849
3831
6336
3113
4237
2700
6818
2750
1066
2009
2555
2166
5354
6221
6954
1343
74
3327
3121
3243
3575
5043
579
6155
6895
7335
767
6549
4478
4216
3378
5271
1646
5870
5103
3195
7150
7513
2
7540
2605
7359
3970
6435
491
2242
5778
8001
1369
2554
3702
5191
2512
2227
5626
2696
7354
2829
5138
3336
4273
3588
8186
4853
6404
7757
2567
4785
2147
3447
2765
4485
2791
5930
6009
7233
1469
7463
4924
1862
7112
3803
6402
1964
3166
3557
7825
2390
3227
7432
4294
4779
997
3301
6870
5802
6086
3638
4504
7012
987
7667
6417
3647
5918
2574
1962
7250
3660
5559
6341
1575
5344
4103
7403
3370
2650
1367
4383
1491
5527
6767
1375
179
7884
7786
576
6453
2142
2337
7502
1423
284
2672
219
1851
1155
2063
2553
3358
6279
4140
4607
5787
6894
4737
2033
6764
4524
7145
6920
5695
5525
6936
7392
4148
1267
6749
3279
1019
1249
4435
7011
3585
2929
2678
730
7409
6957
4269
1230
3080
7255
1018
80
5497
717
2051
6697
547
7045
4167
7770
2646
6351
3874
4930
3019
2079
2411
7440
3369
7888
4328
7093
2068
2817
416
4735
3596
452
5627
2216
1946
6516
2226
5526
5087
2964
4846
6091
5215
830
3340
4391
2420
6515
2077
5915
6278
5422
2058
5376
2112
5468
887
2375
5551
6486
7708
7550
632
5641
3983
7475
2006
943
973
5399
7926
869
3444
4143
4938
5012
3941
2382
4893
8051
8087
3950
2315
4315
1991
4624
6030
963
170
4020
1620
5258
2681
870
5481
2275
3997
3250
8107
7370
1216
5502
1715
1640
14
6806
7962
5752
3671
4081
2449
5857
7650
7465
5028
2637
286
7144
2707
7203
7336
3509
6777
343
7187
4759
625
6628
741
5640
5539
5466
6939
3723
5298
6326
4821
4952
6835
7762
1558
2760
7272
1368
6988
3784
6933
7574
379
6159
7985
5319
2435
5852
533
3155
2983
7893
7711
4576
7878
4933
931
457
5673
7993
4622
6413
7415
2515
1932
5548
7090
293
5732
1025
2396
2898
2162
8089
3546
6024
5082
5320
6246
3843
970
815
5053
6987
4742
1662
8060
6272
5977
7774
6183
393
1199
7868
1394
1314
1623
4442
5828
4736
1781
2241
2088
8188
6591
5936
453
443
266
1632
2222
5034
3189
3506
3280
800
4956
7922
5556
829
6174
3256
564
7598
7201
2638
5710
1435
744
1179
5495
5462
105
3495
404
5563
7565
643
7543
5470
559
1822
598
6462
5662
2303
2366
1361
4719
7168
429
7846
2654
4284
4399
8095
1307
3118
4637
4903
5010
5393
6810
4287
5801
2924
189
5183
5069
4968
5824
930
3993
3549
3827
3074
7098
665
5908
5074
3719
3476
4261
3740
858
7503
7606
1835
5983
947
1452
2354
5684
3938
582
435
3807
7585
7573
5659
2440
3725
6651
6845
5734
3600
3445
4499
3103
2722
544
4664
6512
2659
1224
5175
1250
173
7194
136
4960
3335
591
7069
49
3578
163
7386
5492
7406
6237
4629
3951
5794
1840
1023
5059
4537
1610
1226
2720
4100
4767
6698
386
8160
2753
5529
2240
5451
2942
5509
1590
3056
6433
3539
297
759
2820
7717
184
1775
6587
728
5768
804
877
1000
6689
7126
6490
3668
2881
4249
480
6503
6305
3212
999
7987
7792
117
631
5740
776
3
5265
3809
7745
194
1799
4798
885
338
7019
4648
5821
2685
2165
1258
1598
8040
3150
1075
6922
2265
3989
1257
7675
4422
924
2991
1837
7886
7982
7748
6106
5120
5811
2458
786
7525
6804
8075
2336
1919
5349
3288
2772
7132
7949
3316
467
2189
860
4065
6325
2021
4241
3966
6738
2194
7903
7664
6105
3962
2586
2174
1588
5919
722
6329
1169
5385
4288
516
4089
3170
6829
2686
4528
7252
1725
192
7009
407
2365
6303
5884
2718
1149
2523
7260
47
866
3763
4589
2682
3887
2447
5817
384
1667
4220
6037
3532
3144
4232
3924
6075
6796
7992
5703
3179
2135
6732
7759
7052
1581
2335
5602
834
6297
6346
955
6798
5351
6505
280
4635
4159
3973
4532
8
5689
7516
772
4101
617
6082
4744
8152
6232
3187
4224
3721
8130
7453
5297
3776
1115
6929
8045
7562
1594
892
2248
2838
1022
746
2520
864
646
3351
6418
3851
2528
3339
825
5231
5203
1548
6392
6053
1344
2613
6047
477
7518
4912
6011
785
6001
6318
7007
6923
3943
6004
7628
7249
7983
6012
3060
1193
3376
5826
3928
4852
6350
6112
204
2522
1387
7944
3972
2713
2827
3303
2284
831
3639
996
222
6384
2356
528
1669
2603
7990
6102
2087
3422
4507
1328
6901
3409
672
5052
5201
1283
7486
213
3860
529
7151
63
2777
7042
1538
1886
1489
1730
4082
7039
6429
215
6811
7057
5783
1303
4663
2161
1961
6268
3636
2872
3040
5694
3910
6048
3221
3414
6223
350
5604
7719
4982
703
5285
3939
4909
1124
108
5369
7247
8163
5016
2246
4319
1260
7236
7557
3849
2035
1031
6969
5073
1217
4855
6198
4687
1011
4451
951
3699
4694
7107
6094
817
5360
7610
4963
1809
6156
5472
7602
2562
7315
4271
2620
2144
2213
2262
6385
4560
872
635
4029
5938
7133
5742
581
3320
4429
4789
101
1434
8176
4130
6410
5784
260
7768
4303
4555
2948
6779
29
4386
7428
1380
679
4458
7430
1353
7072
847
5878
7597
723
3313
3107
1052
1858
3629
627
6944
1137
93
5929
6125
2071
7138
4080
3134
6815
1163
75
3954
6588
3717
5630
3193
7994
5885
1810
7101
4802
241
1896
6856
8061
1993
3059
2127
5160
616
5086
5483
6595
369
1468
3906
1740
1248
1513
7276
10
486
451
6376
4916
524
5730
6238
7824
4138
7452
956
316
4799
1278
4483
5328
28
313
7514
3555
1537
2327
711
3326
6554
1219
1613
6664
4462
2307
7899
5835
2632
7113
900
1706
6162
1819
3562
3239
2043
4234
2376
7274
3217
5939
6620
8012
119
5593
806
15
3099
6649
445
6316
4643
3312
6899
7627
6615
7873
4292
4955
2074
5970
2762
3981
4857
935
2812
6434
3844
5510
3046
6285
1256
1678
6886
5144
4024
4775
7609
6926
1949
2029
6694
5903
2635
6101
426
4073
2182
5698
5293
2704
4925
5233
6085
5044
6653
6753
4770
6524
3050
98
2810
4168
1619
4646
4380
2098
3594
6424
3093
6088
7268
6636
2548
985
4772
449
3663
5221
6711
6759
4826
3146
726
2428
6337
6769
6191
413
4317
4754
3608
5875
7270
5220
4512
3885
3171
556
1436
2323
1196
4683
6730
8088
5890
6478
7162
2531
567
5700
4633
4517
251
3350
5927
1685
5776
1600
4246
5924
687
4405
4468
2072
8008
3141
4843
5980
6673
883
3789
7538
7206
3886
4066
4686
3558
2185
5397
5133
5065
907
5135
596
3435
2106
5061
8050
2744
4156
3194
5944
507
5655
5963
2591
3410
5699
764
2421
1322
1710
1828
3302
5624
7404
6189
3396
2117
2961
3901
2919
4219
2657
100
4958
2727
5973
7228
3841
939
5667
6485
4070
2015
7509
1242
1496
2786
3858
71
2831
807
3872
7114
3002
3328
7188
2552
3033
6120
3345
1700
4289
4874
6667
5383
1711
6828
2412
7143
527
7418
5496
4109
5954
4126
8019
2243
7603
614
6864
4191
7241
84
5728
4535
7018
1880
4919
1879
6762
6600
1061
2280
1671
2299
4953
1518
683
4291
1129
3090
6331
3678
5228
5145
512
7192
2183
6431
2539
3115
1820
1281
79
2272
3974
5799
7636
3398
2717
1716
1346
2143
4173
8097
7546
5381
1574
7006
1877
459
3656
7158
7901
3442
3181
2870
2868
6002
1519
5902
5775
7495
6897
768
4996
3882
6161
743
5690
797
4376
4632
3417
6388
7601
3589
5999
7715
238
1187
3522
3136
3346
8039
2187
307
6928
4384
5136
312
1162
6230
339
7880
5786
1796
6029
7121
4837
7697
6166
4423
6518
3168
4305
252
1273
124
6827
5387
2116
4712
618
4661
6888
5769
1911
7455
961
1407
6614
1222
7783
903
346
6213
3183
3604
4702
1388
436
4652
6309
7017
1053
4298
3606
1745
7698
207
4104
4805
5825
5746
3842
2286
1555
224
5342
4282
2152
3561
5257
3695
7816
226
585
1200
2464
1812
2361
5300
4875
7936
729
8108
3727
7469
4506
7439
1186
6953
1746
1208
1184
2211
4038
4800
3071
4250
976
7408
7569
1626
2404
5224
6679
7595
6925
4569
1167
1085
2524
7115
3980
61
8066
6313
319
3460
4641
6109
6927
1298
727
1926
6683
1713
3083
6768
7925
4868
4062
4194
6713
2168
4579
779
7202
69
3082
5357
8028
5966
7943
1024
298
3209
8030
7526
6227
4830
6144
1172
6416
348
6892
81
3252
663
950
2445
242
994
6487
670
8165
3354
8106
7304
3216
1430
2438
5750
149
6731
3785
1274
4358
1473
3034
2955
6359
4505
3582
3362
7451
3443
1201
2094
3527
7693
2341
8033
2097
3078
1817
2257
7958
6752
2675
5095
3975
1017
5507
3426
2186
782
2388
1976
3114
653
1221
5569
3748
2291
1591
2511
115
3200
7302
4111
6210
1923
5355
7964
7672
1554
5119
621
5172
7087
2060
3666
2670
1048
3525
2990
6217
1271
633
7592
202
2110
1801
499
7795
110
3172
1659
1041
7916
3123
4006
4296
5718
7140
133
577
5131
6236
7120
8156
2830
344
5373
5711
6178
1347
285
1607
5209
5463
2816
4700
89
1980
5337
3769
4420
7852
264
6061
6458
3586
6017
5443
6423
7505
425
6833
7780
7078
1141
3073
4829
5262
6865
979
4568
2645
7649
1912
2047
2601
3486
4676
3266
7478
4669
1042
7291
7917
4375
34
5477
5897
6710
6415
819
5618
7625
8180
1414
1202
2542
4823
6414
2325
7288
4549
6270
2815
4270
1294
4591
210
4177
1213
5652
7402
928
3677
1487
3186
7375
6539
6072
4999
3165
6669
4831
2409
3105
5738
5560
5
2940
6319
6197
5210
7262
3620
2364
3160
3820
7198
2296
5672
2551
4556
2526
1871
6205
1900
4199
3576
5150
7659
5873
5579
1624
3587
440
6074
6990
72
403
5365
3419
2631
4092
2326
2738
7975
6847
6793
7834
3918
1577
2986
6860
8068
4975
811
6612
7214
2190
5536
2092
6327
3790
2998
960
6035
6619
1637
3595
6056
7448
3049
6921
6675
3491
1520
5570
5816
5064
3246
4891
3008
5027
4844
2905
473
191
6330
5945
6690
5969
3853
6950
1150
3192
2017
6986
7061
3463
7149
6991
111
3777
2374
6719
3987
5244
7301
6107
4542
3132
5313
1386
7912
4332
3835
658
6940
6823
6964
3305
3348
6129
3268
7665
1869
5049
128
2455
3159
572
2960
2768
6642
673
3251
6296
3061
4572
604
5534
5348
8151
4627
1122
7461
2249
2264
3140
753
329
7271
685
4077
3657
4810
44
3353
2073
325
6411
1326
2619
4795
4491
3713
5987
3020
3413
4649
1415
6018
1240
5198
6439
5590
2904
575
3833
4166
2167
7684
1471
3764
6261
1928
6471
7075
6876
6597
4680
4616
5239
4681
7973
5513
3470
775
1599
558
1552
7416
773
6838
1936
5545
6073
2585
6136
7524
5205
3086
933
460
856
2784
5441
6083
1082
1561
4055
7234
3055
5407
605
1206
3085
1682
1102
1264
1077
4329
7596
1263
3879
3016
6611
3796
4887
3383
1276
7015
7688
4404
845
4176
7068
1204
6111
7856
1783
276
2747
3815
5844
5726
35
7941
5675
4774
6809
5212
1419
8015
4932
5213
7506
5404
7918
434
1003
6335
5524
1138
971
2415
5601
6163
8183
7189
3238
2617
1134
6208
6943
5056
7640
3718
5149
3865
2471
3907
3836
1815
4360
8140
3066
851
3744
2482
5665
1830
5140
2926
3573
5894
6560
7258
4112
3512
1631
1049
3219
2894
4536
2030
5454
3825
2560
1153
3772
1527
2101
7738
6023
5343
4464
8168
3592
2260
7947
6684
5402
5222
926
13
7153
7119
589
2912
5692
6081
396
3451
3117
4215
4184
2643
4253
5701
8006
2473
3840
7622
7652
6970
4889
5246
7169
6982
5582
7193
5704
4421
7491
3468
2470
6260
1714
4766
321
610
4946
4030
7508
1131
6526
4558
3024
952
998
167
5083
2467
1723
6893
7490
2918
718
3031
3158
4997
5643
176
4752
240
5100
3590
1191
2711
421
5448
749
1769
5173
2037
5485
1920
4240
7999
1040
7803
3214
5759
6680
1136
5229
53
7815
3065
7341
4492
710
4708
3565
2020
7034
6044
3875
8178
1399
5058
2410
3923
1154
5846
8016
5071
4618
554
2693
2367
4964
7500
1072
2484
1989
3609
3658
7969
5375
5542
3017
2943
2090
6772
2475
3779
2692
1116
3255
990
2332
2833
7494
5912
2316
3922
1241
5250
6848
4991
3834
7483
968
5426
3791
6840
5486
45
6590
2472
3318
6065
7454
6951
6656
6670
7040
4947
6361
7890
2634
152
4728
4489
2669
1702
4896
1975
1342
5573
1654
3450
402
1533
4342
1674
3077
3497
7754
6756
3945
4812
4318
6068
5992
7721
3007
3108
2739
2401
6267
4977
1630
3761
3832
3048
2888
1795
5471
7874
500
6760
1565
736
839
3958
3867
4189
7813
3004
278
6799
123
2667
4692
1401
2238
1055
1530
4962
2903
714
8083
441
4443
3755
5737
6412
4994
1420
4725
1064
1987
6366
7923
4023
3139
1947
5706
7775
5648
7515
4226
3229
6032
4037
5577
2130
4923
3900
7670
7014
522
6537
7118
360
375
113
7837
4581
4957
4950
1567
7699
6707
5085
3331
6225
2031
5143
1243
7184
7725
5841
4540
7053
563
145
1035
7844
64
861
4865
5251
6403
1786
2224
107
4638
1008
5134
2741
7139
4987
6604
724
4527
7580
2993
156
3839
5105
7248
4531
530
2102
5193
5900
3818
4374
1546
2350
2298
3138
3364
6348
4974
630
3996
5456
4230
7591
7031
5808
7458
2641
5447
7212
4521
3752
3295
6357
6100
668
7790
5687
4599
921
8175
6721
5102
5014
4472
5277
2545
3184
4806
287
3173
8082
5598
2967
6475
4417
4003
8111
1967
109
7634
4402
8182
106
5421
4533
7171
6672
1396
4706
1587
2611
7246
721
7498
5057
7401
1842
7071
7771
7266
5366
1773
5474
6575
2705
455
1540
1787
3542
2822
2644
8049
3151
7224
5538
6169
8023
139
2062
648
1545
3649
7185
1813
4178
1958
4314
3511
4738
5401
5765
2806
3296
693
5314
536
4452
2698
7084
2466
2055
6514
4393
1282
2860
2804
3888
4523
3838
7242
8136
2950
6211
5731
4763
3391
3231
525
8139
6443
3053
1499
6352
905
16
6452
6493
7714
7668
2391
7125
7840
1629
1981
4371
1350
4617
3766
131
5599
4733
2070
7896
5696
3407
6057
8093
5619
4188
3330
5741
3567
4243
6821
3746
4970
6907
3857
7379
444
1857
465
5572
1573
3935
4760
2054
1327
5241
709
6750
1490
2276
8124
4691
1930
3070
4042
158
274
7111
5755
959
8071
6858
3496
6196
6542
8171
8154
2290
6266
0
7820
2971
4666
7734
3735
165
1780
1181
4107
7855
4251
6867
5682
1428
4662
410
1324
2968
1
2046
7575
7689
4605
6800
7618
361
6859
88
4258
3277
5181
7740
2304
2219
6457
7286
5856
8122
7499
5036
5092
532
3868
4370
7067
4761
629
2530
3306
2710
5245
373
177
8044
1441
4577
6900
2709
1764
244
2581
24
2780
5760
6984
4554
2244
3884
2363
3641
1905
7381
3480
1445
7074
6302
3259
4592
8024
5018
6064
5128
7590
1284
54
8048
4705
5395
7931
2761
1666
4388
1916
3811
5745
6137
3403
3568
865
4860
1229
9
2701
5379
5325
7296
4027
7062
4701
3185
1779
5901
8080
2329
3446
2925
2215
1120
6255
5139
4828
5171
4058
4566
1320
2358
6393
609
1955
6775
7027
5772
5412
22
599
7060
7356
2038
2285
487
3646
5791
4682
1979
2861
911
4046
8077
1236
2823
2583
557
4939
2095
3203
8078
5299
3672
5550
6511
3278
197
4562
7510
912
2666
7058
340
4716
3903
3581
5669
3098
6118
5853
3977
2578
3418
2658
2992
3013
7449
1788
862
2061
1584
288
7746
5130
1089
6641
4227
1403
1378
5114
1293
6909
7862
981
1448
2687
1439
4731
6015
4804
4379
3998
5392
5506
4885
3570
1742
2533
4565
175
2805
1885
295
2852
2726
5613
2796
492
5989
4718
6179
5398
7555
3507
3241
6522
3934
623
2442
8104
7859
2069
4998
5334
1658
4231
5754
4208
439
6332
228
3283
535
6574
6742
1021
7307
6007
4236
7314
1755
5818
5946
5993
747
6480
5289
7275
2204
2013
8058
5767
7849
5101
2176
1424
3602
5580
4979
7766
1352
7870
6339
195
5522
6190
3566
4154
689
5967
3269
4544
2207
1821
1825
6119
2014
4509
5159
60
8135
6783
1908
6338
6875
1925
4934
3864
6509
2426
8036
6582
3397
495
4723
1750
7589
1397
6788
8037
4654
6548
1482
5301
1698
3517
2302
4245
682
5414
3372
867
2724
832
2956
4263
2495
1119
5717
6397
2737
7848
6283
1135
236
4357
3436
7481
4803
957
2809
2245
6176
2839
2109
7750
5649
6164
6288
1679
4051
6569
1893
6315
2549
7940
4781
7690
172
5479
8167
925
965
306
6360
6781
7382
4582
3675
5329
2444
7020
4529
519
299
896
6854
2041
6563
5796
875
6182
4608
6712
3211
6273
7029
793
2754
5779
4986
18
7875
3870
1302
76
5805
7002
7343
5253
2377
1568
144
4000
6353
2386
6685
4201
5440
5433
3929
4827
1704
6724
112
2854
5850
2959
7100
3477
1467
4690
7578
7141
2258
289
2480
3610
7472
3911
8116
6365
3616
6
6723
2845
7613
7764
4604
6945
6782
3730
798
4418
2131
3513
7239
4050
454
4059
6276
4928
6663
6540
5913
4711
2984
1235
4302
2330
2489
1782
6067
4409
2517
6128
573
8115
5854
1854
5152
4625
7444
7972
1268
6153
1459
2689
7558
2431
2492
1427
8072
1612
6598
332
6463
5308
3706
2665
2086
5874
4704
388
5278
3483
3773
3516
2085
5024
7522
1718
5922
6381
2385
855
6695
3634
7810
3697
7787
5792
4268
4465
1798
3273
7751
1604
1015
4520
3681
3207
1673
7340
3142
6499
2269
586
8052
6095
5722
4262
8110
608
3968
304
4431
3897
2416
3365
41
3388
2911
5017
1789
5612
7317
6696
546
7279
383
4212
7857
590
2568
6949
6292
7691
3863
2691
2419
7724
944
3817
6042
504
7096
4988
8166
1933
7216
6312
3261
7932
7424
3429
4545
3032
2808
2155
7728
5744
7860
85
7306
6802
7155
4001
155
6216
715
255
2003
1237
7928
5815
6771
5164
1144
6874
95
2519
784
4693
986
364
7
1125
7160
5968
8191
6308
543
7329
4917
5810
3729
6172
6430
5751
5380
3424
1005
584
1760
7337
3343
3645
3812
5723
4425
4198
1417
6556
6915
1095
6038
2764
2997
6755
3952
6786
4660
6962
517
6795
3052
6919
3778
637
1246
664
2878
1418
4559
3798
1009
4377
5554
739
7316
394
1132
221
7511
6553
2897
2962
7372
5260
5396
4547
7159
568
8046
90
1381
1335
5048
756
4818
4477
6438
6069
6355
3688
2697
5638
6977
7083
3632
7219
437
3035
3944
6594
1902
2647
7457
4433
561
1873
6885
8063
8025
2266
4398
1032
3829
4945
229
7281
4248
7122
4368
282
6016
2825
2855
6033
2952
2813
7400
6965
2140
1127
5597
4229
3640
5892
6200
2494
4883
4884
2763
5653
1458
4460
7218
6160
3191
3584
310
7980
1615
40
700
4993
1748
1541
3940
3390
7742
4825
594
4869
3281
6904
4571
4297
327
5261
6699
1800
1721
2429
810
4348
3285
2096
6428
227
4160
3457
2842
7117
4717
4470
2978
7680
1157
4054
4481
7822
5843
5956
5084
3889
5279
7190
6570
6625
4665
7854
1735
2267
3466
2075
3224
5276
91
6488
3722
2514
7179
5512
922
1753
7563
2999
2461
5521
3458
4196
4969
5068
1580
6171
8074
5040
3072
4981
7657
1771
980
7043
2600
6533
6193
2370
1214
182
1973
3800
7961
6702
4087
975
5906
121
2255
7205
5045
1844
4369
6529
5688
6041
5170
4096
5950
8142
3642
7908
3485
587
5982
4508
780
5934
1593
4583
1068
3994
5916
603
5975
4033
2506
5498
752
5964
5959
3712
6555
7318
4751
6252
4713
6566
6808
5978
8181
2714
1523
4426
5879
1398
5031
5038
3850
1126
6167
6744
143
859
1931
1994
2418
895
3147
3880
4061
370
2814
2439
6891
8117
3745
2882
3473
2028
3149
5748
4563
1922
6005
5845
7905
4171
2399
3703
4475
7833
2793
2214
7154
1888
1564
2957
2906
146
3684
3297
7647
1684
7488
3026
3408
515
520
3240
1727
2541
5552
1724
3394
3871
5809
7608
4394
4309
5988
5046
4597
5362
2975
6955
4175
6282
2040
5480
199
4985
259
3119
2024
4461
964
3733
4202
6396
3245
1410
7421
5411
5520
2220
2734
7110
4242
3659
3625
3182
4671
7527
3709
5764
6648
3208
5388
3990
8169
168
7692
5680
3087
7352
6157
6545
5123
809
6175
6498
1650
5283
4136
5840
1883
7378
1074
5631
1456
2400
4552
2078
2424
4642
5427
4207
5013
377
4335
1156
4372
328
6063
570
7327
1286
4278
256
3401
5107
4068
7685
688
6214
652
622
1170
1868
6036
3621
362
5958
5186
5990
7049
3548
3693
901
6740
6019
7237
2501
1938
2259
5326
3781
792
2045
5284
2314
5531
4106
92
7720
6295
6256
6271
1737
6791
2840
4983
8031
6592
2708
6571
6140
2268
7227
6027
7161
4035
3366
2177
3758
1717
5616
6841
6610
367
2963
464
7385
8081
6317
6861
150
1466
1440
4072
5855
5827
2770
7290
1166
644
3664
2378
6010
3205
3321
4026
6028
7493
2120
3135
1983
7826
5795
5865
1402
6739
1269
3613
898
4482
7013
1734
3737
6371
5705
2608
5961
3176
5881
837
5925
2589
1393
2725
5079
1279
2408
1699
52
5094
5153
4697
4900
6492
7793
7338
5997
5891
4182
4164
4601
2049
2915
3124
7802
5078
7238
6866
5247
3489
878
5895
6070
2518
7630
2178
6395
4584
6961
1443
7257
5022
6877
4135
4714
3475
7765
2508
5511
392
1161
430
2561
4144
7277
4758
1732
7496
7294
6902
1477
382
4653
1722
8038
6076
6391
3420
2785
7955
269
1084
3389
4141
1100
2889
4590
1109
2746
1995
5413
411
1315
4052
5338
7333
323
217
7554
2050
5458
574
6692
6421
3899
1852
5647
5942
913
4613
6363
4252
7195
183
1234
4382
534
488
4522
6626
7981
4190
5294
2858
2945
4430
7660
1118
1383
3095
8177
2114
1701
7707
2556
4550
841
4856
4067
5995
2123
5674
1708
5639
3156
7741
3653
5650
4127
401
5546
4839
1818
4914
3961
4778
6519
2846
523
3377
3455
4567
876
7353
1547
814
6593
7265
1677
6233
7056
1289
5749
6580
3454
2052
4877
3161
8086
551
5154
7732
342
2757
6372
5303
7366
7423
7978
1687
7950
4225
8129
7838
3734
4647
1642
7929
1038
7731
1754
3689
766
2626
4897
737
7305
657
7584
2972
7497
7747
87
5269
7997
7897
6565
920
7345
5324
1176
2981
4679
6146
5321
958
5917
4749
450
8009
818
8000
4343
2612
1051
7960
3622
4002
7547
6530
3222
7662
602
8150
5553
991
3206
4847
2547
4311
281
3652
2946
5419
6495
4133
3700
4239
3821
6141
3560
7374
7629
3856
1578
6958
2776
7459
2441
4488
1259
7549
2576
4
5676
6209
3756
4060
1497
6528
6935
5515
159
6820
1543
934
778
2630
4448
2607
7300
6745
6678
1060
225
7411
1729
2756
1802
844
1253
4902
843
463
4667
5162
3691
2885
8126
5800
6184
5594
4882
2346
762
1927
3651
1004
3102
2569
4487
7368
8145
5724
3630
7377
1238
4210
4113
2901
5430
2083
368
3363
5374
1696
2465
2488
2362
2891
6222
4153
2321
6561
708
7735
1097
4776
7921
6301
4780
2016
5974
406
2890
7172
1464
3762
2491
3038
2105
4323
914
7434
1262
2579
409
5543
3064
821
6310
7586
2328
2953
2879
1601
2735
6995
3687
6974
4651
7703
5075
