72
5709
7265
1710
7516
763
2594
7298
1392
2537
3418
5473
2636
7312
7544
1595
4703
1340
6027
4236
2161
7585
5463
7032
164
7601
3137
2255
4929
5007
7425
6946
2880
4575
6145
3202
1355
1043
3816
3392
1543
2884
1445
2632
445
1667
2157
7195
5110
3228
7263
660
7345
3013
3029
2754
4092
3516
2095
1898
6500
4532
5261
3216
1116
2016
2685
575
7255
2580
6935
4769
3871
1701
7510
3961
959
3996
1864
157
6583
4223
2857
2734
6703
4167
80
3431
6684
6388
5409
3427
5632
7117
4451
534
611
86
1342
6105
3773
4677
489
4624
4002
2375
2766
1473
700
579
424
4863
6103
5433
5671
3467
3938
2883
6194
6485
6091
7526
6855
3783
6897
2040
8082
8050
6471
6581
3033
3389
5546
7048
1455
4264
2688
5184
4362
7023
494
6944
8057
6520
6898
7610
4604
4403
193
2867
3079
586
6052
3726
1751
8175
1388
2707
6283
7262
3915
1450
5146
3528
4813
6856
917
3401
1524
2947
1956
3035
6810
7389
5634
3711
931
4374
2993
5038
4950
6350
846
7542
3354
7390
99
7066
830
6177
7977
4113
7413
8119
3490
1894
2050
3215
798
1373
4584
76
4412
4951
1743
7680
2920
6698
5936
7417
175
3089
1449
2137
2452
7476
8169
7774
8176
6220
6248
4688
1144
7651
2572
3533
1178
2586
7970
1166
1457
3330
1567
6846
5437
6713
2053
1696
2418
5850
1341
1863
6941
5461
1021
3018
7756
5258
5639
5913
1575
3496
1550
5652
1334
2069
6181
7802
7367
6701
458
405
600
5701
7055
127
2784
7349
6089
2302
6621
2953
4796
7215
8092
5287
6501
909
1839
3957
3993
697
4610
7681
3069
4158
3408
4941
6017
4691
4709
997
1618
4761
3736
4025
6473
948
8089
2560
1753
7362
6410
2797
4470
1488
5928
5452
3186
3138
7511
5992
694
7813
2956
6579
6775
1198
5676
7224
3707
7842
5642
6818
5112
3525
5929
2966
1610
1066
2200
327
1467
2556
4199
5552
6659
3090
3290
1581
451
794
2379
19
11
5202
2044
1222
903
1063
6716
4638
3972
5836
4934
6951
4847
6962
4949
2584
7757
3640
5945
628
1422
3252
4345
2121
318
3621
5391
195
6754
6937
6186
3082
1068
5783
2135
7497
7869
1739
5621
4076
1779
2480
2326
2850
7951
4249
864
2507
4392
3016
2468
8141
3665
231
2207
6993
3641
467
2190
4146
1847
2290
2212
5003
2002
5751
6969
3954
3113
2062
4935
4413
6111
1939
3988
4646
202
7701
651
5978
2712
2283
2402
7111
1226
7736
7307
3991
2751
6943
3210
5073
1652
5675
7012
6973
2665
2346
2116
4393
7638
2680
4601
4743
6340
1119
6845
5203
5857
7065
2717
6338
7946
1279
4978
3461
3199
7583
1399
1833
376
3123
1057
5022
7380
3548
406
1249
3686
4858
2424
4501
1764
5806
5263
5573
7402
2108
7639
5015
2961
3143
3301
2347
3268
3768
4700
7551
1860
4186
6296
2122
1379
1995
3985
3184
5543
3950
5279
7301
4206
2082
6601
8029
3792
4428
2023
2208
2640
4814
3913
6534
2174
970
3493
5531
1586
2759
7667
4996
6539
5272
6835
7235
2483
1136
5140
2415
2034
1092
5934
7618
584
7147
4657
569
2356
7082
4639
5672
4870
7047
3265
6264
2829
2471
121
3239
2676
8131
8117
5186
7626
418
4845
1401
1835
3992
2656
3206
4628
3499
2484
8033
1437
5766
5861
1977
2999
4687
3794
6450
5628
3483
3174
1949
1322
1733
5201
1941
159
5498
1620
4307
3813
328
5276
83
5665
6921
1590
6222
3245
7315
254
3420
380
583
6767
3903
7268
5355
3249
4115
7126
5469
2746
2840
8160
2263
1143
3997
2901
7483
4027
6521
3981
2363
705
7098
6257
4180
6956
3577
398
1072
7160
4531
4185
2998
1439
897
365
7201
643
6972
3067
5442
6058
7889
1046
5815
3832
2882
5013
2625
1247
4724
2033
5734
7220
6325
7010
4728
2226
4219
2438
6619
7369
145
2528
7025
3399
5120
5877
8099
979
4200
3229
8102
110
8006
2193
7546
5064
4107
1746
3360
2779
6134
2328
1574
5173
2662
5680
771
1481
7767
4346
915
3096
7143
1112
8090
4674
5839
7674
3936
5826
8015
5074
7418
590
7364
5142
8023
4247
5635
1536
475
6608
1675
310
1644
2150
6932
2385
7457
6198
438
4363
2557
3519
4920
770
8158
79
5989
6115
464
7776
1059
6458
1899
461
4760
4017
7849
3512
6867
995
7399
5669
6531
6757
2493
1831
2803
2558
4437
3971
4399
6054
838
3579
4388
1617
5200
3370
5486
1920
5556
1266
6366
7461
6369
971
3615
2323
5575
8040
2854
745
4959
4587
6312
3041
7247
7486
3121
5817
7832
1234
7200
1677
203
2533
3720
6719
5088
4665
360
6651
5930
3263
947
4335
7374
4212
4218
6056
6267
1988
1175
423
4546
60
7001
3323
3195
1243
243
676
4398
2944
7688
4716
3889
6985
3906
3271
5456
6817
4795
3241
1742
3677
2573
6737
116
1486
5014
224
2694
2811
3754
4429
5821
7297
2605
1560
3589
4942
2147
2727
1403
7129
8060
2576
7501
7338
800
1191
7299
3422
6800
4506
2593
6252
5891
3036
5572
399
4105
6981
5918
3014
7455
7436
244
3419
6310
2824
3353
1207
1156
6609
3469
6730
2094
603
2695
701
6200
7463
4856
5296
1479
2679
7975
1463
4859
391
885
5873
7058
3899
4516
1405
1097
167
8189
5006
7908
2274
994
5645
5397
112
1300
7827
3066
6678
6665
2986
3598
7892
1649
5916
895
3543
7444
3830
361
416
1332
7714
817
3142
4780
5156
3537
568
1700
738
3683
5390
374
12
1201
6607
6523
288
914
538
3219
5961
2237
6317
6071
6594
7250
2304
2641
1161
264
7395
74
4865
2041
4401
1513
4171
6384
3231
2099
478
6912
2177
6793
2166
6958
6242
1838
6455
936
6395
100
35
5490
7923
2370
5880
3024
1830
4022
4077
6022
8139
1647
6603
339
3742
930
987
2123
1173
7567
3310
1962
1794
2021
6592
6643
1811
3384
519
6470
4834
3037
4070
7711
3008
4407
6849
4746
5026
1361
7761
4755
4087
7620
4502
3583
5618
2393
6612
4102
6044
8156
3350
4654
7826
2615
6329
7437
6872
767
5341
5911
4635
3443
1505
8010
4958
1915
6216
4101
7958
6008
6048
3118
5653
1969
5443
2329
4100
2611
3612
2160
3771
4311
492
138
4135
5594
7988
5744
2179
1564
769
2223
7431
4237
3944
6070
6728
3886
3261
7386
7556
3075
1668
4233
6661
53
1640
2761
704
661
4356
413
5049
2822
1525
6614
858
1471
7189
7191
5034
4095
7207
373
4672
6949
3316
2211
1377
6718
7099
5547
7811
713
7462
275
7332
8178
235
1631
5185
6422
4320
2097
6864
1255
4565
1270
3224
7212
3811
6482
302
6880
7726
5664
6776
920
4548
2441
7042
691
3568
7956
5477
3287
7729
1366
6578
4079
6460
7979
3607
773
1099
6724
5217
6
3339
4570
635
6854
3544
6400
4956
7489
4164
6005
581
447
6781
893
5864
6066
4893
1776
8116
3281
4936
5969
7922
282
437
1217
8118
7694
522
7051
5493
1880
3588
993
4998
1271
7156
1571
5932
4023
2719
4602
2093
2752
4240
474
134
1395
1745
4952
4557
7396
2301
1788
7404
1412
2141
7376
678
3258
535
7185
8170
4589
2770
8017
4231
2569
7666
6886
5558
4535
5920
2768
536
6277
5940
2925
5581
3508
7950
6087
4055
6889
3190
4404
8073
7997
7314
3160
7868
4235
4417
6429
7478
357
6600
7527
1478
7636
7020
7724
6378
7199
66
3806
570
1343
4712
5514
6888
5499
7654
1223
4144
4539
2862
6671
2331
5025
7043
1414
7893
8132
401
3824
2374
3430
2889
4967
2035
6492
755
5384
3799
6208
5912
3097
3606
1454
5942
6606
7322
2910
5223
2091
7989
6507
4333
2927
6572
6076
3425
7388
125
1461
1123
4734
149
6437
5167
2464
1928
6016
966
6590
3920
5534
6688
6966
6064
3351
6060
25
3362
5248
4873
4732
5819
1339
6602
8163
3208
6634
2390
1762
2649
5823
4182
7800
7839
6293
5526
3260
1881
3682
1268
949
7731
1691
732
7340
2467
3798
5753
1666
3808
2521
1213
4561
2595
1444
4541
6540
1261
220
1897
7765
6809
854
2991
2175
6773
5050
6545
4370
7910
3460
4655
2550
3562
933
230
1842
5509
1637
426
7523
459
6617
4786
1958
2716
5625
3559
5755
4912
2220
1866
272
6868
2437
2413
1208
7559
6234
260
8120
5042
6660
7766
1128
7216
7221
6870
5309
6842
6646
1331
7963
796
2518
5588
2516
3614
8058
953
7787
712
4383
1769
1288
3668
1320
4405
8048
1973
943
7243
927
7192
3958
5795
2753
1855
2492
2689
2570
7573
5677
1484
4488
2042
6931
4114
6253
2545
1615
5974
7106
7073
6641
960
1172
5782
815
3080
5141
1862
7095
5021
6041
342
5919
2794
8174
904
4019
7273
5253
27
3867
5872
5269
3211
1823
5924
919
5369
2621
832
6423
4480
5763
4550
6998
6182
6707
7841
177
1812
38
2939
1146
2273
5274
2185
5539
5091
1273
8101
7885
5304
5056
6598
1370
4937
6830
7261
1708
3617
7553
7948
2196
3574
7586
3934
4730
3306
3238
2583
2436
3454
6517
1593
1219
4987
7046
7719
1516
6439
2543
1548
291
2565
4918
1530
6484
2736
4331
2609
4772
2571
890
1326
2225
322
4708
2457
7684
5570
3602
2653
5119
1508
3019
6840
2188
5479
4168
2585
5161
4878
6723
4983
3440
2654
2243
303
366
4826
259
7068
2614
5904
857
2361
3725
7372
4616
1555
7008
6379
1540
3791
4436
582
1285
5310
7500
6472
3480
1096
5148
5241
2049
6605
5641
2446
2509
2496
4515
7049
5080
1202
20
3158
7835
2075
4484
4924
2156
873
6419
7925
6301
5730
3939
1529
4169
1190
7798
1709
7812
7772
8014
1994
3575
887
2338
3545
7656
1357
3560
6907
1947
4729
1964
6002
6082
1572
7554
4273
4543
2807
4201
2473
2317
7603
7178
3415
2574
16
3684
7663
347
1292
2617
5478
7401
2092
2184
5061
5512
1020
730
497
1777
8084
5372
3473
6166
1790
2318
7890
5095
2112
4568
6215
7223
4750
5814
2887
5344
1606
6585
7887
4931
2772
2348
7398
2635
2365
4642
316
7807
237
248
4643
4559
6896
4582
2364
6765
6139
5824
1350
8080
6988
2080
2852
2601
23
6542
5005
1477
6530
7021
5347
4152
5011
1073
6246
5366
7003
479
6444
6226
6084
3540
5833
517
4617
3522
2892
7313
547
7421
2989
1625
6857
668
2788
6394
1658
2935
8051
7274
6640
1650
8106
2083
3288
7327
3869
4899
714
4438
6933
4104
7295
2030
2006
7256
5345
4216
5117
6687
5451
1088
30
4611
7006
2119
5052
6032
759
449
2495
2192
1729
7109
7595
5563
1660
5365
4181
2343
2982
7275
3965
7732
6510
851
4483
5535
2426
4360
4757
1186
723
3509
395
2167
6090
8114
6813
1768
5480
3410
2497
6299
7030
4323
176
78
5018
2997
5629
5914
6832
7144
5264
1074
6113
8109
1961
3774
5631
5933
1441
2003
910
7196
6499
3267
4818
4389
1542
6077
3464
5505
7060
707
6092
3659
3124
5144
5233
7209
7905
944
7763
3928
6331
5722
463
501
5114
4697
3834
7743
7697
7854
2405
7682
263
5541
3255
7941
2366
5731
24
1807
4433
5249
6322
3917
6495
201
5226
7458
6952
3302
3718
1157
7921
351
4552
5923
7866
5714
1673
741
2009
2257
833
652
7097
1215
529
2706
5739
402
3423
1187
7056
111
487
4248
6480
4046
135
1252
7246
2292
2159
1000
1704
460
3781
2011
3173
4714
4305
4811
6104
482
8044
7024
4961
6624
7359
1428
7292
3161
1622
5702
5062
443
3489
7175
2235
3437
1990
3712
1861
4355
2428
4465
2316
6354
4571
4008
1324
3217
6865
2522
7308
1810
7484
5991
6075
3242
5808
2881
3326
6588
3145
7158
7116
7145
1546
2771
5199
4594
5845
4613
4479
1049
1749
3769
3307
108
61
7485
7347
7589
6445
4134
7041
5048
4982
3317
4530
2860
3395
5441
5340
5444
4118
6853
4277
6869
6294
8076
6042
7817
5837
1458
5897
850
3564
4140
87
3762
4864
5982
4272
6669
4614
1194
5921
742
3734
967
3162
1828
801
5967
3465
4670
6117
2623
6772
1918
3814
1987
7748
6427
2670
4059
2757
1137
6430
3739
1935
4381
142
2624
6073
326
208
4656
154
2470
4871
3667
5339
2100
2837
3200
2499
3116
2600
2894
6938
7309
824
6750
518
2106
3221
4074
3355
1635
1761
1257
3439
3429
7405
3526
1775
7534
49
2310
4603
7481
6160
7990
6697
6732
2013
1678
5684
8052
4441
2061
956
4368
6920
6020
7448
1025
2891
5723
5854
1423
3361
3907
3329
7968
2070
5448
2019
2250
8019
97
3955
5719
7050
2079
1738
2265
5508
6611
924
4473
7548
5334
1391
1974
7687
4431
6587
6409
980
174
791
4108
3654
5047
6142
5585
3549
4804
4597
7914
2178
2010
2000
1756
823
3345
3276
6476
2940
270
3664
285
319
559
844
6720
4547
7439
392
2629
648
4686
7159
3411
4994
3424
7628
4454
2173
6244
3475
1411
5058
6061
5326
2587
3084
4056
5059
1795
7740
861
7103
4521
6782
7648
4251
7290
3510
2129
6763
6368
1009
3935
5400
3373
6792
2295
5242
4553
188
5650
4150
4255
6790
2724
2107
2015
7891
5752
1834
5800
1908
6620
544
974
5953
902
7525
5295
5435
3495
7358
1385
866
1
7317
1852
2627
4564
1692
1806
4478
3843
5952
3731
14
6615
6685
1018
3859
740
5616
4035
8024
2303
874
345
1504
992
4125
290
4945
4452
2465
5224
3790
7355
4449
5995
706
3702
3546
7101
6326
162
6555
7675
5197
3844
5610
4227
1931
1027
4145
5523
6616
4514
1195
3817
3750
7879
4894
158
7531
3295
1048
5151
2279
2983
6352
213
6131
1760
4660
2823
2004
6079
4094
7747
1680
6386
2449
3235
8071
6568
4681
2645
4084
1871
3551
123
5286
2926
756
4735
3655
608
7819
7781
918
4148
3031
4230
1037
6710
7883
1561
2022
2020
3764
6924
5888
1882
3692
3835
1289
4372
5228
1098
421
6899
4536
4903
5580
6768
3833
7949
6795
6915
2488
4718
4309
4471
2450
1686
6567
5335
5710
4369
1896
7837
1984
6172
200
1559
2194
3772
2056
7513
5445
6927
5410
2767
5215
6199
6290
3697
6939
6196
7504
102
4868
1364
7379
160
781
7339
4257
1398
5300
539
1065
6333
1509
7382
4406
7277
1526
68
211
1980
6903
2745
3550
5474
4010
2539
1472
4981
320
3180
3294
6577
383
3910
6192
6566
4625
3630
1367
2517
7853
7715
6426
2494
5678
4321
2900
69
5926
8144
6708
1103
6258
2503
7845
4598
3866
6431
1165
2218
2858
5085
3571
7550
6451
6777
3070
2417
3397
7231
5234
7969
4221
4706
1253
4976
3083
5623
5227
6633
7076
1867
5432
3724
3777
7964
1922
5717
317
3039
431
3883
1415
50
8039
1402
6003
8111
710
2101
7920
4378
7549
5394
653
7616
2561
4860
2990
4270
3853
4751
6963
299
5111
5692
1993
1965
1054
506
5426
7861
7245
7287
7937
3226
7716
5438
7818
7139
5696
5708
2700
5699
329
1755
4663
3775
4448
4510
5853
3521
2774
3623
4725
3735
2068
8094
4930
4579
6709
5619
429
3909
1580
7187
5793
5401
4349
2866
1890
688
1930
5576
6438
3635
6411
4627
70
4940
1815
2389
3133
7452
7052
8047
4371
1954
5352
7641
4908
209
7451
1685
1062
2908
8062
5232
3593
4621
3403
2058
2804
2864
1991
7028
408
2830
278
1514
4866
577
3942
4964
7738
3063
6149
5427
3626
4927
5188
8123
3060
4246
4316
5244
5871
4490
5135
7357
848
3613
4132
4990
6514
4788
3457
3895
2832
4702
1132
292
3003
5960
4969
4103
105
4024
4833
7152
2888
5878
5948
6622
1420
7503
7132
6573
4426
6761
6346
4386
4808
1287
6879
6307
7324
3931
3017
3874
246
1390
4622
4618
2319
59
5482
1913
8096
3766
2596
1944
3192
6004
4820
7727
4558
2259
2308
2634
7806
7671
2969
225
4459
2520
4840
4585
3921
3369
5561
7424
6374
312
3685
8136
2933
4149
3918
1857
7745
7692
1167
204
6788
1323
5591
3053
1662
3259
7361
4462
6463
1076
1115
2025
3649
6365
2691
7608
7016
1699
5220
5780
6945
7014
6751
5966
7104
955
1643
4524
6673
4573
1854
4119
8142
7816
1558
2026
7328
56
5072
4420
5060
5881
1841
1084
6144
8181
6589
1235
3597
2912
2490
988
6203
3254
6371
2564
4829
5087
6672
3820
4065
4222
5037
7466
7166
6100
1225
5099
7992
3987
5884
7015
6876
6193
3011
6503
2592
3728
6443
7381
6136
3929
8063
96
4244
2598
8
4127
4513
5420
4955
5693
5988
415
1682
6604
7363
8001
4097
5957
2219
7140
5670
3723
5721
6802
283
4112
4707
3856
508
2809
1380
5972
1309
1238
739
4327
2045
5858
4640
4701
6722
7690
4444
4879
5150
6783
3375
3810
3539
7442
5655
7163
4160
7356
3839
3863
7961
8124
1725
1308
6118
1087
2946
1344
6803
2232
179
6255
7529
1619
1417
1817
217
3503
567
2186
5796
5917
972
5368
1707
324
4765
4875
5789
6432
2873
7643
4892
1269
4979
3402
5809
5346
1893
3619
6919
898
868
6391
5162
1101
1763
251
4440
7541
811
3761
7569
1363
6018
4853
1464
75
6519
3318
3352
5750
4475
232
5496
4034
5816
4615
664
548
8179
7038
7657
1017
2821
3328
5882
5560
1902
2284
1767
711
6303
7081
3620
7580
4715
3188
912
6798
2339
7210
1537
7934
6406
3166
6205
5694
6398
6705
6396
5794
2414
6173
5392
465
6474
1368
3201
6265
6097
7685
806
3836
118
2669
6063
5510
4867
6178
1055
618
4091
2337
7843
7186
2181
5251
2368
3346
6364
7702
3434
7942
2102
6140
3270
1002
3967
6538
379
1996
555
2536
3000
776
130
1827
1771
5137
6342
6825
3666
3732
5017
6491
6505
3102
746
7130
6167
3831
280
4676
2604
5551
1440
7414
5216
2229
916
7771
5471
409
6204
1446
4872
5084
808
6893
7876
2790
899
2773
1599
4669
1584
5414
512
5890
286
2043
2739
4061
6053
2513
8008
5354
4453
5507
261
6197
6741
4921
591
42
7266
2577
5784
7741
4469
3809
5869
4683
7972
2239
4827
6884
146
2967
2027
344
2057
2217
5121
6102
819
670
7612
496
3476
7524
4205
4050
2105
3157
5987
8130
828
2919
2555
4817
2396
54
425
4387
499
5955
4711
4695
8146
7124
7440
1418
5446
5822
2948
5851
5171
7184
6549
7454
1888
5686
708
610
4704
5681
7133
7397
2096
2897
3194
148
5330
550
3892
2153
1079
2353
4430
242
1553
5205
6284
5118
7786
1914
5622
2300
6452
141
7664
5411
554
2109
1256
4495
4822
6013
3952
627
7629
4254
6895
3147
3087
3132
4057
4021
4289
3622
6635
3156
4727
4790
7188
1313
3538
257
5349
1783
592
6655
5268
4338
5094
7085
588
1585
6261
782
1262
2981
1432
5068
7735
456
6288
5285
7913
1905
1315
73
7734
4047
7862
968
869
7753
1703
7999
2327
7737
4275
4262
6839
3611
3088
4165
4073
390
870
2929
6179
4377
5453
2915
381
3552
7447
2461
2442
7653
687
3076
2987
3729
6662
5624
4178
5041
5564
1095
1638
2612
7609
6010
1218
810
7693
1975
725
1447
4719
337
2416
674
298
4268
5605
6356
8162
7751
3055
1750
2916
119
1229
973
1180
6562
5986
7721
5887
104
5947
7311
4063
139
6466
7269
7019
8125
1904
4066
7031
2648
6627
8066
5759
4329
7468
2812
1275
7809
2228
4172
4197
2354
2701
2018
1091
7770
1912
1083
4633
6218
3482
6280
5876
698
2608
2786
2868
7120
1946
2031
4825
1689
747
6807
4567
749
4549
2334
7565
6558
6613
1265
3506
761
8137
636
4423
7509
8186
7040
1507
1531
5046
3414
3120
7836
3094
6947
3951
1945
6191
1246
7588
5764
4620
5757
2455
5092
1716
7723
958
6247
4116
4088
3333
4432
7092
656
5506
1360
4053
1140
4243
6019
2341
3171
3269
1579
5620
7064
43
7385
2816
2271
2828
6871
10
3371
3187
737
3760
976
602
6180
8067
1687
699
7453
500
5212
192
3624
878
3374
7234
6580
6273
682
107
4194
3191
4198
1435
4717
6575
493
2077
6308
3172
7288
4353
3975
3452
6282
7782
3106
7005
6976
2827
6021
3151
4832
1394
6170
4042
3639
7718
5771
5774
1801
5193
6863
6101
7604
6726
3845
5568
3127
847
4678
7833
3662
5553
352
3050
2957
4288
5832
7820
1741
7579
3517
6715
2180
3733
5874
2498
3638
3514
6991
3715
3455
2871
2388
5475
4208
950
4029
4593
3264
3556
6850
2063
4122
1782
748
5467
1060
5239
4494
446
4619
5889
855
2285
5180
48
621
1005
6574
2666
7113
3481
3336
6652
2708
1443
5691
1503
5143
6936
1240
2782
1870
7445
7519
1694
4384
3449
3858
7366
2404
4580
4318
4977
1748
40
7391
6254
3446
6133
3347
3115
6120
4926
189
5906
6039
8078
1705
5689
3462
28
2610
6069
1408
6874
6316
3256
5980
1015
3803
2198
525
1737
1591
2360
4819
2252
64
5484
7078
6034
5767
5638
3233
6377
5170
115
7108
2136
7499
3680
3484
6390
4974
7180
1427
91
7198
6148
5768
3753
886
7254
3882
6979
2952
6797
2738
1693
5262
4789
67
3100
5488
5896
6209
4917
3319
5963
2928
4330
2440
2288
5565
6922
2613
6770
7146
3647
4000
7760
1502
1419
4946
4443
3828
3049
1296
6158
3332
304
2439
5252
1302
4340
1182
3341
5259
8055
7330
1723
3367
6644
6971
4187
4232
6752
6975
5517
2482
7828
4666
1453
1282
503
696
5090
2148
8159
4224
1759
4528
3590
2249
6399
7260
6695
1349
3885
3376
6626
4590
3603
268
516
4685
3383
2628
2081
1805
498
1600
4173
7568
5213
7435
2988
2553
4901
277
7764
3977
4130
1816
7236
7294
1151
6512
3848
6533
3758
765
5174
2113
2597
394
5462
1014
5128
3061
1522
1429
6593
5818
1196
566
6749
3755
5318
4651
2296
3081
3230
6424
6459
6415
2765
6637
484
7796
7285
3491
3107
2213
5542
3948
7122
6477
1979
420
4001
2380
523
3854
7183
1856
7170
388
6747
4606
5277
7507
46
977
3943
3321
856
3983
1200
2333
6404
505
629
8072
1264
4458
7428
6268
3793
2420
671
1697
7912
1220
7083
6791
4694
4551
3600
6287
462
7149
5329
3840
2064
3388
5159
7539
6980
7326
7728
6806
3923
7733
4887
4126
1304
2264
6361
5909
7558
4722
1589
1491
6740
3716
7602
3651
5422
2979
439
4051
2183
4151
957
7306
6828
4523
8190
4668
4771
7945
1127
4188
5267
6925
3893
5166
3068
6758
1051
545
5959
1869
1038
1968
3348
6413
935
4850
1569
859
6135
6694
1358
1430
4985
6067
4880
1147
5781
5097
7136
7960
1957
6561
5404
7863
6221
5298
7660
1665
1041
4916
7794
8166
1035
5153
7577
2469
724
7622
5459
647
1044
335
4554
2236
6487
7162
5008
5562
6059
1260
5328
5208
5016
5336
4435
8053
6334
4450
3827
4071
6504
2819
4896
6428
6866
8187
442
5495
6040
3890
3433
2309
6376
5998
5123
6114
5807
6152
562
7652
1295
989
436
178
2890
4799
6162
1670
7190
8036
7814
7744
4391
4897
7562
55
1396
680
3557
7044
5601
2511
2291
515
476
6599
3086
7896
4906
4626
7419
821
3062
4803
468
5107
6043
7464
3163
5494
6989
2799
169
4300
7228
1732
3778
2847
865
1426
709
1632
1736
1604
7408
2931
2134
412
7493
2500
4379
5331
2203
2750
952
3103
4963
4842
6207
7644
3092
3879
4664
5450
5745
1655
5602
1724
3678
4630
7229
4350
3653
4111
655
7700
820
2272
384
1124
1986
5125
6164
726
6239
1624
5163
5557
1029
1003
2978
2241
510
5132
4673
6407
6353
3386
1598
1727
3315
6324
4117
93
7662
3787
1386
7007
3912
4659
276
5548
2199
6977
3178
5946
7570
6743
1359
2934
7182
4699
757
1952
4862
6820
7789
3922
8086
45
6836
6801
4373
7009
3212
1110
7171
8070
594
5416
2065
1594
448
2352
3887
3608
1483
4476
2182
1613
1780
8013
5357
5311
2170
5116
153
913
845
341
6121
3286
6666
4705
7621
5844
8168
1608
595
3203
3020
1258
3741
3140
7518
888
540
3592
4991
5405
1042
6081
325
6281
4129
7980
5841
881
5609
3385
3365
5646
3159
6812
8177
4503
2204
3740
2221
601
6011
1731
6448
7505
8037
7598
7857
5915
129
985
6882
2546
185
1171
8140
3364
198
809
1330
1122
1231
4815
1921
4217
7521
2335
4566
3225
3689
4632
5834
6405
1008
6212
7280
2201
7860
3478
1570
805
5886
3214
5029
7981
3547
7077
3901
4228
1734
8191
1192
3232
812
470
5981
5004
5418
4220
6914
1459
1545
6753
7780
1077
375
2913
5716
2246
607
4849
1840
5165
3752
780
1770
5965
8151
295
7927
6564
3091
1317
5250
2074
1623
2433
4123
5423
5725
6668
1276
7705
6007
2073
2270
1248
6552
3179
6513
7642
5301
3990
2878
4644
1698
6532
7135
2332
4671
2567
1858
7488
5648
2410
5101
1064
5633
7739
7722
3251
6275
5288
6184
7473
4085
5129
4380
7631
2078
7205
7709
183
8041
5292
1778
1139
1033
6968
2748
2965
2554
3391
33
1820
7053
469
2486
6902
578
4754
6511
1319
8004
7067
6990
5425
5001
223
2705
3576
4177
7917
1193
814
1024
3864
3696
1515
5786
240
5044
1078
7991
6125
6074
7856
6270
7704
2906
1338
8091
2930
8155
3609
6260
3279
5327
3978
8121
7962
5466
2549
7258
7446
7259
2202
8009
5758
3030
2728
2311
1310
466
4770
1094
5574
4280
2146
1298
6238
5603
5658
6760
4596
2922
2909
3001
199
2527
363
4968
1126
3358
4157
7492
5460
1541
3862
3904
6957
3757
2923
313
1188
1612
2992
5364
133
7851
2932
1465
1681
7242
1934
410
5737
2869
4816
3698
6295
6677
4932
117
2508
7214
4409
2810
1792
3518
5765
5100
1241
1630
549
4838
8035
6656
3274
8083
7672
5265
6535
428
6515
3982
3291
3616
3432
4684
937
3553
7696
982
1713
1552
941
4972
2805
4975
2510
481
4434
6169
3282
7578
7788
6219
4782
7300
1942
3786
1976
1138
7329
5214
4773
5189
2834
7575
7614
348
4278
4806
6335
2506
4798
1118
2918
6553
1948
6343
2808
4723
21
7528
3045
504
2032
2350
3247
543
7936
3492
3176
7902
4493
2660
6676
4007
7022
7071
5023
4207
4583
95
1221
4957
2256
2512
593
354
605
1032
6547
2602
2432
7658
1058
3908
7278
1125
3815
5009
2114
1877
7169
6187
7708
7998
8075
5178
1474
877
2659
4496
5522
1470
1227
613
1242
6305
4015
1752
507
1997
8042
5145
7791
6176
2287
922
5236
4486
4366
999
1583
2144
2314
5222
6421
1204
4507
3135
5825
101
2683
5196
483
7167
5078
7882
6434
984
5045
2775
5176
7045
5225
3675
343
6528
923
925
1314
4234
3204
6285
5611
2658
3704
2903
3405
1557
7062
3945
77
2367
3196
5231
4518
799
7974
151
2466
2692
3523
1850
1900
4689
766
2454
1312
5607
3078
1197
8152
1611
6211
1424
675
215
1825
7635
1702
5900
1274
1712
6153
1345
3466
1382
2472
834
430
1917
6478
4139
197
241
6006
6202
3338
1183
8088
7815
7976
2838
5147
6683
7244
6345
4881
6778
7323
565
3046
4857
3628
4560
7600
1452
477
872
793
7193
7134
4385
3426
3136
34
2163
1251
2792
3387
3625
6228
5283
5519
5492
1348
2313
4258
6481
4048
1487
2876
7783
1822
1907
432
4445
7804
5856
3277
3719
6780
6595
3246
3743
6570
4211
1325
5720
393
140
6974
4538
3380
4418
3205
4802
2693
8112
3656
3074
1588
779
3688
5804
2244
2458
5351
6653
8134
5316
2037
4006
331
2755
2138
4696
2036
826
6848
6126
4402
5762
1375
1876
1214
1878
2849
4334
4302
1573
236
5081
4367
5571
2086
5323
4082
6916
2269
6009
5447
3558
7222
2898
3674
6887
843
2588
2142
5299
3101
433
1050
7710
3964
7471
3880
8167
3175
2639
1085
5211
1170
2267
6147
4271
5555
2132
4442
1031
7026
731
5805
5070
5644
3181
3875
6453
8020
7248
4600
5030
2722
853
3372
4375
1336
4279
2476
7168
2674
4267
7271
6565
4821
1747
6861
3167
3541
7884
5207
6494
1404
3580
1824
4731
7933
7412
3730
7762
1456
777
1209
6124
3822
5549
3673
7267
3441
4098
5657
1938
5393
4314
6055
6095
6094
5348
703
2051
615
7179
143
5589
3722
2677
7496
6901
681
4740
6808
6999
5497
5131
5791
5935
6227
1903
894
6546
5518
1578
3
553
5516
4874
6821
3700
6348
1803
5950
1664
2048
6320
334
6489
4031
6550
2294
4954
6372
2117
5503
6457
1809
7572
7100
3409
7831
5892
8043
4282
4325
8122
3532
4692
5195
5315
3946
3584
1105
6960
396
3182
6548
7000
3837
403
1933
2814
1500
2820
1950
7535
1925
3168
258
2725
294
1614
3438
4783
5356
1316
6955
2443
2344
1889
5637
5598
5374
3417
6759
6233
7495
1442
5402
5260
5204
2959
2501
4133
3999
4361
7698
7706
4835
7070
2977
3744
2474
249
2652
8147
2796
6721
2842
4739
6629
3658
733
5712
7713
2644
4512
6744
5168
4995
1566
5899
1184
1130
5457
473
4855
5243
5000
2730
4414
3313
2529
7852
1353
1039
2206
3028
4517
6844
7325
5291
4170
7758
7088
5536
7151
5925
3604
1836
3052
3671
2591
6188
7566
2024
2262
3605
284
1848
2382
4241
3501
4563
4562
4774
8098
6311
774
4156
152
2408
5599
7755
5569
6185
3442
6420
7270
3599
7121
5525
1154
82
5138
4652
7637
2485
5313
256
305
6493
89
6461
3645
5530
1601
4303
6315
4365
7119
1162
1972
3902
7625
5715
3989
7137
5584
1711
300
1329
4261
168
6681
3842
2870
4203
3139
784
7241
6543
1100
7165
3708
665
1674
7522
8128
1495
2568
6654
7279
1959
1955
2893
8138
98
7203
4455
6645
4984
4096
7487
4310
2970
5399
5229
3144
2087
3763
4463
4415
4497
3759
5733
7456
4537
762
1211
2710
625
7915
4018
6692
3877
2851
306
533
3782
330
1923
978
574
4529
171
4439
1460
8188
6702
6289
2973
3095
1498
5350
6235
7284
4591
5827
2322
6155
1661
679
7375
7084
7784
2369
2519
4919
7371
4831
7430
6745
5970
7172
5885
2171
5862
2214
4225
7276
946
685
983
7153
2515
4586
7354
1633
7105
5378
662
4794
4344
5679
7181
6970
6526
5266
3381
4997
253
2448
7543
6014
1577
5971
6249
3471
2542
5028
5436
3289
649
541
1519
2391
6942
6025
4036
44
991
644
7252
8172
2544
7138
4505
7128
3404
1011
368
3770
7924
3363
6269
1627
3646
1648
2960
5290
6926
1259
3676
2115
884
6028
5075
768
6679
212
5749
1131
2149
279
527
3298
5096
585
7384
5149
6357
1030
370
4195
6838
296
271
3065
5735
2769
2699
5660
1651
5831
5109
5999
1528
5527
1872
3152
2191
6816
4904
6554
3303
5521
7506
3804
6127
6236
7930
2164
7779
205
5905
3122
4093
1774
7986
3335
3474
4787
4419
5333
6355
2787
4797
6496
2297
2336
2351
7118
214
5375
5951
5838
892
7460
8154
6306
5395
3610
4259
6524
1093
4358
4060
3966
7983
1597
6174
2802
7881
6483
4080
2419
3578
6794
2618
3500
3359
3962
7370
4190
6738
1347
6383
7112
289
4347
1798
1786
1895
4569
2195
6670
7677
6537
1970
1233
8046
3894
2103
7387
8022
3511
4159
1785
3059
5604
7400
6109
4425
2936
4364
4900
5387
7422
5697
5396
3826
4106
6748
5154
2084
7906
1301
2733
4336
120
1305
751
5582
3527
4226
7508
2392
3947
2487
7335
3494
6997
5417
7475
4631
7952
7393
3237
6051
144
6536
4843
6680
7797
4295
3308
3709
4588
3141
5389
1821
3959
3693
753
2462
7173
3802
626
511
2697
444
7750
1501
1160
1205
2165
3479
4014
8045
5305
4895
1210
3485
5640
5592
7793
5371
6950
3155
938
1434
5707
4155
311
1354
5532
1120
3524
8095
6712
4792
2690
2686
729
7392
4058
2406
2637
813
3891
5802
6292
7938
6000
1321
2524
5748
7592
7383
1551
8077
4980
2258
7563
8065
734
5255
7365
3010
8068
1582
3979
7867
6442
6108
2133
6024
3456
3305
2349
359
2155
6183
5089
5464
4776
2008
377
4284
4250
6263
7593
4351
1089
2941
6784
4142
6190
778
7955
3293
3218
1784
4033
6225
3746
672
7665
2907
3631
