4636
4719
2868
4218
4233
6110
5119
2425
4017
2613
6916
6911
2880
1378
7834
2951
4349
491
1942
2888
6068
4073
7056
3729
4473
3647
1531
7215
5145
6982
5457
125
1433
5930
1969
6351
2576
2770
3834
3788
7504
6931
6836
2945
2091
1985
4603
5387
1238
2657
3418
2886
1986
5792
3572
4884
1553
4467
3487
150
5790
3369
6274
7386
4385
7622
3838
7607
5558
5445
4173
7077
781
7007
4982
7860
6912
3399
6738
7046
581
5105
2114
808
3321
2788
1453
1447
1730
6899
4780
7161
2361
855
6993
2473
5078
2612
3999
5389
6980
6219
3473
6403
6574
6698
4186
1352
2630
6158
896
2728
307
7026
649
5104
3990
7668
3995
1469
6370
7974
1587
5266
5208
1413
5195
2337
5717
2862
3797
4342
2628
6920
7771
3414
3337
3896
4020
2127
6282
6486
8184
3095
2925
782
749
539
3981
96
11
1231
5509
7830
1127
2948
2961
3350
4057
4890
4395
6863
1864
6578
88
4318
3595
2089
3032
1870
7916
7282
4075
6423
1946
4462
287
5899
5687
288
3541
6552
513
4784
6584
5255
7347
7445
6487
5144
8119
5492
1350
8152
250
2086
3805
7638
5555
141
5182
5041
5979
8099
1357
3021
528
8031
688
5459
6464
1806
873
4170
4992
2905
6310
3562
4034
4948
6839
2583
662
4509
6666
5679
7332
800
3818
3352
1066
3662
3736
2407
5947
5643
6873
3290
1940
7605
366
2322
4036
2509
8088
4147
7003
3007
7708
215
5217
7635
3446
7796
3151
8052
6040
1561
2347
4099
5709
8168
1006
7244
789
7232
2274
7418
5789
4951
7581
1789
4426
7614
5446
1795
2681
1623
6248
2221
6092
6879
3239
2431
4681
629
5106
6335
5109
1443
4745
1450
2006
2516
1108
1732
2052
6548
4163
6137
2220
6779
3578
4187
4325
3466
925
4963
647
5
7867
6020
3942
6329
1230
1362
1916
1825
7776
3048
6555
6612
4617
4515
6888
7537
1305
1172
1182
1250
7794
4581
5869
411
5603
6800
2774
1962
3651
3680
3703
2689
592
2894
1091
2558
4983
2340
5824
6326
4650
1161
1671
2594
5403
7106
7317
5057
6553
5291
7092
1082
671
7011
5900
1112
4420
5826
4051
6957
3743
4055
3147
1236
1615
696
1241
8082
2596
8071
309
6194
249
4514
5840
832
1229
5239
5940
5132
4007
6789
5872
3510
5226
2726
5371
7111
6927
445
3090
4204
3907
5589
572
7264
3051
6903
6241
788
4279
4113
1845
1449
6811
1733
733
3389
3327
1185
4355
7939
5836
6643
1113
6577
3620
2320
5258
4380
6684
510
1187
6660
3497
1366
5875
7411
7094
2593
5202
368
7039
5630
360
2511
5693
5115
4501
4372
909
91
2177
5123
3516
5908
1093
1562
3199
2248
7296
3816
6317
474
4440
1678
6167
2217
302
5674
1624
7630
1243
538
2687
223
5809
3357
4296
3748
1549
6041
2854
7049
2301
1339
4042
4496
31
6101
4914
2749
1210
6906
7960
7304
6693
1270
943
1159
2994
1507
7966
1021
3850
3821
2039
7433
1622
5544
5325
1689
5614
2874
4
990
5916
3997
244
499
7131
3684
1556
6649
3810
6972
475
6150
1717
285
6780
81
5714
1336
3474
5738
3281
1901
6741
7485
3086
6805
1679
7996
7717
3039
3586
6597
7307
7479
6010
7262
7073
7933
370
7499
5556
1651
2973
7640
6505
7647
3796
2065
1498
2116
393
1532
4635
818
858
7868
6250
5726
412
63
6162
2226
644
2570
2426
2616
5383
1008
4047
6856
2803
750
99
6963
5221
4352
1734
2877
4397
7970
1818
1998
485
2316
3645
6705
2043
5249
4832
5637
6900
274
5015
5783
606
7284
2795
8034
7618
7594
3567
5333
1849
5518
5355
3397
6542
4595
7500
3663
1205
7040
7089
1757
899
4777
154
2001
1033
4667
2721
2394
293
7098
6580
447
5112
4520
6115
3809
2727
2512
3156
2329
2882
4928
5541
6615
3580
7801
1438
2096
1829
5870
6915
6312
6307
6271
4820
5654
6710
801
617
3909
5248
7148
3859
8096
957
1574
4657
3444
5095
2283
3296
397
1115
3836
1426
2962
7527
7358
5169
3564
7749
6635
6349
578
7393
5402
7400
1843
7718
6324
2550
1649
843
4300
7689
5129
5642
774
7120
3194
6949
4446
195
5931
140
401
893
4714
4590
422
2883
813
7117
1839
2098
5952
2258
2779
3188
4818
7379
3902
7941
852
4224
3146
93
2933
7557
1726
2393
3072
7422
561
5276
2656
4808
4286
7112
5372
3892
7544
5203
4116
626
2115
6356
4307
7219
7175
1760
233
7104
4935
4610
3040
3725
4353
1248
4621
4927
8024
705
7259
5336
675
4106
7990
4846
470
5118
7521
1840
3665
5364
8165
1014
6320
1876
7285
3385
7076
458
4288
6476
2401
3449
441
5240
2852
743
7512
902
3988
6730
2110
6545
2051
5322
632
3716
7335
3150
4135
268
2976
1768
1309
4526
5009
1286
1515
5030
3882
5794
7403
4311
1089
3456
6683
4556
2622
5283
1070
5831
6605
7352
1672
1005
2614
16
6519
2385
5975
8130
6576
4990
1097
5083
7043
4973
1900
6184
2841
3467
7398
1299
1677
2817
4459
123
1751
3302
3403
5358
1787
335
6861
5071
2463
1493
4214
1581
5507
3009
5689
7598
2178
2970
6566
3606
1177
5837
1632
4064
2128
3137
2373
8108
1927
7892
6128
3459
5430
4049
12
4400
2750
1087
4577
7958
2664
5092
8133
7164
8129
7135
6060
3548
4287
2414
5294
2786
3598
257
207
7449
5854
6622
6895
5349
2620
1809
2229
6435
5238
6512
4270
5830
7274
1376
929
7608
7129
2654
6443
5639
7507
4764
6035
1727
7058
999
8169
2789
7653
6570
3507
6672
28
3664
6353
2663
4949
6986
772
716
938
7130
7032
3634
2937
3553
4629
2042
8188
6289
1277
2884
1996
2223
7666
1057
7522
5867
2410
6758
7501
5897
3820
2212
418
5945
5031
5793
5476
7425
6790
1215
907
3780
1088
3501
2745
5412
6025
2891
3287
364
1850
4262
7520
5634
6199
7314
5842
982
7290
4384
6952
6816
2449
6332
6292
2590
7955
493
5707
5436
5045
4003
4391
502
4155
7551
6000
4988
4354
6582
3028
2502
2044
7489
4119
7979
6138
6024
4814
6057
2396
734
7415
3065
7302
1708
3365
5612
1382
3835
5140
3270
7977
158
7770
6830
5388
7781
369
6470
1597
1520
2453
7649
5850
1046
2380
8143
7783
7251
5861
6521
6849
2272
6923
837
7019
7391
4749
4450
1838
6598
6196
1189
1487
7553
710
503
6919
1123
2403
6987
5082
4685
2355
4711
5882
4536
5828
4834
8094
6889
7345
2785
2421
7530
6243
5853
5110
2610
3161
6468
4256
2233
3246
6886
7141
4415
119
1194
385
1756
3496
866
2938
409
1307
6495
1485
7276
2871
1275
6717
3077
5889
6275
1762
1234
4902
4642
6408
2539
171
6459
6188
7564
272
1383
6587
3532
5263
7441
456
7412
43
6231
1780
417
5466
7808
975
8125
3890
4599
1904
403
2230
1723
2428
4861
7510
3740
2145
7311
2372
4179
5440
6050
6180
2235
5708
2388
6288
5798
41
5569
5972
7125
3278
344
5222
1921
5405
4013
2069
7423
7631
4231
2944
4811
6149
2813
4994
6146
3171
6460
6541
6105
2415
7755
5362
2806
767
7341
2865
5131
6787
6159
1022
3521
3717
920
3458
585
7392
1598
4563
6887
7181
2423
2586
6531
308
1865
355
1387
7354
4816
3164
1519
709
8058
8137
7563
655
2333
2285
2544
2335
349
6568
4995
7084
7199
2087
5352
157
7079
4767
5060
1420
6688
2709
3764
7346
6751
6257
2282
4860
202
640
3962
6463
5698
6633
7070
6996
1218
5483
551
5013
7967
7924
3374
52
4435
6507
4961
4804
4597
2206
7050
6482
2203
1813
7378
2375
463
6634
3155
702
7042
3946
1925
3162
5746
2753
5834
728
3312
6945
3596
4810
5598
4855
5734
729
4633
6929
5921
2734
4722
5688
6914
4660
7934
3646
6429
8021
78
2717
7313
2305
1015
3549
1662
484
7513
1862
8159
1980
677
7774
1316
514
4622
431
5285
5525
651
5040
4712
6116
7322
3217
483
6384
6620
5361
3426
3857
3815
90
6152
2578
961
6978
1725
6527
3633
7877
6935
4996
3837
2537
4490
2126
778
1052
1983
5477
6139
2752
6226
1613
5751
8076
1323
1952
1967
4725
3696
4273
7419
3543
4998
7037
2787
748
5546
1688
142
2918
7593
4813
5898
2046
2315
5822
2552
1372
7935
7599
6267
622
8091
8134
6667
7395
7450
4045
1997
7523
3165
7938
6481
144
1441
557
1866
5108
47
1822
7532
108
1369
5799
5334
3573
8147
7229
2706
5303
1583
6763
2313
18
1944
7869
7272
547
7490
1618
5029
983
5175
3692
3387
7257
3183
2105
5199
1765
4189
1264
4237
6380
3330
1481
5715
7994
6097
1069
7592
7692
6843
3495
4402
6823
2432
3300
6451
7306
5111
3034
7950
2662
5754
2278
2677
4378
1938
7432
6436
7217
5927
1566
4876
994
654
7353
5526
333
2853
762
6424
7856
6183
2694
2344
713
5166
7984
7137
4710
6853
6021
4805
5645
5398
6011
1630
3178
2820
6093
3597
7951
5913
6910
7101
6027
820
6736
6652
2265
3916
842
7293
2924
6968
7212
723
5301
7742
3087
3782
707
6014
2999
7160
799
3727
5279
5628
4999
4545
1601
1490
7795
5772
2131
2437
3895
8089
22
2619
5244
2452
2911
5014
4607
2215
3855
4840
6357
4907
5514
1007
1973
7673
5007
6794
7758
1707
6533
6207
7670
4241
77
1953
467
4448
3025
7931
6270
7744
190
2821
1494
6984
5379
4521
6143
8191
3932
6844
323
3534
3653
986
7334
4455
7278
3055
4730
310
3139
1027
1506
7399
2247
914
517
2748
152
3417
5843
4158
5914
5506
1406
8083
2547
2626
5624
541
5678
521
259
535
3522
831
2294
7957
1374
1002
5595
1232
6232
3114
756
5284
4041
4216
3113
4699
3076
337
1639
3500
2492
5668
5673
2638
6354
5204
722
3961
4893
3964
4566
7779
7330
5295
1260
462
3643
2757
2359
2760
5596
1606
3368
7918
1640
635
1907
6141
4358
4331
2298
628
2011
8020
5113
6948
5847
7823
7702
1054
3846
4531
468
281
3906
7965
7865
6571
7628
3121
807
247
1322
2560
5489
3384
2467
5172
3210
5016
1370
7985
7529
2290
6727
4280
8103
4466
7374
2635
4802
1769
1960
5088
3842
6890
2159
3096
1281
346
7987
4478
542
4192
5490
227
6961
2942
3614
4616
4921
6943
1356
2491
2350
7611
6723
3316
5288
1282
4118
4720
6997
7953
2317
6102
3723
5485
1964
7192
3081
2430
2814
4360
5080
5886
4736
4463
5718
7090
2018
1887
6522
5236
8069
2427
8016
7004
1479
7235
7915
2682
2485
2132
407
3205
7366
8098
469
1889
6002
2392
486
7396
4152
1858
5829
2284
6203
1294
7861
5660
4437
4098
3657
4423
891
3619
5253
394
1297
5944
4092
1455
7533
2054
3012
2771
1955
98
5409
2953
989
6244
4492
6607
2568
3592
1958
8067
295
1888
7887
6715
7013
1550
8126
720
5329
8078
297
56
3445
763
4740
361
3437
5524
3652
3807
69
7429
6261
5578
1475
2969
1109
4628
1445
7876
2099
2756
5368
7691
5591
7468
3986
525
4210
6213
1120
2104
1785
4030
5138
5915
579
1691
1620
320
3970
5602
4181
4024
4012
3503
4841
4968
7213
7587
1928
5373
2261
3016
4140
6588
2842
7623
3123
6134
2642
3175
1419
7045
5004
2053
2829
3863
452
2927
5416
4611
3237
4936
6746
2936
2919
7775
4328
7380
1345
5347
4692
935
3469
3322
7363
3045
5582
3952
4608
3650
334
8127
2228
6358
3954
2526
6829
1040
6834
5021
6313
3043
5928
4424
4666
687
5338
2391
882
3313
903
1303
1235
3670
6701
3720
5407
4683
3353
2246
2004
5100
1130
4297
2037
7183
6496
1267
6523
2705
7397
7778
6163
6412
5583
6017
6874
5142
1143
523
815
2688
1528
1135
4038
6113
7658
5846
5211
7473
3318
5382
105
7495
7769
2448
997
4863
1932
8190
488
1198
8174
1631
4427
6855
3225
828
7516
4817
353
3867
912
3100
5086
6840
4962
145
6962
4221
7914
1129
1045
7595
6567
3866
5316
3734
7275
6803
7844
2045
1804
1658
3277
3134
2318
7297
3558
4613
4171
6458
3483
8023
2778
7699
7907
4129
3802
6650
7545
3594
7816
7030
4859
5512
2531
7799
1742
1511
127
54
3625
4800
1110
3931
7891
246
489
3672
1570
1777
1072
7018
3828
7047
872
5841
1948
1704
6812
3687
4787
5032
7428
6514
3401
5493
2680
4533
7944
6087
3074
342
5778
4625
7988
6722
5919
7822
1439
2793
6205
7792
1523
6793
4727
5167
248
2870
193
1668
6417
148
1394
3167
5987
824
6239
898
4101
712
1160
3371
3709
1667
3840
4272
1875
5580
887
4419
213
5188
2176
440
4953
5962
5470
4301
1464
1510
3524
5449
3346
1119
4543
376
2995
679
559
2325
5037
1748
526
5433
270
2022
5755
1414
2465
1116
4900
6526
2251
391
3464
7612
6269
5453
2167
7138
8032
1329
1902
6902
7886
6905
3847
2952
6053
5859
6535
8155
5479
2548
2637
1364
6988
1440
5845
1347
3319
7470
185
2633
2186
520
933
4228
2684
2713
322
4464
1246
2358
6658
5305
4782
4728
4756
4219
3608
7072
4862
5317
3923
194
6323
6346
7028
5513
38
4040
6564
2275
1278
7902
7901
1163
6240
1283
1705
197
877
7710
5666
6773
4058
4157
2796
2659
7472
6828
5486
4553
6140
7239
4574
7300
416
1779
5758
2486
1770
4172
7561
4082
4937
2655
2481
5775
6596
6546
666
2595
2434
7506
3463
2609
345
2678
5093
593
6654
1424
5146
1853
886
7743
7024
7461
1500
4959
1994
289
7404
1626
4340
8132
4799
4609
1266
4547
5130
2559
399
2589
3544
6256
5964
7894
1060
1530
189
199
3394
727
838
543
6637
1107
3488
5114
7709
4825
6382
7511
350
2500
7413
754
3358
5936
2672
6665
708
437
5314
4792
5825
3402
5439
5685
3226
3325
5767
159
3351
1269
6971
919
584
6311
2510
2636
1791
6201
332
797
2506
3689
6797
7835
4942
413
3465
2063
6220
1628
6661
6236
6228
1454
5810
2295
1068
7205
6500
7348
2957
3989
4205
5878
6172
2366
5911
6462
7491
7525
2457
5874
3173
6062
1982
5656
3944
3222
2072
3924
6713
5496
5261
40
184
4489
7838
4883
5254
2747
2048
3347
6264
6474
6398
4535
4655
2190
2561
4268
6331
5862
3714
4001
2946
6933
7695
857
4016
380
2762
3061
6876
2850
7227
5849
235
1810
4332
5932
49
5986
823
6432
2866
2773
1263
7999
5363
1966
7060
2236
1402
2607
1861
3484
5376
3128
6385
2738
714
3697
5343
5750
8176
2166
6755
5369
7726
6814
6107
4154
3956
2180
6624
6725
5757
4851
301
2451
7508
4615
2640
4069
7113
5008
4643
2382
6347
6026
4702
7260
2293
910
2601
889
4410
1903
6532
2895
3823
4193
7973
3694
6114
1174
7731
591
1288
1410
988
6032
4243
2954
2993
2028
2632
7738
3701
6859
5356
7745
3504
7182
7727
3711
3868
5559
602
2551
5206
5573
6524
3345
5312
819
8026
1740
4775
315
2381
827
3392
5781
6506
5510
794
1317
8177
5665
3331
5268
2725
2197
4176
3430
5178
3607
3551
198
4498
2092
2521
676
753
6216
6728
5298
3334
3425
1318
4592
146
5891
7836
5425
2875
6697
5020
2216
6798
7253
3791
2887
2125
1081
530
6967
4388
1059
6956
2123
2545
509
3342
5300
1227
5969
2555
5427
4735
3179
3561
4716
3044
2839
6007
2812
110
6959
4014
3617
5048
6504
6820
5662
7502
1653
2505
7889
162
4689
1937
7081
135
121
790
3011
4282
3247
928
3335
4197
8038
3706
1306
3612
5982
5043
4534
1145
1257
1096
6265
3759
6421
1819
6783
839
4168
4183
4578
4201
3432
4033
204
5818
7085
4145
5450
4324
2108
5503
6766
1209
3109
849
5033
803
6456
549
5367
1463
3015
4043
868
1010
3569
3227
5127
131
6377
2433
1484
7303
6411
6339
5820
8097
35
6181
5081
7067
3677
6872
4612
8158
1326
42
6699
6109
1537
777
3936
4333
3943
7655
2161
3713
1638
4392
1173
392
3329
2740
4754
4724
4758
3707
6022
2195
7221
373
4346
4778
5201
2031
8072
6880
2913
1171
689
7093
576
2699
8002
3035
3177
5762
4414
1681
4123
3026
3008
3749
2254
2804
3905
569
3141
1287
405
4732
1334
3539
8102
704
3062
6155
1834
2801
2879
4019
3390
5710
2926
7556
5725
2249
6617
2982
2963
3792
955
1546
885
5462
683
3110
5390
1327
106
7932
1538
642
201
2256
6551
2140
4432
6080
1899
173
5174
6085
3752
2193
1228
878
3098
2346
7845
7023
1298
6130
5456
1860
5960
2158
7463
3824
5716
3977
2061
3630
7846
4109
5499
5704
7344
4338
4449
4191
6695
7115
4954
6528
1750
3600
26
1380
1342
4943
7497
20
3915
3408
1747
4970
6681
1401
5697
7503
4980
2443
4023
8120
218
3786
2981
3400
6272
7109
6737
3339
1560
6827
6355
7852
7672
2034
5923
7143
4579
3203
7724
1753
3489
2979
5344
3996
4583
6186
74
314
932
1242
2025
3819
1627
2772
1892
5181
2397
7173
2071
3455
7437
3206
6425
4504
4868
163
5552
4796
3918
3870
2307
2408
3626
3166
1816
6031
663
3422
4576
6234
2958
2000
3088
3901
996
5150
971
8178
7870
7421
6327
5868
5042
4739
4632
5677
8087
1589
2523
1529
5543
4142
638
4465
5650
2553
3135
5590
6072
5156
1102
7407
6785
5281
5848
319
4646
2520
6350
7573
4717
7061
2909
5006
1557
7704
3775
5530
8138
6776
3640
1698
5663
3106
4585
7802
949
6309
5224
2222
1239
3378
1133
5788
5164
4693
1395
3191
5225
4095
4552
4565
1680
3256
834
6936
4486
5505
2257
1148
1929
2503
7083
5587
8035
1486
5177
860
2844
400
3966
6917
5597
2466
6501
4865
4969
7819
946
2163
5676
3926
1363
1746
6825
554
178
972
4411
1873
3093
5894
1526
7943
4456
6383
4383
4703
7082
6625
2519
620
7826
7102
3565
6336
4731
5413
128
1451
8114
3428
6452
2352
5085
60
2781
3140
6260
5625
352
347
4967
5069
7890
6489
5380
1585
1788
5903
4250
4824
985
1833
2538
7326
187
2857
4339
8025
1090
5324
167
6081
381
4229
4008
865
3298
1736
1915
4278
7281
7416
1300
2564
4097
5728
7174
3853
2739
3603
1914
6144
977
6928
1103
1325
706
4981
2943
1594
2351
2794
4131
7590
5760
2378
387
2214
3938
5447
2708
6352
6277
1301
3138
6189
3502
8181
1181
1178
6321
427
5073
1142
341
1379
2102
4169
5381
1292
1926
6008
336
2354
4347
3243
740
1117
8086
6627
1065
2268
7126
4439
2643
8063
3613
3099
2835
1796
7088
2058
6610
3261
604
3027
7283
2974
7730
6175
6998
2405
2238
420
5991
169
5988
2573
3017
5653
1101
1038
7784
3328
7643
7059
7616
8027
5856
7580
3848
7880
1432
1898
4037
567
5074
7475
1917
6989
1199
2311
211
7740
4076
5802
7854
3462
7720
7075
7179
1389
6824
7316
7361
7604
817
7451
7211
4206
7791
6651
4604
3272
5035
5337
256
3308
661
5604
8064
7751
1713
3433
5331
3533
1029
4050
1023
7736
3529
1826
1867
7722
6668
2038
1971
7757
7068
7310
2185
1773
1482
2088
4508
238
1216
6964
7189
2078
691
2600
2194
6636
6569
6974
1025
7431
2280
7946
2674
1701
6518
1831
6937
5345
844
3993
3721
7474
5905
39
2171
3771
3658
951
5780
3744
6938
4182
6726
6048
2604
944
4476
1050
4063
2580
6934
2823
2805
631
1571
680
1778
5234
7964
1771
3623
6065
5572
6530
5965
6791
1897
3628
8060
4006
6249
1304
5950
6884
6285
6344
3913
4284
2454
3001
6648
5397
6757
1741
2324
7377
5394
6392
5307
4772
4687
4412
757
2429
2083
2445
3566
7963
4368
6700
7487
779
1599
3172
4491
3873
5091
5635
4060
30
4068
3386
6732
4559
7641
4919
7773
3285
282
4274
7387
7214
4084
7947
7588
6262
455
177
5581
6913
4220
3825
1832
1256
4495
4524
6973
4326
1602
5437
3279
5055
1703
6775
3214
4653
7922
1193
2049
4770
7477
7268
5137
2319
8061
23
1621
1911
7694
3755
5534
4079
3761
8039
5478
276
406
2459
3602
1003
796
7526
2270
3789
695
5290
4124
7025
4672
2935
8136
4345
2165
1208
4637
4903
978
6154
4707
1207
5724
3975
2972
4776
7986
537
1797
7827
2700
3754
3794
5475
1808
6616
2579
2934
4115
1635
7331
5520
2827
4746
1488
7815
8170
3023
1351
911
508
1775
6639
7110
1460
298
1367
2276
725
6170
3724
7266
4715
3218
6227
7206
2698
3176
4453
1568
3783
4856
5461
2900
4303
7855
4093
6862
2014
6210
7034
2649
494
4108
3019
1516
4148
389
2671
2873
7462
1591
1122
6171
4144
5280
3635
3119
2602
4000
1533
5545
8044
7759
574
7256
1812
1709
267
6363
4080
1991
2357
2024
2160
881
5528
3817
3125
7548
5370
2851
1024
633
5823
4313
4234
4393
3479
1879
5267
129
326
7633
1718
3407
960
2661
1993
4304
3546
7968
7373
5077
5575
4668
2476
7236
2113
6999
2639
5883
6646
2826
1611
4209
6230
967
2729
6662
3084
6894
5189
5733
1502
3046
582
3124
6614
3621
5274
3457
1970
1977
7805
3667
3213
3434
6330
4709
3071
660
6752
2073
6604
1878
7678
7063
812
3985
5171
3555
7196
5313
7978
2133
4587
1661
3030
4292
290
3798
79
6868
6169
4634
3075
2368
6106
7370
7261
4096
7459
2308
7031
7899
3149
1152
6454
6379
573
5265
7469
191
841
3910
7223
6606
2493
2910
7198
810
5949
4443
3661
6679
7841
5644
6290
2860
2941
2825
6750
5711
2897
6990
786
5695
7162
2701
2480
5739
7448
1871
6991
291
6702
6621
4889
4454
1295
6877
8182
7772
2436
6378
3410
758
2174
7853
8183
48
118
3338
4932
7913
5564
4235
1811
4054
527
8092
6653
594
3089
7447
2471
1167
7000
5357
7847
2264
1251
7831
2447
619
4238
7216
2737
658
5065
1735
596
3637
283
4737
3570
4987
1610
3682
3411
6444
2067
3193
571
4896
5998
1067
3190
6549
5902
2146
6498
4723
2495
522
3494
4960
1073
278
1886
6631
630
3849
7242
739
8042
7280
2599
343
182
7444
1353
4409
477
5289
1104
6049
6472
1499
6690
7367
29
1552
2588
3843
5808
3198
736
5460
5617
6846
7243
3013
378
1448
1400
2815
5860
3648
5608
7560
5122
3362
4130
8175
5143
5351
2660
4117
4344
50
4136
421
3080
5010
6687
5441
805
7840
7701
1179
117
8116
1857
2371
8043
3669
1417
2374
1384
7384
2582
2532
2019
6078
4031
1827
4403
583
5606
5270
3192
3760
444
7119
869
7972
8171
6809
6510
6678
2310
1240
744
367
7453
3398
4249
8046
6801
531
3547
2763
5468
4431
2120
2618
5320
2260
296
1569
5981
6767
160
7095
5661
7351
237
3869
7603
4185
3078
588
1821
5800
4763
1381
4184
2056
5584
2692
4759
3442
3450
8163
3245
3111
5375
2192
3361
5213
7636
6516
1508
5420
1935
7483
3563
2718
5907
4086
2930
2299
1495
1612
4619
653
7427
6589
6077
6671
673
1674
745
1131
962
5053
871
4298
7029
1963
6367
6565
6263
5696
2668
3795
3889
3632
4803
3490
4546
717
3254
7552
4910
6958
6641
3851
8000
3311
5999
1496
2917
645
2059
3731
3967
1245
7723
4022
6466
4162
2872
6076
7705
937
7885
5786
3979
5474
4225
1478
5061
3363
2912
1767
605
6268
6619
2932
3671
7294
4880
6088
1847
694
242
826
4122
6089
1851
5795
4139
856
5072
1634
4276
299
2846
6387
6822
4671
5417
3223
6281
1754
7038
1064
4394
4912
1098
3681
4447
5752
664
3757
895
1019
5360
3064
5904
2348
5812
6685
1141
3937
5640
1425
149
1203
2775
200
2328
1501
5264
3187
3893
6124
1588
5892
327
7443
4698
2907
6190
3505
7851
219
265
7016
5835
6590
2250
4083
3618
2439
1013
1800
659
6251
5504
143
7517
1268
7803
7069
735
2302
6446
4977
5179
67
5149
6601
5191
5855
7657
1237
4112
294
186
4351
7896
7446
4691
7621
2759
603
6211
2154
7062
4718
4247
5585
432
222
4904
1721
2182
410
208
2591
4056
1616
4195
2676
6944
8056
7224
8033
3887
1842
1169
2627
1580
473
1573
6461
3699
2811
3839
6815
1280
1375
8109
5220
7866
2988
139
5508
5699
1483
316
4132
6185
5025
3117
6005
2040
3415
6284
7719
6977
8018
7881
5748
1660
879
7233
7583
3742
5247
3577
2016
7625
5729
4039
5600
6909
4376
3429
5003
4461
7494
8180
8095
13
3919
8040
4405
7291
1603
303
5481
2135
6579
7240
5562
4940
2149
3719
3020
2152
4869
4823
6557
2950
6438
3168
1786
2527
515
4026
7862
4029
7195
3557
6401
6399
4071
111
4227
3262
6547
5282
3186
7936
3972
5568
7338
217
2012
3778
6246
1183
7022
6283
4734
4295
7456
3421
2479
1340
7547
2496
7584
1358
553
4888
6084
2828
7712
5047
1092
7782
5259
7287
3366
4215
4382
3240
7515
2097
3730
6719
4223
609
7134
2081
6769
3264
5926
6594
3236
969
2207
7679
6074
6781
3152
2286
4801
8090
7905
214
7921
4527
6019
1828
5384
3144
271
7606
62
203
4239
3234
2921
3126
6748
109
3381
2181
226
5638
6299
2188
6145
1037
5096
1514
2810
4159
6630
7318
1564
5192
8166
5107
7983
4314
3005
2442
669
457
3372
5722
5256
2848
104
2849
5075
507
5422
3776
92
112
3233
2807
7292
1648
4044
1522
616
7481
2332
724
7818
1125
6739
4263
2395
8112
2960
1368
2472
490
4245
875
7208
6117
7496
7254
2931
7571
330
964
3517
4468
6740
7368
6709
3380
6028
120
7388
3481
5956
7687
3314
7602
5646
3627
8054
4676
6806
7777
4502
2007
5484
2093
2571
7226
6195
5511
5017
7301
1354
2746
5613
94
4299
2967
7312
3420
5480
6342
3526
5571
7087
5607
5567
4867
5973
1398
6287
600
2211
7436
5777
5116
3668
4789
1895
3092
7624
2468
2863
5229
4701
6334
107
5994
6455
4321
8014
3512
6556
6296
5648
7064
5419
4503
1274
6009
4696
4441
2542
4557
2977
5438
1817
2
3957
4089
5549
5155
5252
6813
7534
4743
3472
4941
2362
6029
1341
5686
7308
1646
4991
1204
5196
2980
7309
6018
5925
5774
7863
7929
3485
2861
6224
2838
6858
1551
2978
5168
313
3519
7142
3341
5019
1165
4156
7559
4065
2621
7528
3599
2383
1324
7848
5601
6640
5655
4389
4757
2605
2650
1884
6389
8153
5946
8084
3359
1272
1137
1146
6765
637
5059
4788
3160
5968
164
575
7821
7178
2183
7813
6086
4651
1846
5611
4061
7371
5745
3897
2169
2488
2490
678
6543
2424
1592
3550
3211
2971
1912
1655
4025
2027
7385
512
7055
5955
529
6315
6322
5667
4257
3737
5374
2494
6669
1577
1950
4708
4203
4421
6345
6447
4090
5395
230
5997
6747
4253
4460
1647
1524
2460
792
443
5533
3299
212
764
851
2118
2312
3908
6418
1106
6120
36
7682
1000
8128
646
5553
6930
1349
2592
7542
2327
3934
7927
7591
5328
5386
5089
5540
4647
3056
7328
7750
1223
7127
587
1637
6871
7993
6030
5058
5588
1706
2409
6318
7186
5652
1047
6431
703
6706
5097
1894
1513
2338
7609
5519
8017
1675
8185
806
1428
1124
7133
4850
5570
3950
1017
737
6445
5966
900
6735
7585
7842
1200
6581
5616
7154
1252
7187
1427
2199
4781
5227
6764
4362
4341
7879
304
5223
3644
916
7033
2376
922
1473
6511
7714
5471
3584
3002
4748
4174
5576
5953
1793
2735
6592
3753
4091
4986
1150
4641
7817
1176
3082
7015
7252
6716
2253
4831
3686
476
137
2122
6898
2916
4319
5424
2232
1595
4922
4908
6388
4077
6623
1312
577
305
6361
6743
6786
3528
2847
7465
533
7435
2992
7340
3271
5495
7177
6885
1999
1186
1633
4074
5515
3182
4094
5527
3184
4222
7596
2634
601
656
7652
2342
5833
3830
2440
5187
1714
2608
4512
752
7194
4134
1607
5537
504
518
6485
3189
371
2379
65
4208
4356
7582
4366
6981
5024
923
4842
6471
501
995
984
5434
4894
1259
6926
1710
4550
5984
4312
608
1844
2623
236
4843
130
1247
5194
4844
1121
4750
6373
3746
6179
8150
981
7665
6664
3933
2107
4786
550
8156
6151
4966
5893
17
7873
2242
2563
3536
7005
188
2066
939
1077
6229
1261
6540
5522
3582
2469
7228
1471
2008
5871
845
4364
3747
5863
4177
6676
2446
1444
2117
506
7171
5747
3994
1774
1206
5393
562
7811
1423
5705
379
6218
7231
1390
6883
4567
6061
4149
4985
196
4886
8162
1776
5864
269
1731
5579
1702
7486
6147
5811
1711
1361
7360
904
239
4018
4525
2360
5838
5566
6112
5623
4289
3448
5536
3224
4771
3241
6131
1265
6233
1534
1987
3133
8124
3676
5741
7531
1492
1891
5761
4976
6869
648
4294
6953
7539
6198
545
980
2876
3297
3288
80
1949
5521
7493
1310
4830
3333
6237
4482
255
5292
1539
6796
611
731
5399
7820
2644
2751
5498
7765
7248
7562
6632
5215
3511
6295
1233
950
2533
3293
1576
1055
8049
5260
701
1062
7454
3894
5720
6056
292
3435
5209
5990
5378
5560
4434
1761
4196
4783
170
8187
3480
3872
7230
3058
4882
6675
2138
4555
7410
3068
3939
4760
6125
82
2514
3158
6127
2129
6508
5306
2404
4854
1184
4798
1670
4878
4663
2155
7464
6095
5620
4673
7764
3423
7798
4600
100
1224
4207
2017
624
3478
5692
5647
5432
1422
7020
6585
8135
3604
3073
6046
880
2306
3102
2314
5550
2697
6893
5627
4399
4624
5629
3542
7992
8107
1933
6044
2080
7383
3844
6252
1219
6742
1291
672
3983
2540
892
2474
4516
7220
6067
7741
2461
6071
2856
5051
1629
906
1099
1285
1547
3984
2562
454
408
4979
4857
1074
7989
4923
1995
7008
2915
5022
5218
2499
3260
5318
6600
1686
1988
1061
2377
6860
6593
2892
4674
556
5214
7536
7193
5501
5067
890
6759
4285
1095
8121
3049
176
3130
5827
7807
7190
7734
4481
6918
3228
1939
5791
947
4379
4704
3862
7139
3987
5706
5821
5098
5421
374
5682
8106
854
4164
6756
7298
1941
8011
918
7797
2417
126
4277
7048
5803
8085
4812
7457
2761
2273
5740
2179
1262
419
7108
4102
6306
7168
487
2929
1807
4686
4251
3292
4078
4584
6291
901
383
4656
2484
3949
1801
7586
3718
7733
3232
6483
1313
7080
784
7390
2134
1961
3808
5851
6875
7686
1695
7566
2648
3852
3756
1608
3097
1656
5011
8093
3252
4713
4654
7406
4232
4497
3373
3336
6108
7488
37
4422
7703
7981
58
4335
785
6677
5610
6394
5452
1338
5141
258
2822
8122
4337
6121
7748
7036
6182
6404
5770
7898
4897
1016
495
3785
263
7850
5933
2965
746
7279
3468
7878
2529
7155
6609
3196
5938
3583
7146
7857
4052
5730
4682
5012
563
2413
6799
546
1772
5796
3881
1192
5311
1188
325
7961
5000
1979
7121
6371
2189
6222
7706
6642
7124
3482
4511
2598
4269
220
4618
2808
6502
7893
798
1690
5977
5023
1663
3356
7785
3364
306
4470
5735
6975
7376
3447
5293
1431
4738
7091
2724
4768
2142
6308
973
6599
2201
4873
5636
358
7006
7754
4343
3180
4853
8101
2836
6341
4706
7185
8047
4952
6922
5396
388
2168
7790
2567
7574
3248
6200
55
4267
1201
7728
4920
2489
4088
6708
240
6857
1094
6745
8013
2987
5124
4291
2225
623
6691
770
536
6802
802
4336
7910
3879
7271
6328
2136
3348
1083
7882
4469
7375
3827
3715
5865
2339
6099
747
6656
1604
1348
2281
8070
5769
5423
8074
6051
6497
6768
7570
7949
1220
2143
4560
5038
6258
3409
4436
3860
2090
6807
2666
7858
6947
883
3642
2755
1212
6420
690
4028
693
1673
1687
453
3803
2809
1641
7145
1990
5036
3052
568
7675
86
3069
251
4081
6955
6083
6266
3660
4127
5365
8001
5359
89
6055
5272
6559
4493
4110
5744
7424
4153
4211
6591
6595
3306
2690
6038
3405
524
6904
2764
3531
5879
7107
2269
2765
2855
6561
5463
963
959
2949
7617
5139
3108
5970
3250
3307
8050
5335
2210
7333
3367
5906
5888
1664
1536
2908
1749
3508
1619
3974
8003
7149
6520
7225
5529
3438
816
2696
6647
966
84
1412
1782
266
4626
6238
6319
6381
3283
2444
1512
7615
