1388
1655
1058
6317
632
3820
7655
3004
1350
3611
5769
3204
2189
1310
893
3841
5054
286
3052
519
7480
8082
7682
7281
4118
5196
4746
4052
3811
3555
7261
7463
405
120
3741
466
6112
421
764
18
4085
19
3977
3953
420
501
4566
691
3143
7584
7068
2129
7959
4010
6861
4259
5374
7152
6379
855
3852
6449
5724
7873
1762
7228
2178
2894
2391
4012
4900
8068
6988
7412
2040
4427
4549
6622
3114
145
3688
3020
1955
6473
2264
5091
6359
7556
3930
5259
3925
5527
6369
4804
1668
6831
3640
7837
7576
2318
3079
4772
6393
985
1948
4366
7294
458
3439
4652
715
7436
4694
3839
2595
4931
7195
1821
6240
1549
8101
3518
5985
8090
2501
6217
875
5859
2423
3017
2439
4316
4599
3059
3140
8118
1680
143
450
6376
5635
4480
6274
2028
8133
6674
6648
7970
6720
5366
1744
3235
1268
1099
3667
5501
2398
6690
3873
5329
4311
1735
5755
4334
669
22
549
3312
5215
7121
5436
7434
7767
1166
4131
2700
3823
271
1145
7499
6961
3414
6774
5349
5534
4417
3504
2602
121
946
4353
6163
2603
7680
7389
2829
3289
4227
4413
7112
2711
5936
6399
7602
4664
6046
7470
5713
7298
5793
7891
2084
2950
3522
3468
5298
877
223
97
2844
1738
1537
744
164
4189
8067
7442
5143
3856
1189
5511
6457
518
5675
2880
1966
889
5701
6858
7206
986
4787
2997
2237
6619
3929
2861
5336
1428
4580
5562
8023
1994
1877
5658
3159
3509
178
4364
1443
5791
4395
11
3367
1971
3974
5978
911
6374
6716
2306
8017
4076
5614
4901
3802
5025
1421
1863
5850
4179
2412
6059
4105
309
7155
1041
3556
5027
2978
7685
6008
1160
2056
6409
372
6210
4814
3840
4347
6670
4381
6723
6542
2063
4812
3927
5641
5016
6924
2275
1529
6159
468
1233
2232
5108
5011
1598
194
1961
7883
4476
4176
2292
3072
4475
7939
5644
6819
471
3508
43
6110
6705
821
3513
45
2590
1613
7212
3168
7623
2225
199
7723
2915
3386
1783
2163
1949
2350
7029
119
3810
2455
4204
2476
4556
3612
3054
245
6948
5278
1570
2098
6164
1076
7510
4830
3071
6141
7080
3931
389
1285
210
6637
341
3488
3051
3742
3199
4114
102
2026
1363
6936
3466
2955
2865
4820
5021
2259
414
7398
1611
1003
4628
5284
6700
7654
5081
5169
6358
3572
2086
418
2112
4405
3519
1771
7327
2215
1094
7030
3815
3423
1695
7315
3636
6030
2321
2730
667
7795
4994
1078
3861
3285
2939
984
438
2998
7213
6577
5254
1970
1829
69
7444
2645
1170
4663
1495
4568
7731
3050
1778
6415
3792
699
5068
7363
7819
1468
6725
2354
1619
7296
2560
5896
1151
3302
990
8027
8086
8108
2173
7303
1008
6887
3950
6350
506
5192
960
3171
2075
4984
6776
6166
3379
6140
3208
1432
8028
1217
2295
3843
8079
5719
4217
4797
846
4040
7268
7274
3475
7325
7129
4806
5023
2819
4760
1079
2371
0
3331
6006
4215
1757
6824
5440
3111
7082
4540
6421
2660
53
3766
6477
6434
6028
7577
2622
1019
6557
597
5500
4498
3091
100
976
528
2422
4707
3378
4247
755
1988
3182
1815
1299
546
7491
3212
3949
6363
3552
5516
534
7437
3747
6342
7963
4360
4190
3077
4146
7085
7233
4528
4656
7448
6413
6341
3703
7541
335
2234
5742
6391
1855
1788
3027
3232
7941
2059
4899
1737
4943
5827
249
8073
772
2906
3093
7784
3353
620
2352
280
1509
3151
7534
5000
3099
5782
5244
7151
2452
5966
5892
3526
1277
7447
4870
6921
3177
6145
7117
7527
6228
3680
170
5104
1713
5387
5055
5211
2271
3659
6250
525
6424
6218
5383
1918
4609
4697
7894
1128
3906
3603
5360
3036
7867
5332
6211
7012
2738
3551
6859
5479
6431
311
2591
4187
5106
5591
2834
7369
5725
8168
7343
113
7203
2192
5991
5097
6668
4824
1192
5890
1083
4153
3867
1270
3408
1060
4529
5653
373
4801
3328
1138
8139
1956
5937
2981
8190
2204
4515
2734
1873
2394
6672
582
7595
6697
4352
5818
6535
7629
1866
7403
4562
5249
5746
1733
1225
1327
8131
6083
6868
745
3176
4976
2233
398
6108
4840
2521
2424
4961
382
1907
87
2937
6063
6650
6559
3796
3838
2718
1231
6020
2967
8111
4775
5234
5026
6880
2704
847
4468
3438
7908
6402
6699
1214
3038
3608
8097
7396
203
2868
5333
3340
4927
1902
7517
6229
7622
3364
6202
3991
1378
3885
3915
2009
653
4706
6293
185
47
2675
756
4451
522
768
411
6231
3069
2733
3744
313
4985
3958
3144
3134
221
7604
7372
2658
4882
6847
2557
5689
1319
2081
3999
2316
2196
23
7225
290
5239
1780
3740
4584
1941
7055
1156
657
6142
2505
5517
7336
7559
3558
693
7620
5260
7273
5845
7690
3354
4981
1690
5089
6707
5677
1212
1472
4748
5736
770
6765
5369
2855
2549
7699
6289
1694
4439
2555
4059
1908
2611
5454
5191
5447
4305
5601
3219
2772
5385
7885
3116
7757
1520
8099
4783
3254
5666
4354
1252
2052
4623
3226
7864
98
2288
5811
5648
7451
4124
234
4456
3039
4713
2400
1876
2090
4506
6804
2119
677
297
430
4570
2898
2562
5806
5571
4422
1865
448
4238
7973
2722
4329
4673
4180
5525
3985
2672
2045
5264
2207
55
4660
3646
2506
6906
4974
2919
2435
1096
6615
6942
3780
6002
3778
3725
339
169
782
7882
8178
232
7984
2363
2586
3655
5743
4759
2201
496
4622
3003
2393
1279
1289
7258
5787
4368
6534
746
1366
6566
5218
7958
4054
6367
968
7835
5135
4969
7
4595
7833
1309
3805
3194
3560
6160
4597
2001
3055
5779
3524
4331
7714
2934
4084
3849
2123
2365
3422
7877
6435
5308
4319
6892
7314
4734
2830
5282
5854
6395
6870
5257
7993
7469
7709
4524
7772
6311
5466
7667
4462
7189
42
9
4050
6833
863
7948
6156
6464
5686
6576
4925
1009
5860
4968
1903
4944
1901
4064
2687
3955
6010
6609
1331
139
4202
925
3441
7972
2531
7354
6107
5810
3907
6456
112
3961
903
1844
4237
3458
1269
1062
7014
7202
1380
5816
5434
7077
977
4023
2154
125
7551
8056
7554
1306
7123
6255
4973
2509
6344
298
7254
1992
388
8046
8135
1262
7880
2298
2832
7474
7461
4563
635
981
4471
2856
1111
1540
5993
7438
7199
4800
6204
6794
5519
7781
5617
8014
2437
2110
4543
5030
6287
2368
8180
8175
3357
8022
1298
7498
742
6301
4392
2109
6092
4735
5351
1804
7853
4878
7009
54
12
7975
3582
1091
4809
1348
6755
5757
3881
4776
1444
2985
1141
2486
4736
4942
7291
5389
2854
256
8081
4691
6190
7562
4773
6721
3121
2223
5674
5770
3759
535
554
7954
6411
602
8122
3383
5141
4053
7523
6370
3562
4443
2206
1663
7914
5343
676
949
7215
3447
4574
2068
4752
6440
1803
6351
3403
6691
2105
5168
3175
5600
1081
5354
6133
1560
6329
1969
4438
4586
2917
7875
5496
8053
2361
4273
5788
5664
1779
154
6357
1891
4690
3637
6195
7726
6960
3
2265
5391
2441
4548
2038
6581
3587
6095
7683
1434
3548
16
3620
2621
34
3026
2550
3807
4659
104
1191
5676
2135
7688
4889
583
186
3180
1963
6387
8185
6874
2284
6665
3594
566
6023
1383
7539
497
7464
2747
5589
404
5981
2080
384
2170
5482
4724
790
3628
8145
4662
3799
2344
3170
6562
1832
3586
1118
4966
5275
6789
2876
6271
4493
2106
3865
1632
7678
6429
6161
7588
4848
2670
5992
1703
2126
1947
3532
432
1354
8095
6066
2249
7663
7122
6120
1018
3463
6933
6121
2228
6943
148
305
2369
6617
8066
6392
3743
2823
2244
4699
3768
6517
2364
177
4750
2014
3322
8001
155
4650
7079
4719
5103
7249
2029
4196
6414
7564
3339
3540
884
4716
6123
4290
7187
3337
3877
2472
3279
7854
4372
4919
4453
242
4559
4703
4997
5547
670
4733
3984
7614
1442
3597
4577
7490
6104
7656
5998
3345
5835
1357
2494
2803
2057
3031
1884
1173
3297
5384
1898
6299
629
1895
4827
3146
3013
1470
7346
1547
2996
7241
7675
2121
4032
7890
4486
3769
3864
7049
4631
7727
3451
3980
1555
6307
970
7624
8077
2380
1077
7814
2117
5884
7750
2748
6034
7341
7919
6728
3397
905
295
1403
1982
7651
3035
5630
5105
454
961
2498
3292
4902
7224
2791
1458
3473
3315
6245
2042
1828
2858
1452
5190
1541
6472
363
3722
7641
2580
4055
6763
5821
6901
5417
1352
8034
4229
1457
2503
854
5989
1927
1313
3314
6805
5478
3580
3405
1697
6315
1193
5863
2157
5544
1425
1527
2023
1492
2397
3086
906
2661
942
7408
5396
4637
4547
190
6729
5439
3723
5083
4295
3936
4671
5004
944
7125
4127
317
5747
3817
1411
4399
1131
2096
7387
3260
1620
2266
5963
487
1676
4792
7823
5881
4228
8051
8000
2982
5899
2694
4206
1824
2071
7583
354
6567
4934
3148
982
2235
609
6575
6512
7359
4433
1817
2213
4119
514
130
4479
550
2416
2185
4726
802
6119
3965
7425
6482
1599
4525
212
7257
989
4823
4173
7511
4593
7407
5240
6965
2017
6398
2191
7898
3581
3065
1182
6963
2504
3576
2428
2414
7917
7812
6144
831
4419
192
5662
1522
6867
915
7896
1683
4560
3880
3897
3443
4444
5339
3601
8156
5659
4351
7953
5707
3978
7512
3818
2705
77
3257
1879
4532
2031
2194
1005
6128
3699
1406
3154
5786
2226
3251
5706
8013
7928
2362
3307
3005
6839
3675
7007
5815
7660
2062
7131
2140
2527
1474
6306
6328
6941
752
6018
8050
8049
569
8040
7657
801
6604
2794
6086
4396
5122
5075
4555
6401
2667
8043
443
2287
2610
5297
230
2617
7779
1473
8015
7536
1415
4431
7926
6916
4449
2312
44
3569
6235
7920
4732
5574
4458
947
7515
5727
598
3652
6549
6895
3901
7037
3653
1917
167
1034
777
5117
929
1831
7433
965
2952
5148
7046
3231
4223
2180
4730
7942
6894
4006
1661
579
4937
4020
8119
6303
4371
7598
2254
4034
6768
140
4210
5752
6602
4938
7565
7546
5252
5926
5682
2636
4251
2765
1732
6976
2387
4283
7494
665
5452
696
2789
2683
3724
7194
5152
1250
6995
2573
4267
463
5367
1518
1336
6004
4255
1960
7260
2277
5569
5480
5767
7591
3387
7465
7860
4159
5486
5687
5381
7617
7716
909
2571
5005
8105
1714
2200
4979
6798
702
5400
2258
639
4091
310
7609
7216
2736
4129
5375
457
3025
910
7028
49
666
337
4337
3975
3698
6353
6371
8147
7350
276
5345
4602
6677
5944
5295
603
719
3573
5668
7996
5487
4376
7219
5923
1464
5269
685
8
1287
3211
683
75
6264
3632
7910
3045
3913
345
7508
2528
5140
974
1765
1486
10
6628
431
5521
7262
461
7766
3404
2381
5493
1600
4063
3760
2637
5790
4767
3848
3133
6423
520
502
4553
3681
3095
3568
5187
187
7417
2612
6193
7790
6711
2243
887
5882
5699
7375
4932
595
6590
7472
804
2396
147
704
2286
3157
5552
933
1506
591
5844
476
2556
1153
3663
2358
5328
7025
5498
5056
6185
7414
3828
3413
3478
8120
6747
1793
6298
2905
1604
3642
7373
7011
1447
6537
2642
1186
3135
4214
2757
5002
1836
4463
1935
2479
2786
4315
2537
5090
5274
2477
1416
7253
6611
1566
4906
7589
5213
1773
3431
5072
4831
1834
878
5451
799
4430
3023
157
7724
2945
7532
3951
1818
3654
530
7064
1395
3295
5063
6555
1469
3266
4280
2576
6816
3713
5764
7286
7242
851
7802
2058
3089
1039
1916
6513
1919
3786
2484
5965
274
874
5455
4333
6749
2016
7106
2182
661
7574
5714
7058
533
5305
3411
8016
6734
7831
6701
1418
3783
1195
5720
4452
7056
2248
1016
2848
4585
403
3129
2353
7720
1814
7270
1637
3369
6647
4501
7087
1708
1087
325
2451
607
1109
4065
7980
4991
5373
3319
1720
5033
4327
2862
3696
7405
7235
3712
7289
5471
2342
1704
3559
6587
3244
2688
4764
4541
6479
5222
3480
7748
3062
6087
5151
4301
5876
3661
4236
4072
6971
7006
830
108
1636
6386
6427
2665
928
4799
3625
819
41
1648
151
5241
3131
2920
4241
371
840
2337
7103
7597
7204
6800
6139
6197
6302
4008
8188
6638
1119
4164
6438
7503
1075
349
3268
6898
2255
7392
7830
3827
3801
1519
2240
3395
7127
1526
1617
6708
7739
4591
3855
681
4771
6818
2930
2853
5497
8078
2673
4211
4048
2879
1671
5697
6461
1325
562
4869
649
5959
138
5255
7992
278
5622
3277
3410
1674
4825
1881
3570
2077
2390
5408
4314
5761
2805
3470
110
7165
4819
7558
7776
3228
7197
4252
1660
1775
5231
6785
7379
7130
2425
8137
7421
1845
7838
1228
7834
2901
1126
48
6384
5372
5464
1685
4998
5412
4962
747
5969
1670
6040
1240
3018
495
5774
1022
1789
6799
655
6205
5114
1149
3248
5165
2568
6174
6388
5563
4437
7763
5505
6327
6866
6246
7069
3905
4739
4655
14
4723
4289
5766
4550
3362
4434
5828
4382
1582
7801
1247
3832
6982
409
7884
2137
2329
5667
1453
4323
3644
3392
3110
4579
6442
7981
7787
129
7217
211
4587
1476
6718
5910
392
6480
6262
938
1070
2716
2156
2707
2175
2824
1942
4832
6771
8151
1266
324
2124
7097
6876
3084
4554
2680
3924
5912
1205
552
4232
3851
1393
1627
1797
5042
1161
6743
3160
3705
2546
731
4292
7567
1251
7570
5251
7267
1150
7755
3241
5415
1241
5171
4747
2013
2838
3425
7840
4749
1688
1420
5840
6885
4042
6171
599
7378
5548
608
488
386
1758
1194
482
1857
1456
2559
4162
5772
849
2061
966
8012
3593
6754
5461
2725
2212
6607
391
2095
6616
1372
451
4384
6925
4689
5535
3710
4936
4766
7738
2965
5459
5530
6642
3066
3472
1658
517
2869
5740
6222
5409
3954
5491
107
8085
5203
959
3996
3000
1440
2324
3333
6044
3262
958
2167
5543
6437
6592
6703
1915
228
3115
5444
835
5208
5748
2357
6903
4412
1043
2651
1912
5489
671
1954
5410
1594
4642
7619
1344
8132
4374
6539
4256
1224
4122
2886
7443
3507
5750
1171
7353
8037
7449
6045
1964
7513
907
3047
7949
7300
7366
1286
5605
7743
6522
3536
7164
1124
5124
5029
1653
217
7938
272
2331
539
2333
1561
734
5507
697
3049
7930
6812
2863
6717
3471
672
5204
1338
3624
2151
3622
876
118
4504
948
1597
3334
481
5911
6463
6846
3561
996
888
7486
4398
4409
3665
1341
3394
7318
1727
4762
3994
3973
895
5851
7057
1945
446
3986
2301
2341
6580
4670
690
7538
2370
1801
7248
3539
3436
6640
3223
4754
6510
370
6052
4423
1324
1987
1382
264
2050
7807
6613
2149
5149
1967
3894
3097
1556
5759
3149
285
757
2839
39
3213
1419
883
4363
173
4715
6127
7535
4191
344
2606
5142
1376
6219
2230
2800
6277
6043
2741
7708
1021
6111
6981
5185
5320
2809
2664
4465
1890
1054
1048
3756
2859
4893
748
1006
3868
1552
6057
6661
219
5476
3102
6788
3544
7169
6425
5938
6533
2663
7126
4569
2524
6036
7533
4624
3261
473
6151
6682
1889
1316
3565
6206
2525
5636
7166
5894
812
1806
3242
3785
7083
8052
6
5186
6709
3921
5529
6507
2489
6660
1163
5214
4714
475
1977
2833
3553
7319
1792
6077
7404
1360
6970
2307
3606
6216
2807
3267
1101
5898
5956
6443
7530
7848
1553
4275
1125
2458
2656
3239
4411
3197
7916
4511
2948
7650
4648
788
6842
2145
6380
3043
500
6610
1913
825
7502
5094
7516
5606
3751
6548
1064
7780
3486
5855
3750
1984
6687
7646
3678
2615
5929
3564
2633
1609
3928
4103
2986
6027
2133
711
3648
4309
8071
7109
2814
3510
3380
544
5201
7424
4436
5230
5268
3734
4514
6080
8075
6494
6694
3186
7995
5270
3390
2218
3600
6191
3834
6471
4798
4682
5310
6453
2928
5019
5064
1407
4686
1278
5304
6730
3772
3158
5837
4470
2130
5939
6893
6540
891
2132
81
7943
1065
4030
1475
714
5494
1206
5801
5146
1208
5832
4947
5128
7611
1957
5694
6909
841
6696
4466
6756
7282
5700
7798
645
3957
6742
2828
4172
4161
7793
3910
3201
4346
7627
7365
5982
2846
8011
2903
1642
6260
7603
38
4948
3342
6523
3923
6137
5684
5109
2522
3989
491
3030
1219
3306
2067
6242
4851
2278
6675
937
4513
2260
6881
8088
6478
600
5483
5485
7181
716
4992
739
3381
8124
2608
3914
2681
2238
5061
7770
1628
1622
4099
5690
78
2516
6810
4485
4338
218
843
521
4500
4375
7334
6454
5121
901
784
3010
3904
7311
7328
5340
2999
8170
1583
2417
3136
6226
5014
4679
3128
1820
6259
1734
5183
723
1717
573
6857
1033
2392
3205
750
5744
4393
3937
596
6148
1209
1709
4960
4213
6520
5066
5834
3008
5035
2205
5685
882
4086
2585
7907
4844
410
5288
3485
8010
4370
3709
2091
4885
4357
3153
6795
2468
7133
1174
5580
6623
3729
5392
4039
7751
5212
6124
1000
2601
3943
4880
567
1346
4239
7196
6042
6067
3969
4849
5829
353
2554
1516
7054
2101
7670
5838
1686
5679
7636
8143
3178
6848
2993
6938
5448
1872
6286
4868
4130
3771
3368
1993
216
1795
6987
4626
287
7176
2769
7452
6049
1782
6334
6897
7400
89
4533
813
4367
6991
4163
4015
2345
3407
617
3888
7259
2141
20
2245
516
730
5040
820
555
5849
3236
4440
4473
6782
7191
3554
7200
8002
7841
2283
634
6565
3718
3122
1106
2588
4310
4617
5549
975
3440
346
8009
2257
2395
7927
7231
127
2221
7606
1029
7140
2638
6724
973
7865
1539
2960
4975
3857
5797
1534
5303
2006
6263
4821
7362
5888
2959
2958
2743
8057
188
4195
4435
4970
753
574
3338
1860
7119
2115
1167
2142
1229
1293
659
524
3666
2515
2818
3112
6355
7293
5962
4137
1862
2415
4019
1846
4083
6175
4684
85
5649
7806
7183
5869
7956
6055
5153
3282
4510
4318
720
5096
6641
749
3613
1454
2884
4244
6739
7756
455
6273
2443
6593
1215
3265
4175
7658
5889
2346
2005
8031
4326
1045
3070
94
7843
4158
2018
2495
7116
1944
6061
7900
3034
2431
7886
6189
465
2890
542
4167
5577
7050
4126
575
1673
6624
1777
8164
4285
4111
3430
5973
5418
1259
3388
3412
3968
233
362
2421
5197
2584
4121
4545
2782
4098
7773
3150
612
5900
2136
4148
1051
6544
7240
1761
5537
4530
7578
3571
2984
4743
545
3833
3592
675
7652
6238
1979
4369
7912
5688
1700
2250
6686
1999
5918
7110
1856
1759
2511
1426
5307
28
6115
7549
5887
869
7193
6808
3351
1602
4644
7335
4344
1563
2804
5739
4365
4853
2174
4332
2024
3697
1610
4027
4077
7223
2224
4138
1921
1116
3474
3243
5692
6681
7060
498
1213
4062
366
5808
5262
1493
5311
2473
6862
4589
1830
5414
2871
3983
5306
5347
1591
1933
444
2309
3837
5990
2961
8160
622
826
2756
2032
1136
2030
587
6955
5578
1068
6375
220
4277
7637
4805
7752
1760
8060
7015
614
225
1521
2702
4017
5812
2019
5798
1909
8187
1755
1702
6257
6964
1923
149
5467
4477
774
3358
5504
3790
5584
5073
2198
5321
3755
983
7906
5509
5663
4857
2751
7717
2639
4345
8181
3119
8152
1584
4873
1756
4958
5058
2319
953
3406
1791
5276
6321
3731
7800
2654
5693
1647
2737
7769
2188
3858
3863
3286
3278
4953
4499
694
7074
5155
3446
1551
5158
7940
2530
5499
5188
7008
5107
2570
5704
6530
8020
1542
4982
7936
5629
7931
2356
462
536
7945
3195
2087
3104
5698
6606
2470
902
1826
7145
798
7384
4497
7711
2197
3529
5024
7207
3506
494
6345
7572
3207
4350
1559
5397
4614
7905
5044
6155
7091
1682
4929
2912
1155
1962
255
2589
1975
900
3489
6037
3889
1204
4330
1698
1548
95
224
5875
2552
654
7251
7032
5095
2482
1505
3461
7460
8062
934
7892
449
6572
969
4270
6150
3550
2816
1321
5710
926
2055
270
1368
1031
2474
6177
1503
5380
2281
3716
1330
4688
4522
5402
5492
6244
1858
7156
4181
2657
6736
282
7815
6806
5379
3662
2308
4107
2107
6252
5871
5102
1800
1973
5093
7525
1053
7820
6629
1914
2406
6536
4850
1480
7250
6688
930
7991
2338
2776
6973
7072
1317
5745
1238
179
333
4620
1196
5905
4168
7791
5136
637
4672
3583
4808
7600
5822
2146
3762
3670
3432
6731
2728
308
1390
7799
3324
541
6050
1258
7712
5036
4627
4667
1222
6911
7990
3549
7370
4834
5709
3854
7687
2410
3748
7026
259
3941
7978
5113
5623
3779
4561
7340
3352
7605
5721
2442
7911
93
2758
5603
6496
1662
4263
3707
3761
2253
3108
4115
493
6230
2908
2810
2517
3311
6265
4321
1524
5344
1315
8091
2788
1010
5626
6927
4582
8148
6612
2947
3618
7857
2010
66
606
2652
7710
2616
7255
355
6957
1996
3988
5657
1870
7000
174
3774
5557
1746
7048
4058
6863
4945
7337
3684
7179
631
824
6234
5216
3899
6975
82
1525
5590
6462
7746
6826
2827
7615
2114
5949
7401
6781
6194
940
8103
848
3908
7388
4866
3006
7506
924
789
3209
4843
8003
2574
1692
2497
292
805
7440
5638
5074
4287
3574
7070
1092
3776
2593
387
6105
8126
6436
3630
6106
7989
5330
2373
6649
3933
618
6879
7098
8076
4140
4101
3721
640
6832
6280
2963
7208
3172
376
3939
5261
6828
1562
7937
2644
3022
1090
5608
2099
2666
7022
3428
6635
6631
3087
1030
1246
6022
1055
2252
3179
2214
7020
6058
604
6946
792
7818
3498
4060
3797
2332
2849
1402
456
6997
1819
580
7778
879
2236
2074
5526
3402
4494
6659
5474
5922
3103
7681
4729
2377
6295
6300
4306
4535
5947
3639
1367
3898
60
2815
837
523
638
5184
1295
7548
1725
2334
1772
3521
5484
231
817
2693
3649
269
2923
4721
3891
3284
5836
5996
6474
1848
7965
6600
3206
867
6236
7909
2379
5446
532
1333
4141
6486
6484
7955
4312
7531
6458
2790
7677
6162
5292
1675
2744
4133
2011
5086
4145
3990
3321
827
4408
3514
3535
1275
7475
6570
1110
5245
1249
3948
7983
3683
6489
3483
1085
4135
6209
2900
5583
5326
92
4460
923
6319
1851
7141
5237
1575
6493
4284
2842
3401
3280
2533
7596
5338
6680
5309
6508
643
4057
4918
1027
1412
7351
1878
1308
4788
1576
4279
6460
4341
2806
6408
4957
4261
3963
2160
4661
7036
1990
3727
5524
1854
4841
428
5273
6279
1776
2386
6126
6797
4403
7568
1740
5156
4087
5318
4956
7747
5972
1589
460
2181
2303
1365
2147
806
6949
364
5765
7076
2449
2983
3585
5671
698
4645
166
859
2964
2873
5427
5820
6511
6081
7560
5433
1104
3346
1097
1485
6270
2632
7732
191
630
5229
7331
1906
6284
2762
3629
3100
7307
1057
3502
6407
3494
2507
1546
7813
3310
7792
3123
213
894
6519
4264
489
7150
1989
4793
6521
3398
1254
2118
1835
323
5154
728
426
3736
258
5401
5247
610
1929
5162
7482
2778
7665
5545
7297
4193
4007
4905
5763
3512
6595
1574
7545
464
3067
7507
738
2022
1133
3859
347
3090
1719
7419
4930
6516
8070
3445
4769
5037
4886
4457
577
3998
227
4492
7718
1404
2543
4491
6890
1657
6618
1968
5233
1165
505
1936
3903
3966
2299
1500
1937
7271
5015
540
1650
809
1667
5943
4512
1545
64
3469
6746
6599
2977
5009
3515
2813
5573
7360
158
1769
718
899
35
4169
1129
201
1040
7222
196
5813
6654
6326
4400
626
6759
6740
7002
4075
8044
5120
7760
3332
4166
5726
7162
21
950
2647
6074
1880
7811
3068
5070
2085
2599
6079
6100
3048
5632
7247
3691
7487
2891
6430
6910
1396
7161
2262
3200
5833
751
469
1107
4774
2956
3434
6483
4011
4778
810
1190
6578
2220
1626
2343
6382
402
7246
3361
2763
6116
472
7071
1593
3106
6722
1
7808
2731
247
3246
5490
480
5327
791
7489
3490
5794
5915
6017
7138
6791
1409
2384
4258
7459
1210
5722
5520
302
1098
377
5789
1665
4018
6220
4144
4669
2143
7348
5388
6882
7495
7278
7190
6974
2579
6113
2799
803
6603
1696
6149
795
2754
5645
1568
6288
7458
4079
4536
109
5300
1569
2493
4009
6853
6466
4839
2469
5533
8159
3754
2122
5760
7521
128
886
6726
6154
5287
2190
1449
417
4879
2317
5906
1885
6838
6184
896
4483
5071
3304
4198
2792
2712
2541
146
4043
1052
7684
1146
4461
5901
6550
5780
25
6102
6499
6503
4335
3775
7659
927
7238
1893
1361
6947
4887
4102
5453
7035
379
1334
3505
5450
5735
703
733
1528
4955
865
6702
83
737
1245
2581
4861
4442
5076
7092
3309
7761
2607
5346
6390
7052
6285
7313
5826
4088
7610
4658
725
3105
7874
1904
4860
4779
3487
4781
1621
3125
6715
6608
1144
3476
5481
3860
5316
5572
7147
1624
1463
7777
7269
334
5611
5737
1928
5263
5502
2777
6212
6224
2781
3511
4278
1162
7967
7457
1511
5134
2335
4531
3870
3138
3009
1199
4572
320
2127
7034
3590
3647
6769
159
861
3015
1706
963
6312
1391
7671
5125
1950
3745
7234
616
3546
5754
912
68
3615
2348
4250
2272
3287
321
7326
4379
8154
7951
293
1441
4134
8061
3293
4542
7320
8179
4192
425
6772
2523
2564
2053
5224
4720
7483
2916
4606
4038
7441
5468
5342
79
5039
3220
1887
1294
7047
1502
6172
3163
4469
2444
2430
2643
5792
2116
4740
2420
4926
1666
3938
5137
6543
7323
6811
5170
1538
74
5220
8171
4551
1401
4567
2466
8140
3674
2478
2216
4216
124
2625
7648
7265
6671
7292
1699
2558
3270
5271
4701
7066
5150
7828
1669
3651
6165
4266
3493
3118
7744
6176
7170
2222
6514
1177
5651
8177
1353
5085
857
6588
5817
1089
5127
7428
8150
6096
4022
5422
1304
6446
2269
5210
5
407
6278
6339
5352
29
7661
6712
2864
266
2980
2465
2972
7594
6248
605
3290
5077
422
732
4324
7167
7869
3726
908
2304
5001
37
4380
1211
4534
4071
1641
4265
736
2513
7783
4112
4185
6852
361
5018
7550
206
5582
4262
4791
6099
1951
50
3635
2618
2597
396
2327
6950
4108
6990
6978
2125
2888
1874
1012
8100
510
7132
2434
7881
4503
7613
1132
5612
6215
7774
2641
3619
3791
1489
1479
7186
7095
241
7775
4389
6835
7382
3058
7347
5673
1244
7879
2766
7826
590
8169
2378
141
4199
6556
1001
6070
6072
4415
642
1802
624
4727
8107
3152
8069
4935
5404
3088
3188
5758
6636
5852
6969
1601
2572
1197
2041
2825
6841
4156
6114
5393
5174
7332
180
1811
7031
1523
459
7084
741
4002
5734
3689
759
3686
6068
5111
5181
4448
3693
1121
2540
6952
5848
3193
7053
700
7081
2251
5628
5976
1781
1635
4865
2870
7017
754
7839
2943
4281
8117
6527
4630
701
4245
7385
6469
709
7446
682
4391
823
4231
6418
1883
3831
5987
1991
150
3525
4999
1512
5189
7547
1573
5784
1292
2322
2714
7580
6541
557
5561
3658
3216
6582
7952
7010
2330
8021
4147
4343
3763
8102
6439
5914
6750
2962
2614
4029
67
7157
6024
7817
2128
4254
7321
4904
4298
6563
1926
4770
7426
399
1567
870
7272
2120
1159
5708
1677
3240
3956
6433
1972
3911
253
2547
1025
7887
8006
6937
5879
4074
6620
1842
5865
5977
2491
5741
5051
4847
5265
7950
2456
1134
2944
7676
3230
4183
7174
3944
3830
340
2684
4047
6325
872
4386
1028
3813
5646
4794
4537
8112
4757
4916
6243
7608
1095
152
689
4049
7063
7734
5934
2296
6125
7312
6645
6131
3964
5618
5953
284
4484
2407
7135
4864
7859
5407
6844
7643
2488
3273
3926
4092
5866
1362
3233
7244
5610
4046
4872
5236
674
2429
1024
6526
7445
4094
8174
8155
1127
936
3459
1543
1375
4220
651
559
3329
3862
7422
7160
3981
4687
4299
3887
1017
429
1841
3993
2949
2193
2596
625
106
1074
6979
1752
2553
2514
6850
3046
3789
1565
6843
5711
5460
7432
3453
6626
1920
3037
6784
7771
1438
5621
5060
5656
6495
4390
7018
4653
7284
1514
1276
2812
6097
4109
2003
2164
2951
2979
4445
62
4782
1139
2563
7345
2822
6845
2103
6917
7263
3389
7893
3520
509
1798
6531
5163
5864
2047
2367
3704
7308
261
3842
7497
2935
6837
8161
6920
3452
3335
4203
7762
7005
3415
773
1774
6779
2311
4571
2774
3247
8189
2385
4959
4604
3076
6459
6129
4388
7633
4509
6365
1946
6912
209
1515
2689
3481
1459
3872
7575
1581
3449
4406
5796
1623
3962
898
1302
1451
338
4578
956
3250
7420
650
5661
7855
1607
6855
160
7061
2402
7429
4988
892
8165
3409
4564
5853
5225
1236
5576
538
6497
4240
3301
4489
8094
1654
1615
995
7290
4933
1646
5539
1974
5941
5895
7230
5246
6405
6786
4867
6693
4067
4802
4996
2502
2008
2270
2088
2526
945
4104
5997
581
4858
6869
6840
7418
5172
3825
1564
4339
4952
3376
1482
7214
5940
5435
6403
3784
3533
5350
6985
2773
3253
27
2093
880
7582
3044
8138
6467
4474
5177
7635
2992
4698
6225
3365
3382
4876
3109
3845
1180
260
4152
2569
2500
3795
5362
8029
4496
7227
4294
1135
7182
3643
7154
6504
1869
2724
6314
1656
5193
6122
4920
1152
3588
1164
5902
7901
2079
1427
7563
2158
7737
4378
3448
2171
7796
2480
3063
5886
2064
1399
6269
5616
8123
1501
182
2648
3821
4090
7888
24
3416
435
5293
3497
5250
1726
3359
818
7201
2399
381
7759
3082
3800
2696
226
688
1408
5325
7275
251
7367
3589
4592
3237
4208
4765
7736
1488
5322
6199
3878
5907
7304
5986
4619
3701
2893
3912
7239
7524
3479
4914
4209
3029
2600
6340
1178
8115
5160
289
3274
1664
2138
2902
5777
4502
686
4249
586
5364
6574
4272
793
1273
5508
7640
65
88
771
3348
1387
2094
2881
7621
7702
3264
3014
6761
6147
5975
7902
3598
122
2039
3417
5129
7592
7027
1939
4429
6509
5084
767
4276
6090
4877
7889
437
2970
6013
1810
6801
1035
3113
5930
3275
2988
103
4892
6132
2605
5465
3081
1020
8059
2467
6089
7149
7768
7333
6448
3252
3161
2518
7765
5296
2895
4051
588
2401
7171
4588
4610
3164
202
7852
6685
2155
7593
4967
5868
962
7573
7514
8182
7866
6907
1326
4829
7038
2263
7998
375
4044
8110
7969
3300
3019
647
6292
7330
4165
8025
7374
277
1813
5353
1413
7526
815
395
5378
6856
5456
3145
7788
712
7172
7979
868
2764
6888
5062
2413
2674
3869
3426
5101
2229
13
1026
7673
1634
3730
5588
8093
526
200
6865
6348
2623
7059
6221
4924
6146
7897
4082
7113
1579
4221
2551
4028
2755
1462
3673
7863
4881
6851
7918
2752
445
7416
2217
5824
5781
5602
5421
4349
1072
5258
7518
6662
5903
6272
6332
7703
2831
3460
4026
978
1272
6627
2609
1342
531
4481
7003
4155
6062
5980
7488
6658
7836
822
3682
5358
866
7021
184
4908
1108
1086
4373
7924
6136
1037
6554
4921
2510
1679
5199
57
315
941
1645
1606
4875
7904
1264
1639
4089
3187
4037
3057
4611
2153
5607
5041
1513
7173
853
2231
1983
3427
6152
5173
4813
8106
3806
6005
3579
5518
1117
2481
4922
1445
7339
6071
3269
6333
7997
6138
2691
5291
7041
2867
2841
5130
5819
7966
4978
5604
2851
5738
3130
4737
1980
3495
6605
4303
3919
6632
6253
4859
5431
7309
7390
5317
5551
5717
5731
5681
56
7094
3424
8183
1672
3041
8166
3541
6419
2
7358
7501
1374
5272
2073
548
6416
4035
2843
4420
2634
3627
4061
2349
3547
319
543
6922
246
3399
7985
920
3746
7453
1643
4987
1140
2037
7368
2699
485
4174
852
2679
5341
4558
571
3879
4695
1741
7232
5805
4024
6048
5395
3501
3210
796
5209
434
658
4296
5198
3192
3028
195
7075
3656
6492
343
6980
7175
684
8063
3563
6232
2418
7073
1823
6891
2411
6118
5221
5920
7108
3516
1280
4856
6813
5800
4891
7537
7509
578
2795
5553
2285
2668
6945
2771
4
1498
4446
3882
257
7540
2897
400
2139
5286
6871
1630
4888
2432
4001
678
2078
