6292
6234
6675
6927
7702
3561
446
551
7635
86
1161
2909
3862
914
3551
5273
2893
3952
7559
3307
7977
5686
3614
4276
3701
3785
6979
3081
5605
2086
4524
3117
1742
3958
2216
4450
2667
4085
7338
5242
3535
802
6057
5459
5022
714
7233
213
2059
4017
4037
4143
1693
3888
7410
1233
4834
3635
44
3012
3784
4145
862
1441
574
5509
8174
4614
7466
3778
1535
4559
1223
1432
983
3007
962
6249
2013
3916
811
7284
5076
6768
1932
2965
6656
2467
4446
4302
1411
521
3950
4270
6692
5097
1548
1412
6712
5363
3438
47
5900
7495
6317
2373
320
5241
7166
5969
5196
4257
7808
599
2295
1523
798
3145
8063
2045
5533
8094
6859
7295
2339
4130
5587
7036
3522
4758
5149
75
4617
627
5334
5
488
1259
5463
6107
4425
4981
3339
3771
5179
7552
5775
7393
5193
7683
5648
6535
697
4589
2156
5910
539
1480
187
533
2599
1822
3825
3265
3199
1986
283
4928
4730
3671
2210
5745
7376
5948
2416
2685
7969
744
3957
8141
3419
4414
4354
6359
7020
16
7782
5972
4720
3570
6263
4007
1151
8167
6972
3706
4377
1509
7623
6455
7352
3850
2406
866
4196
2971
618
3775
5090
1302
4026
2348
1279
6375
2061
3289
4124
1273
7761
443
197
5208
1913
2189
1190
2412
2793
3611
5659
3756
3131
7820
6663
3266
4047
0
3744
7287
6664
2144
2842
2621
7970
3828
2955
7234
1982
1472
5697
6923
5897
8139
6475
6599
6536
4687
8061
7367
2368
3508
5132
6587
7697
1979
7923
1066
1815
97
1101
2825
4385
957
832
359
7227
2630
1360
3861
994
7857
2222
3653
6641
3229
84
3347
7261
4398
7362
701
7841
1767
7265
3460
2231
7182
6913
4932
308
4454
1284
7217
5877
1312
3487
722
7094
4877
4488
3519
6559
596
7500
3107
1854
6540
4138
6448
843
4573
7459
1819
7509
3767
1248
2786
5014
4339
5961
5637
5548
5175
1805
3246
1009
6989
1005
4574
8035
6922
1568
3389
1996
6910
6716
6353
7202
5778
3516
2787
3323
2636
5921
252
3591
1076
4929
2898
1167
4410
184
4312
7380
5735
2244
1897
7564
1333
7649
2762
7237
43
5104
4572
5711
6719
1262
2172
1643
2139
6608
3719
4350
4374
1065
286
1084
6072
6023
519
2912
3381
6745
4947
1089
5048
7115
7884
3892
5562
3681
5722
6786
2826
1591
6661
4993
3933
4294
372
5780
2318
3737
4022
4036
4189
3211
377
7039
1135
1724
3059
588
4168
219
3177
8036
5573
7871
5582
380
6679
1110
6423
5890
7548
2370
7747
5035
6644
6457
1375
2703
7330
7474
3637
4520
2546
5136
884
2641
8080
6779
4861
8162
2435
3014
3304
2396
3369
7744
2741
8042
4299
3029
138
3249
709
6881
1366
5225
4787
387
2910
3974
3119
3709
7644
6294
7426
7579
2194
743
7611
2112
6586
115
1750
5795
3600
5333
1904
6694
772
5564
6155
1538
5516
7427
430
1056
2865
5478
5990
3335
31
483
5023
7015
1234
4888
2196
208
7493
3256
4585
4019
5556
1949
5776
1422
6681
5413
5159
761
5042
2203
385
3001
38
1882
7085
2725
3023
1475
4380
4938
5547
7682
8145
7477
3257
4005
4242
6841
7728
6365
5956
2084
2384
5099
7098
1348
6070
1410
4967
8018
1581
3655
228
2973
3377
7862
4497
22
5213
4434
1576
5324
6689
7161
7783
5165
6575
2206
7246
8152
27
388
3691
5108
951
3308
5113
5432
577
2175
4636
278
6266
8186
2972
3032
6809
5331
1310
5318
1927
2532
4893
6059
5939
8050
7388
2027
2455
2712
7070
4620
7594
645
7105
3792
4188
6750
6243
3983
1889
3236
7021
4623
3606
4656
7407
5985
1365
1673
6569
7651
7911
53
4731
1606
4739
2226
1119
1735
2980
1307
5349
1142
1880
3421
163
7409
6139
6141
7606
6905
3197
3492
2966
764
246
6162
1510
7381
1633
5374
1728
8190
1069
1952
1934
7071
4764
2347
5401
2363
4590
7864
5854
6926
1679
7408
8079
329
3034
2675
2311
404
6756
7194
1266
1390
6
7833
767
4961
5402
5088
6961
1539
1038
3995
1313
6665
7043
3354
432
1926
2688
7266
904
3592
2859
813
4637
127
7965
2161
7069
2559
1097
3394
2721
4134
6140
699
6962
5146
4768
4162
3269
5734
8117
1804
4801
7878
7998
262
964
946
3213
2698
3342
783
8046
8
1035
1185
719
1359
4721
140
7895
3138
1844
6774
2306
6813
2827
2901
4550
3071
3195
6270
7434
1500
6505
7625
5157
7626
2343
7256
7423
4944
4088
1241
7130
5708
6579
4096
2123
7095
3924
129
3548
4713
344
409
850
6306
7796
5112
7201
7245
754
5147
796
8092
926
4800
5409
5002
7812
2632
2682
5624
4665
3553
6811
3579
1764
6835
7609
3731
3405
2130
5417
6985
3789
4842
1962
4952
5687
4601
7946
5716
5805
3608
4053
6170
7452
1636
3294
6497
4690
4069
4387
8013
2835
5422
5570
3610
20
2881
656
4266
469
216
4373
7143
6041
2498
7823
7486
3430
6660
398
7047
3699
529
7951
4459
5486
4283
7798
3084
1531
6284
7406
544
1148
4250
6604
3115
7061
4280
3209
5049
3630
1528
2464
1116
1841
7355
7929
3749
4228
6631
5909
2125
6478
1685
6556
7602
6890
5169
6501
7010
7706
1663
5647
3435
49
2102
4472
2127
1346
1169
6783
6632
6055
809
3102
4735
6833
1451
3132
3754
1898
6788
5133
4995
4943
757
45
1674
4485
60
7710
993
3573
3292
3999
5428
909
36
7053
2664
5228
524
3233
6772
6715
2809
5882
7902
6410
4519
666
5765
4848
7172
5258
5796
3069
5579
7042
190
3302
807
8065
5315
7489
6942
3207
6612
922
6705
2055
5198
3751
62
7695
758
1883
2106
5281
1032
4112
2047
1690
3126
7846
4870
4756
3845
7026
3327
6851
2824
2247
5577
7790
5612
1240
7318
4390
236
3252
4133
4220
7198
5861
5905
606
907
2117
1104
7055
4344
5243
2017
6500
6311
2940
3875
6277
7148
4549
6190
7773
3502
2571
2833
1168
8105
158
675
7090
3509
6309
6711
6304
1398
4147
1773
4594
1975
4990
6771
7212
6696
4535
5746
1694
3234
5525
8144
634
3715
1613
1507
7830
1384
7561
7800
2472
4703
3409
3657
4103
2694
4583
808
4704
6948
3359
7096
5482
2922
4821
6600
7240
4827
167
4809
7389
6933
3286
6095
8130
6538
1564
1263
4884
2679
737
3814
5847
4965
906
2709
3066
186
3278
8100
5858
1430
6323
5177
7934
3123
4428
1661
7336
1150
5904
5312
3728
5172
3243
7915
5425
6428
4659
146
3997
1423
674
871
437
5616
7215
4681
8047
7694
7084
6964
5560
3200
1043
6518
21
7972
6770
5006
6991
7891
5841
2191
2530
4953
191
485
6327
3324
1202
7163
7735
2569
2187
199
7687
2850
3544
3552
1217
4372
3157
5554
1157
7211
3940
2403
7415
1516
4885
4791
1143
4912
3996
7511
1795
5936
726
6810
6267
1988
6978
3679
897
4950
4345
799
5502
4871
5526
6693
2458
6585
1304
7267
7563
7102
5435
5793
5479
1004
3139
7733
3413
536
7575
1229
7703
4920
1994
4235
4437
943
3221
8008
1888
2916
6697
1678
2610
3605
5043
7920
2425
971
646
4865
2558
2526
6743
7713
4844
1218
1817
7928
4505
5774
3554
3505
972
4579
569
7640
4563
5975
3358
6328
6396
8006
2251
6517
3777
7312
8173
5004
6521
6520
7740
7120
3839
173
2863
1940
7170
3759
5955
1163
4152
5578
3581
601
2820
1404
1574
1583
5403
2570
3133
8022
7078
6864
4674
7865
2324
3048
6507
3291
3273
5034
5595
2006
1350
7476
1178
920
2243
4689
6945
5015
3003
5319
3911
2661
2882
1147
4945
7259
183
4897
3288
4878
3672
6766
269
3700
6064
7637
5366
2655
4773
7535
7247
6343
5828
4810
5418
5085
5223
1391
6016
96
7004
6722
4745
1653
169
4027
959
786
1868
7978
4640
4064
4512
3373
2818
7262
6554
4783
7791
1651
3694
774
8029
1726
7002
6069
7341
7196
6582
5163
7945
5074
771
3688
833
3390
339
399
2492
610
4613
3641
4386
3368
6412
1405
2069
4355
6195
6487
6415
4131
3426
325
5761
7815
2104
1000
266
4942
6531
7859
1837
8002
6921
1470
7880
1275
5954
6889
915
6435
1246
6590
7444
923
7357
2517
5531
1228
7275
5808
4802
3697
7850
7853
2834
6561
5608
1012
3683
6405
5552
7658
6106
1631
785
3110
1318
2950
2897
2854
3752
6777
1552
7888
624
346
2767
1515
145
4954
4382
7187
6790
6957
7306
5662
4107
6079
4738
7566
5801
3986
4338
4117
4194
1723
7037
2728
4864
6099
2695
1327
6555
2822
7429
6931
7113
1342
535
1006
3632
6740
1721
3613
3541
827
7128
6483
6820
6629
2900
7765
778
4676
2650
2361
6308
6100
3227
1603
732
952
1834
4824
597
2457
3240
5530
3051
3481
6602
812
6314
2871
5383
3753
4984
6177
8178
406
3194
196
4319
3989
7714
5480
1385
8158
1272
854
3216
3313
2476
7757
5650
985
7899
148
4767
5755
2751
685
327
7236
6319
7772
7610
1929
7273
6066
3564
7831
6802
4561
2051
7024
1605
7465
4353
2958
3687
6573
3566
3994
2207
763
6167
3188
6534
6551
7501
3791
3895
901
4679
4566
4129
1818
7156
1931
3380
6036
804
3479
872
2886
1760
7028
4625
2888
3872
1111
1814
4263
389
2581
1983
5749
7467
1763
8070
650
2155
2335
4896
6603
3160
6891
5235
2138
7679
11
6417
7612
2608
7492
7062
1015
7906
5309
3367
5070
3788
3206
3410
2952
7670
7745
336
7739
1376
5901
3708
3755
626
1875
1752
7222
4370
7585
6936
211
8066
6239
6283
7991
2058
1553
5713
4587
209
5824
4161
1122
5093
4087
2042
1492
6291
2375
2011
3406
1469
5883
1102
2512
1638
2645
5106
3011
3475
5167
3807
3722
513
2699
1534
4631
7226
7168
2600
6127
2184
1862
6019
1355
6875
2752
1919
2128
124
1892
4635
5646
7190
2975
4741
4744
1297
7769
6710
292
7717
7213
7475
4282
6878
4093
673
6424
4056
2380
2516
7832
7370
5285
2097
2264
4291
2877
2870
6512
111
7310
6887
6180
2330
2312
7973
5836
3073
5491
2078
3338
5498
2463
5753
7898
662
6764
6652
7277
7342
3237
4815
2606
4115
7659
2691
649
1702
7960
3121
1964
6169
7470
7258
4991
2142
1409
4406
2140
852
6906
4158
5739
2718
400
5649
2945
3809
7966
1495
2506
935
4576
1629
1776
4340
7334
6142
5338
7662
6395
1843
3668
3483
4483
4680
7719
5431
8000
6438
5030
4578
7472
1401
2088
7369
4786
6126
1130
6866
1282
7578
2075
1791
8147
2157
106
5837
2508
4395
4780
3530
4198
3445
4104
3891
1319
2936
2804
3393
4264
5246
4605
311
3120
2904
3692
8043
1334
4116
4695
1341
4363
679
4677
7033
3965
2631
2298
3627
4465
6980
3695
296
91
2815
281
5303
7455
2913
1524
5139
4182
6958
478
1140
1386
1998
1874
6814
1381
7693
4691
5994
4541
3254
4419
5907
6877
2169
171
5399
2087
276
5398
5557
2167
5488
6662
63
3599
123
2185
6867
4546
3689
1879
7175
1907
5699
247
5568
6348
4416
2536
1445
1650
4571
6733
5621
7289
2974
3969
25
6879
3333
3961
4109
4167
8140
117
2062
3669
2369
2625
3219
1562
4210
5617
6698
6776
445
3824
5933
5540
354
557
1
6488
4700
7390
476
2680
3062
1561
1040
742
4290
7591
6514
4246
6117
2434
5185
2550
5078
7165
48
1936
6439
7547
5317
333
6363
2628
4006
3386
506
226
7742
3560
5497
5426
4696
447
5588
5792
4032
696
2067
2199
554
1017
1402
2837
3078
5047
3869
5158
6937
5912
4560
5475
7786
4054
8014
7963
3626
5397
6973
6433
7597
6422
6205
6816
5871
7300
4591
2031
7077
2152
531
6725
1592
749
3857
8026
691
65
5217
318
233
3357
4588
4616
7411
4624
6789
4008
427
7356
4447
4480
5134
6058
7725
545
1134
194
571
4070
4288
5729
4915
2478
1344
8128
2652
2409
7674
164
6465
284
7571
2028
2459
6821
3434
1514
2450
5678
5702
5342
2646
1885
7753
6939
6115
3946
3978
3330
1198
1003
2740
5515
2012
7869
2211
3215
8168
5440
4045
260
3360
6617
7107
996
4086
4799
2488
530
6530
1179
7446
7469
6683
376
1400
620
770
3433
3148
5694
6755
4698
3547
3730
5227
4949
180
4413
5012
7051
998
4367
1978
1993
1291
932
8011
6364
2841
2453
1156
7203
849
2320
6148
4900
1277
5376
7045
6460
3990
2209
7066
1340
7164
5513
4010
5959
5857
1481
2143
7157
6318
2428
6128
6053
1600
1601
2723
3116
2248
2236
4469
7144
5758
6630
4496
7294
4931
8005
5940
5145
3412
1798
5077
6896
7700
916
3743
4825
3448
8133
7794
2548
1873
4766
8016
587
1602
3497
7494
4937
2471
4251
8120
2951
3900
330
198
4980
2386
8116
566
824
2903
7063
564
745
3585
7038
7816
3816
2758
7912
3549
3271
4281
2270
2935
221
4040
3136
4193
6394
1450
3939
5230
4170
7034
4580
6018
751
3918
5050
3944
1848
613
4362
2359
6640
3793
7811
7641
2602
3039
7648
7604
5553
930
2939
5266
1657
4018
6709
4988
7588
7442
136
46
150
6119
2260
1947
5421
5976
2828
6120
1738
7787
6491
172
3726
7622
7712
2689
6857
3937
5873
1567
4803
1677
7657
7290
3382
5732
4936
2351
5467
42
1861
5343
2665
1378
5190
4460
6033
4907
523
4918
7624
5980
7826
4071
7447
7616
7403
4811
5427
7461
776
2148
6199
1974
3612
1890
502
7052
2
3968
4346
2451
7059
2595
806
7255
2613
5884
2911
1268
7661
7238
3745
383
2290
3859
2666
1536
4343
7937
3005
2192
4324
8132
5536
3528
3568
170
1736
7441
5829
7938
1115
5197
2288
6508
2801
7200
3218
6659
1326
517
2731
5345
7863
3656
1460
4431
493
429
6690
2355
561
2906
7225
5592
7941
990
5267
6098
734
4011
3325
5757
7913
4455
5058
3187
706
7931
2413
3598
4316
2377
2591
2193
3147
7019
1620
5682
5501
3521
2286
6883
7632
7257
30
6373
6366
629
1501
7027
4829
1995
1794
8135
2020
823
6884
7332
5025
3036
2701
1865
7731
1427
944
3587
4092
6994
683
6503
7667
6754
6963
6574
7398
7690
7645
3912
7678
703
5811
5311
676
5981
4537
3841
3185
8156
3489
3242
4474
2085
6436
3713
563
1740
7530
7288
6649
6171
3230
3184
365
5105
2677
6350
2994
7858
8143
1825
2967
6842
8182
2707
1887
1850
2860
7870
3319
1336
2810
3461
5279
5354
2000
4191
224
5207
5951
1570
2382
3006
3214
3768
1579
2301
2737
2813
6060
7325
5545
1053
1058
7618
2292
3882
6589
3496
8184
2284
7699
6836
6358
6746
7106
4910
4457
1991
4441
7005
1448
1722
2352
4697
2514
1487
1474
7528
2690
7774
1145
6596
5447
3398
537
6702
598
2856
5597
5144
4289
3520
3914
5461
4295
5446
8098
4968
5879
4527
1725
7220
3928
6799
3031
441
712
1877
6893
7491
2261
1656
2133
4772
8175
567
2729
13
6065
8095
2115
301
7955
8179
135
6144
342
6149
101
141
6253
5644
2490
1618
8075
8091
3056
6222
756
4311
4959
1908
6625
7032
2927
332
6911
1023
6778
7177
2307
7337
2090
3513
6241
5507
5430
8084
7538
6054
1504
3526
591
4935
4785
6102
3893
3112
5173
4051
4199
4083
264
386
6090
3166
590
1153
7197
3103
7214
5585
2672
2593
7462
1216
5255
3350
4095
3141
2970
458
2304
3943
7366
357
5784
1002
5872
1294
3956
473
7278
5771
7174
5945
6549
623
1777
6986
6671
4181
4432
5069
6984
5760
1639
6654
5438
6626
4632
5602
6176
242
888
3849
6872
5812
3422
3576
2149
3878
2240
6634
755
4557
5127
2563
3833
7058
5785
762
2096
7526
3787
1614
4334
6261
5830
2439
8169
4313
405
528
4048
2124
1477
6544
1082
64
2046
6017
4033
8001
4770
6685
667
4175
4477
4598
6843
644
5717
2273
4657
2518
2126
2342
360
4046
3951
3917
6606
4076
5029
112
3860
6637
4644
4013
7813
5166
3780
328
3477
5672
107
3868
3638
6335
5122
3453
687
2989
2475
918
4858
5214
6258
6838
29
1811
6411
2218
549
1107
2111
2987
3124
2305
534
7908
3317
7346
4964
397
4996
5665
2644
5899
7314
2956
4320
6873
6758
6888
1665
6570
4663
6970
2060
1471
4970
3705
1212
1884
4202
4466
4642
6220
4814
7283
6091
134
1396
6763
1955
5982
1985
3384
6014
4200
6303
4321
1786
5278
3494
6262
966
7057
7691
1329
5351
5606
4654
7345
2122
4706
1824
5709
2733
1453
5807
1899
1399
5653
6434
4468
3507
217
6485
2443
2659
4091
5781
6618
7368
2915
7110
636
2618
1434
3143
6443
6829
4763
341
166
2465
3696
4521
4388
6245
7347
6392
6668
7361
2065
4237
7056
7720
1627
2372
3146
4020
7549
2957
4000
3932
4817
2864
6152
4065
4606
954
3127
1160
2778
7440
3144
4467
4231
5137
2858
5987
6259
4127
2440
989
825
890
6761
3858
8027
7989
7519
6442
4746
1027
4683
3474
2132
3658
3387
2034
4329
3441
1688
1922
616
1757
6861
4883
7924
4203
2585
4405
6894
2745
1498
1869
1505
1303
1295
7608
2722
6669
2564
2984
2269
5103
6282
6068
6658
6104
2792
6966
6930
4079
202
2565
3274
2735
1128
4060
7541
3097
7819
7537
3532
6029
2744
4186
5010
245
6296
1231
6760
3100
7173
2838
5337
3191
1476
1352
6928
6840
2919
7463
4532
7496
5911
5891
4126
3155
8129
4137
1073
5764
874
5081
4348
463
212
1619
6367
1458
104
1455
1316
6990
4958
5815
2507
4173
1315
818
7274
5151
4121
2540
3013
6233
3934
3536
5524
608
3609
4123
5903
6032
6914
4608
7957
3374
5124
6351
151
895
3741
3363
2235
4754
5960
8106
4042
37
7487
7235
3935
3673
3186
5600
2387
7351
5599
3836
1714
2302
6509
1686
6467
7534
4682
1250
5567
3060
1494
1853
5302
8023
5252
4473
1590
2789
4710
2390
3572
2214
1171
420
6724
1857
3020
1521
2466
7298
5423
6728
1511
718
1597
460
5084
2551
2575
2953
7438
2162
4351
1954
4528
271
7768
5991
1802
7285
3661
3472
1598
3801
6132
2777
1895
5092
5565
4542
2785
7382
5471
144
3151
3388
1559
6235
2113
3425
2171
6819
492
3383
4332
5876
6484
4638
3068
4142
4481
2705
417
59
3076
7358
7239
287
3122
855
4307
4424
7802
6557
5878
2572
5797
4034
2230
7925
2656
3379
6013
4567
3783
5971
8113
2316
842
7229
3093
3894
1361
7073
2891
5922
7617
1257
128
4369
1713
3652
7169
585
7046
5395
2806
1827
1692
5384
4666
1788
3052
870
6011
5051
7089
6341
2091
4150
2580
2992
1164
1846
2908
3853
6781
7206
6627
4622
5831
7188
7845
4548
5412
6729
4234
1963
3718
4685
331
2001
3529
2885
4230
5590
5362
5184
5527
3677
3088
2436
5862
7890
6863
6666
7634
7545
1828
515
2592
2389
8093
4259
7600
391
5468
5926
4728
5591
960
6949
2589
4621
575
7953
153
630
4204
5727
3224
1114
5174
4323
1465
4192
2861
5059
6946
5598
999
2844
4105
299
5270
859
1832
2527
7151
1836
6279
6969
3804
6034
8146
7224
2470
6454
3070
7781
5791
3729
160
1253
5609
1011
5822
2529
1425
7905
3633
4359
7171
7593
470
7428
6731
7605
4840
7918
6695
6516
3779
4722
3927
1055
1183
4716
3797
1594
2596
5816
6703
5657
6543
8045
2555
1200
1571
310
7643
5274
8183
229
1572
2322
2868
3776
655
5300
988
891
51
4110
4975
4736
4901
7083
8087
1129
1308
4275
1587
7268
7599
6806
5603
6792
7746
6089
3231
2092
4389
5654
7327
5294
6074
2535
3954
4523
6376
5917
1154
161
6191
3808
600
7142
5593
4240
291
2018
6646
3170
6903
4619
4285
4604
6636
689
3085
4456
5392
2177
2590
218
4439
73
6111
1847
4226
7567
5400
7956
5715
2489
6953
1813
5016
465
7387
5893
4024
622
6416
1616
7508
4522
6097
1989
2473
5355
2852
4111
5918
2750
1206
3247
1255
503
6342
152
177
4284
1881
2150
3348
2245
1586
4500
5260
2109
3263
3101
7242
188
2183
4941
980
5833
7842
3212
2929
7708
4159
2345
1792
5721
2100
690
6552
5544
8076
1322
3765
7986
5404
5913
2839
2040
1074
5967
33
1486
4554
7445
8040
1584
4476
1372
7136
671
6361
5924
7359
4609
239
2797
5046
1108
2414
434
7885
3396
408
3710
1992
6846
6827
5666
6413
6295
5677
6837
7490
3811
6749
8058
3329
1858
8126
5283
5581
7999
6920
1028
5870
784
4384
1608
7775
401
6085
5520
840
617
7421
861
2374
6594
7108
2200
2278
472
1915
3597
3527
6123
2765
2433
8160
3556
1252
3844
6591
875
5329
2419
4595
1923
651
6307
4881
5655
1744
5574
4502
731
3260
5322
4303
4603
7572
289
4169
4634
4755
4924
3712
4782
7904
3027
7792
5881
4012
3604
6831
4508
1969
5983
2887
4837
7825
5754
1314
6532
3485
1628
707
8177
4333
2764
1808
4139
1660
4846
2611
6682
1127
3898
5335
3158
1734
5216
6546
2617
1701
3340
5743
822
1611
903
2381
3601
2545
4903
853
3817
6440
7424
2686
2753
6310
3162
3355
3397
6168
4412
8153
5075
3962
5555
3690
6815
579
5452
6255
2056
2297
3283
1098
1580
2795
5464
4475
848
2749
2383
2285
1227
6807
2772
4430
1796
4960
5635
8004
5825
594
7281
5036
3864
2738
1037
1645
4035
3356
4394
2050
1197
6956
3499
3835
5121
6236
4922
6486
5689
5360
7705
5229
4125
5013
2531
1210
3500
347
6320
5180
1061
1863
2431
6322
3922
4426
1036
3456
3648
118
1300
1377
8030
3636
885
1820
7849
2769
3065
2022
6081
4461
5352
7613
6087
3723
1106
4851
4144
1345
3137
4149
4822
4558
2147
5514
3724
698
5483
4244
4887
6324
481
3545
2202
7633
5820
2978
7048
6287
2776
6101
5210
4747
4379
1547
508
23
2615
178
3827
3574
1648
2053
7088
4114
8064
3091
3043
2823
1652
7520
4375
7147
3321
7269
8118
2083
873
477
7074
3164
2917
7117
1829
1010
3174
5571
2634
546
214
5979
1803
6965
3030
6137
487
1909
1916
864
8028
7821
6354
2534
2366
5523
3046
1599
1349
5718
5189
1213
2671
7876
4962
4547
2802
910
2364
3105
2770
2198
1712
4986
6227
2098
6213
5908
2228
4166
3795
370
6206
4629
6078
3838
4748
4420
7932
4165
5066
684
7856
7395
249
2742
110
5787
1136
2220
7867
5178
4383
2003
7293
2029
7086
2082
4678
1513
815
2253
3735
5096
7806
1789
4646
1270
7527
5704
1208
5110
4902
6672
7433
1732
5114
3028
934
856
6133
3245
6159
5378
7829
5894
3395
4867
257
5489
4305
2205
309
4882
6870
1029
2603
4328
5806
7154
5522
6635
6385
5730
5170
2803
1389
8121
3459
2325
5863
3615
4712
5561
5353
4438
1461
4724
2757
1099
5984
1285
821
3543
7297
7701
1373
79
4516
4205
3903
7414
6040
5930
5264
3607
769
4776
7673
4151
3921
6925
1617
5250
8082
100
728
4004
2349
705
5038
157
3447
4673
2963
900
7323
2542
6186
6173
5844
760
5675
4185
3172
1357
4898
3664
2773
7127
4221
6092
7685
2313
7874
2315
5453
5289
411
1454
6130
4538
7669
7218
5380
345
6850
5484
6620
4258
7065
5347
6713
6513
3624
4927
4278
2687
462
2493
6707
2879
7752
3693
8166
2520
61
2626
3232
7404
6653
2227
402
3790
379
4378
7502
1479
2635
4458
5962
5200
2663
6201
5443
7112
7001
4015
5202
6211
7886
6389
1845
4565
1395
748
7729
4273
1337
1413
1254
956
2353
1680
7317
6268
8033
3378
5091
5458
1079
1247
1071
3349
6730
3602
1353
6647
2009
3416
120
973
552
6524
2338
5703
1335
5770
5162
6441
5611
4336
1533
4610
1720
4921
4873
6369
4195
4667
7788
2101
3226
3153
5768
4847
7498
6824
2241
5080
3557
2734
2633
5724
1525
6943
6471
5372
3812
981
3913
2528
6349
3128
3732
2356
2768
6645
3843
8112
2821
1830
4518
7432
5154
3740
5062
3644
4998
929
1765
1459
7311
522
1438
5356
5232
234
548
880
6238
4852
2627
2706
4073
2946
6678
2469
456
3253
6566
7583
5631
1519
3867
1320
788
4357
7111
2080
2326
6164
4615
876
2262
2616
5155
8072
4214
5233
2201
5691
1077
7933
6420
6250
3173
314
6407
3022
4750
4543
4529
1615
2035
1274
1408
1485
4261
240
3033
2670
3468
1192
2180
3929
2996
2759
1999
7877
654
7919
8015
3565
7763
3851
3042
9
3594
6794
5495
6426
7837
7738
435
2407
362
5109
5444
1526
5725
3135
1490
912
348
7460
3711
7917
3493
2173
5842
1669
831
6677
5558
6803
4743
2541
6999
6526
6384
1364
3296
2456
7851
3512
739
4705
4209
984
2678
6576
4645
2054
2866
4894
3837
7824
3880
7405
7909
7672
5892
1267
6445
1502
4082
2895
2702
3399
5819
6271
2968
381
5938
4863
1938
5835
2291
261
5201
3714
3104
1612
1078
3408
2404
2775
181
584
5925
7437
412
8104
3463
7776
4451
2232
639
5282
6138
1578
6680
3698
1957
3621
3902
5539
1699
7653
4633
2135
3241
4503
3008
6916
716
1046
448
7276
2988
1793
5698
3964
7889
6742
6882
4711
4271
604
1205
3970
1545
512
1672
3094
7512
7160
1871
2700
4987
3021
686
7785
426
5056
1859
277
3440
490
4421
8041
7532
4135
8151
2246
1393
6519
1771
7807
3704
7784
2095
2503
7412
2509
1363
4099
4498
7505
3439
7513
1573
1766
7964
4562
321
3794
6791
5308
3537
373
2986
2421
7590
4090
6904
1424
5532
7333
94
6450
35
6031
1414
2154
1235
2928
4759
6221
4533
7391
2997
2131
3204
7748
7296
700
1394
274
1681
2263
6332
1667
6007
7854
1716
2037
7927
7677
2511
4072
1016
7241
5326
3992
280
3546
4693
625
6528
1704
5465
2408
1520
2480
3293
1243
6444
237
8191
7123
7936
154
1810
5550
6209
2676
7041
6352
8142
4055
4463
5651
2784
6823
1671
7533
7101
5886
1299
1162
7307
2832
8031
4277
3991
6402
986
3282
899
921
3318
1809
511
5434
2719
7797
444
5683
2426
2584
2277
4582
4701
1607
1041
3480
5296
4407
7162
1774
790
5171
2523
6897
230
6429
1930
2674
8010
419
6046
2923
495
3392
2447
1635
1945
2662
323
7373
3815
3884
3834
4422
835
7992
882
7008
3590
3316
3660
775
3420
5277
931
1761
4164
40
1749
2265
4309
1733
6655
7371
3255
1013
78
1894
1655
7958
2350
2855
57
7531
6456
368
6717
5988
987
2234
2807
5519
669
5563
3482
6183
3473
6462
1166
5680
5361
2344
917
1751
3427
2896
2340
4899
5788
302
3682
941
7839
8086
7550
6421
4708
2068
3910
2609
6476
1709
3109
8123
2562
6052
668
4154
6325
750
5128
2726
4499
3586
4971
2442
693
6185
7302
7180
7838
4493
2847
560
733
5719
69
70
4913
4797
6581
4102
6158
5804
7451
1072
4725
6286
572
105
1577
7439
1582
5476
5239
4930
4709
232
2367
3000
3089
7479
5845
1092
3281
340
4895
976
2063
5744
72
5927
711
5026
3465
4254
6826
5549
143
6156
628
156
5958
4310
1687
89
7076
2049
7458
5736
6651
1768
5849
5387
4586
3575
3244
1462
924
3667
4940
4470
6780
1782
1155
1081
6326
5039
3072
6727
4052
863
3190
4974
3904
6748
17
6321
1797
3220
3455
4707
619
3038
3649
3223
2814
5583
4484
6397
1961
4806
3083
3665
39
2014
7692
32
4729
1173
3702
3960
541
1842
5236
5929
6983
3663
6868
5986
5424
913
3945
4409
4818
7000
5328
2002
5741
6242
5748
2043
3154
7228
1256
413
1317
1296
1769
1905
1478
2289
8037
7035
4686
182
7779
4926
3534
4494
5160
6747
7392
2914
4304
4999
4217
5003
5161
7900
1057
225
2574
98
122
660
422
7488
1496
632
7134
479
6406
7557
6232
2217
2258
8148
2393
7971
3906
2588
1730
6189
2638
1755
7329
1563
6886
5944
3685
7789
5869
2415
3874
2849
7749
3490
5061
2044
7153
3437
5664
7586
8024
5415
5586
4293
5619
7017
839
2857
829
5375
6522
3149
7553
1754
2790
5005
5206
455
3309
3563
3351
5534
4626
3312
7718
200
3773
643
1117
1849
4058
1392
5199
5141
6012
2943
5766
1443
3873
7879
6628
4874
1158
2985
3676
8019
4160
974
4050
2883
3854
1948
3175
7079
4777
5865
438
4308
7416
5032
4781
3819
1666
2510
4108
3044
5965
3993
4923
2254
3531
8069
4174
5377
8017
4089
5875
5249
5098
1941
6372
7980
4267
3299
1799
480
7149
710
2427
3716
6657
8154
7517
1245
1781
393
7901
4
6393
3511
2607
766
795
7981
149
8055
3037
3176
1196
431
1444
6492
3981
3523
7219
4956
4330
5481
4098
5952
847
5072
773
2954
3645
1745
3300
2275
8048
4120
7730
2961
504
6160
356
6449
2539
3506
1951
1215
1555
6621
5756
6515
5007
6374
4489
6256
8067
484
4122
7049
108
1630
1189
2219
2549
3747
3267
3998
3984
2280
4906
6143
4260
5071
6935
1715
1100
5726
1367
4495
1358
7681
5226
5508
1152
2567
5676
8125
5449
7543
4805
4798
846
250
3907
695
3631
486
7922
7431
2791
6147
5276
3580
4106
3596
2620
694
5396
3192
4156
5615
5393
3334
3343
3235
1085
5385
2830
5129
3024
8012
6558
5643
586
7454
6333
892
5859
5783
1251
1338
7248
2030
3075
7091
940
3228
428
7872
7764
1090
5346
7506
830
5731
6197
2195
6020
6844
5546
7581
7167
958
3403
3053
499
5291
7873
8187
7104
7967
5834
3429
6192
168
2497
3555
6022
4555
1467
2160
4077
3315
991
116
1417
5073
6959
3017
7007
2537
5212
5623
366
7137
2008
6093
8057
4342
8054
1096
121
4813
2998
2932
4628
2070
7453
3733
2163
5800
2496
5846
715
633
860
6769
4832
6593
2358
1449
6181
664
7950
5607
1287
6071
8137
6691
2441
3015
1374
2137
5020
7860
3584
3659
7584
3949
1878
1298
4442
415
7709
6275
1499
865
5639
5067
273
5143
5218
5060
2107
2432
4868
4914
4630
2151
1838
6042
6345
6553
5437
2129
6577
223
5111
5219
4670
1258
7620
1966
7430
2481
6944
4132
6129
2182
1506
4602
7191
2981
4694
6571
7734
7896
4946
5168
6293
3276
3087
6360
6735
3444
6025
4128
6290
2931
5381
1146
6301
1292
3982
4141
6447
3941
5551
3268
352
5695
3643
6613
2925
1970
4639
721
8025
8159
2114
7835
3517
3738
6094
2023
1188
3571
525
1748
4253
5456
4672
407
3879
1468
6987
7892
2074
8053
5057
3484
2116
2224
6869
5474
6229
5222
5365
5614
4272
4643
4433
165
5263
3264
7827
433
1943
6174
7818
41
5457
7006
7507
6216
5633
2108
501
3025
3748
3625
1517
1700
3887
3642
5086
3503
1833
3248
5494
6037
7396
542
7939
1542
3129
724
1624
3558
7349
4717
4187
6563
2099
603
142
4769
7810
4301
5852
6919
7250
2845
6834
7861
2454
6738
1711
5027
5215
2015
99
5454
7894
5469
6427
7199
6408
7131
2649
1379
192
1698
2597
6418
6109
925
5634
2024
7443
844
4593
1807
2266
3332
6207
1532
7075
3717
4136
780
5369
4804
5950
4423
81
1956
3761
6021
665
7100
6610
3251
1893
338
7587
2754
7012
2730
2947
4471
7044
1159
243
3866
3111
4404
6908
820
8032
2926
1407
1801
2477
1132
6496
5008
403
5763
2816
3976
6210
7282
2583
5642
7417
5928
4857
520
2894
6086
3829
7013
3948
713
2294
3920
5679
6598
3431
1428
6274
2693
6704
4435
4820
3567
2840
4994
7484
1026
7176
558
1960
5410
4600
2485
1549
6114
4222
7126
8071
635
6793
5140
2720
7568
3640
5738
1779
1144
7185
2831
6619
1860
6741
2395
5371
605
220
2252
3651
1821
3077
4979
5674
7140
3915
995
6782
6498
2378
7942
4511
5838
119
1488
2553
6673
2995
363
6105
4227
2761
113
6564
1054
6044
1281
5692
2079
1664
2964
175
4063
3287
2487
5466
2121
6871
7755
953
4402
576
1785
5906
6305
6899
1953
965
4655
6368
5888
5630
7987
2948
6676
248
319
3061
304
2038
3901
1343
4448
3746
1595
7184
894
6490
335
2934
5589
4732
6056
2259
3863
7304
5671
4427
2543
4853
2423
3272
7881
66
4611
265
3662
7209
67
7638
6116
5094
5932
7050
7732
