8141
1467
944
3997
4489
4712
38
5663
748
3370
234
3844
559
2404
7448
6483
819
5798
1926
6302
5373
2102
3992
3462
2722
2810
114
1309
2585
1573
6184
2815
5335
953
5142
6606
5171
5187
7102
2653
7052
7824
7381
2985
5606
3472
2087
687
996
2654
1990
2790
6034
5875
62
7536
1283
3759
7658
7530
5011
7460
1981
4988
2229
6794
6270
1328
3291
1955
3443
2515
5500
2086
442
5934
4413
1307
7811
1408
1856
21
6670
3995
1006
1828
3820
5952
5181
7190
1120
5192
1447
47
625
2436
2052
4556
7678
3203
261
989
7964
7452
1723
4275
4264
3984
8077
1337
7260
4026
2434
6377
776
3258
4233
1636
3973
1362
6448
2134
6276
542
6633
2796
247
1347
5154
5346
2511
5223
4139
476
1889
2242
1076
5264
8166
4562
4532
7345
2876
5238
4965
1832
6334
2740
5854
3861
7837
6186
4794
462
4364
4660
5249
348
4716
2709
5406
5262
6309
5441
1710
3907
2017
619
3893
7553
5754
3421
6429
5236
4421
3360
4742
3372
5319
1423
3525
3795
6204
3200
1743
6704
1654
3684
493
2583
2634
5349
6291
6695
7587
7342
7554
3102
5685
1410
3970
4980
2169
371
7014
1621
6191
160
1290
4568
6319
466
4350
6817
6804
6248
3623
6740
2042
88
7150
1772
408
547
6527
5964
500
2215
3206
2768
3030
4378
6063
430
3669
3493
6536
678
2030
6484
5076
743
4554
5583
2633
3725
7149
6803
7267
7181
2541
765
7287
7883
4845
5741
2708
2425
2486
1281
5337
1699
7754
978
5987
5331
2962
3466
239
5317
3357
623
3937
1847
2206
3018
3061
7414
3144
4429
6412
2921
4598
7704
4649
6351
6494
4481
5184
4833
1781
4706
5212
7524
879
3556
150
505
5322
1848
3946
3619
3911
746
4970
6991
6115
824
6530
5265
1402
1550
7182
7085
2177
7727
3803
5888
2712
8144
1801
3917
4621
733
1472
4700
1614
2781
2389
6710
2189
7954
2015
1424
5651
974
2907
34
2452
3656
802
6754
789
4333
501
4406
4829
6251
735
7585
7055
3535
7677
2445
4167
8147
1716
6644
2687
4231
6490
3486
8173
6205
4713
1515
1891
5343
8073
206
4372
8169
7426
3273
3787
2450
4853
5382
2055
7355
6003
2767
5055
2738
4966
6318
4042
540
6910
2597
6230
7800
3355
4807
2723
1041
582
2285
2531
227
3617
5695
2518
5825
281
674
7457
4037
5852
3823
5124
6033
1953
3414
5621
4066
4928
2899
7810
3582
2543
3862
874
3928
3817
2145
1296
6031
1335
6398
3516
434
6439
207
5507
5925
5681
770
4721
1681
4983
3455
4550
2146
8189
2005
5272
3546
4484
4330
4630
2714
3368
7103
3492
4320
3449
947
448
7548
2524
7944
7243
3177
6641
893
5947
2275
5808
5897
1214
1918
1079
7560
3531
6941
3402
7093
1348
1116
1499
4365
5860
4214
630
6570
5323
244
1143
3049
5060
5803
7049
1189
2718
2377
2539
5573
2190
3753
1096
4681
6790
3777
6254
189
4207
3442
5532
657
7015
7922
1590
1466
5362
6168
4324
5624
5086
8102
6956
7640
2231
3381
956
6016
6853
5797
804
2692
3244
4674
6841
4679
2848
3728
334
1936
4058
3578
2963
6279
5863
6068
1815
5286
2931
5071
5822
4445
7237
6209
4479
248
1766
486
7518
6702
3612
6519
2194
105
2121
7180
7799
4564
352
6503
2660
5452
1542
1951
1620
3438
204
850
7599
7918
926
1311
2501
5878
3398
7449
3512
3854
3742
1134
5370
4718
6966
3116
4655
3154
971
2874
4021
474
1277
5840
1888
6289
7862
5424
4861
7431
5652
3460
2333
4876
7153
3062
4950
169
858
4563
8175
4034
6408
1418
4159
5956
2082
3629
5812
417
3108
3332
3182
2499
7722
2678
4071
5869
5073
2795
2120
6561
4540
7477
3592
2560
588
5508
4948
1846
2599
4873
4910
2226
219
3731
5240
2347
4391
1133
706
5541
2269
3085
741
2152
904
6221
715
5146
8114
5969
4764
6978
7268
5974
6476
499
3187
3548
5409
2696
668
3314
7226
4973
5697
4931
5202
5241
3295
4975
2125
5282
745
1291
1616
7769
7847
2118
5894
7472
1885
6558
2298
3752
7577
7846
7828
7135
354
7214
3440
4836
4882
6420
1069
8116
7888
4878
578
431
5610
6353
7465
5769
1378
6545
1728
5526
7552
213
7466
4669
5326
6078
2066
6510
1275
4590
228
454
3506
5209
2679
7725
1593
3277
5917
6798
496
2453
4633
5459
4449
7099
6632
8023
5008
855
4414
5792
323
1741
6867
6984
1899
4088
6842
7263
7596
1451
7418
8081
6869
1434
3151
103
4778
1436
5845
5900
4879
8186
262
3399
3733
221
2860
5329
4943
663
898
5727
2489
85
698
2299
2752
6376
1945
1735
5738
1900
3428
2412
5622
6531
3858
8046
424
3431
4729
256
520
7619
2108
6487
3233
7148
1750
1170
3251
2975
2307
92
3554
5993
1859
2858
4049
4204
340
1216
1479
3420
7785
4960
725
5547
3659
6719
321
3897
5744
3264
111
6175
3379
3432
1844
1704
3050
7173
4237
5033
5751
3260
1617
4752
1632
2261
2411
7523
6905
3926
6659
7939
79
3190
3562
727
3483
2131
5523
7132
2440
274
4548
2726
134
1325
3302
2339
3547
1403
4643
4486
5537
7928
6828
5673
4848
977
310
5438
1102
7479
4820
410
7665
2941
3639
4072
4709
3949
1400
1367
6440
18
4817
3141
2516
1056
469
2465
432
6055
4357
2408
5737
2343
1332
856
3804
7629
4398
5447
7774
6775
6170
5835
2770
979
1501
697
5996
5291
3536
7270
7885
3058
6954
5880
433
4158
3801
5463
131
644
5339
5429
1690
1865
359
318
2250
212
4651
6859
7987
5460
5180
6878
3770
1357
2085
4103
5247
439
908
7519
4765
6936
3283
5469
805
2480
1316
5066
2076
3074
3400
5092
5492
826
6755
2676
3736
6470
2964
4338
2812
2400
4056
7362
4396
5601
6261
3319
4843
4786
4994
8037
4561
7201
2228
2009
1883
7869
4381
8103
3218
7141
6392
2065
2896
1080
1805
7036
2182
5219
7622
845
4632
7054
522
3124
3761
7521
7904
1580
5892
3189
1197
1736
4316
8137
3662
1664
1797
5471
8049
2126
99
356
7714
4319
5712
2498
7165
1319
3998
6514
6924
3878
4236
284
3651
4418
6973
2335
7843
6981
6847
7706
3006
4580
7229
2022
1623
3577
86
7744
7386
1209
3271
2060
6942
358
5804
194
8109
211
2905
6147
5367
7734
7046
5036
5178
2104
753
3632
161
1272
7652
3942
4032
4087
5570
5214
615
6072
6438
6860
3027
2913
919
3084
4085
4004
8127
8032
5480
655
1263
5707
375
2207
2886
1174
3786
4552
6713
3602
1613
2471
4941
63
96
2831
373
4677
5116
2799
4957
3413
6729
6133
6005
7003
1612
3181
225
6896
6093
5955
2581
859
4512
7018
3130
5302
2974
7200
5132
6122
8010
5431
6287
2947
780
5324
1225
5360
1734
3895
5677
4658
7970
4567
5002
6998
3884
4002
3631
5032
6877
5949
7593
337
4465
1188
7145
2669
1712
7656
5075
7757
2500
6777
5069
1870
7643
3254
759
3371
4368
5833
3689
7604
166
6395
3870
7807
7919
2749
5020
1784
1031
1414
1112
7503
1465
1111
42
1497
2777
7990
7059
5144
2424
7168
1816
1663
6358
1052
4644
6952
1835
2454
5954
5615
3082
2044
4743
5739
1217
2754
4810
8039
289
5790
3772
3356
1983
6679
2100
5777
6026
526
8051
7404
7420
4079
174
6458
1869
3325
2203
2855
516
1552
4912
3549
6735
3468
6838
7023
5655
1947
2813
6667
5524
3591
1191
1036
6554
6297
3292
4576
868
277
4230
2665
7586
6199
6520
4904
7833
5050
7196
4685
5617
1908
5569
696
602
45
4745
7183
5199
2736
1675
5297
4920
7266
6364
1483
3406
7662
4824
5333
1887
4714
7076
6683
5832
2849
818
2395
2517
127
4759
3670
5023
2329
306
3857
4001
2683
6043
2520
4953
1619
734
4325
4222
4788
6259
2677
3572
4009
3433
4828
4151
5953
2000
3587
5512
2623
5204
4362
6685
5316
1808
6567
3257
2763
23
1858
437
3239
5082
1539
2286
4890
1641
1063
240
3198
2059
3758
3978
69
3744
1504
2828
5831
2596
4206
4142
6681
6228
7122
7709
4334
865
7486
6856
6048
233
551
2456
1574
3711
7223
3293
1261
5631
842
3294
637
2506
1575
6313
749
4229
4294
1422
3023
4604
7227
4896
3454
3642
1942
7831
4241
5269
612
4462
7895
5103
5495
4505
7866
5676
2267
4497
5437
1831
2710
3235
6335
2645
556
732
2998
280
5365
5536
6076
869
2798
4062
7154
810
2321
976
4921
3230
5991
6207
6669
2183
4880
5729
6906
5657
1732
6544
5920
6538
6766
5461
235
4748
7064
3940
1589
5418
5169
268
1295
7742
6814
184
3588
2882
7032
4751
6742
7026
756
3301
5910
4991
4784
4634
283
1839
6347
5837
7053
2691
4433
5594
7816
7212
3939
4015
6992
5732
3695
5407
3246
3069
6995
1916
7756
7124
275
3962
1763
5666
468
6692
6563
3782
2997
2615
6426
5904
2249
6616
48
1852
7506
7546
406
2320
6042
7090
5644
494
456
1770
3723
3903
7915
7416
3092
7395
4428
6427
1200
1909
6220
3500
6583
5341
3338
3811
2319
4304
6600
5279
3605
5728
3704
3719
1013
4825
4524
1666
6281
999
2455
5245
2814
4663
2774
6743
2356
2845
7156
4363
4790
3247
6568
3856
6651
3388
7464
5901
7723
3117
2428
889
4572
7276
6509
5826
5850
4033
1150
949
6974
7880
5830
5000
1060
512
1469
6383
576
338
6075
1513
3047
1198
906
5961
3950
154
304
6866
2697
1997
8135
3178
609
7721
7322
6888
1090
2405
1075
4005
8004
5009
4801
173
1183
2852
5123
891
4464
1033
504
6231
288
7598
5393
2421
7295
4606
4969
4840
6012
1949
1417
1019
1777
4346
2185
3580
3470
5957
571
6819
4318
5992
2172
4281
4081
5057
7130
3969
6385
7694
1463
4385
4161
2990
2788
4165
5791
963
5205
4844
3682
7563
7613
558
5725
7121
1082
7702
4938
4313
795
5589
2594
7251
6565
4919
2073
6262
3519
875
4656
2305
3541
4166
6705
2323
6580
3800
3016
1999
4309
4699
6080
6890
3426
5018
7061
847
917
1530
6123
6673
6485
7535
7699
807
1331
2675
1271
4666
1240
1285
1369
4789
2794
2646
3683
5551
1877
5289
2279
3439
128
2885
5730
197
398
916
2474
440
568
6155
6397
7823
627
923
5995
6143
6153
6179
7035
961
6240
2214
3374
5742
6280
2745
6688
6904
2887
7620
4117
2205
95
3528
8188
5871
2068
6480
218
2954
992
2430
4956
1308
3509
5922
3809
482
7390
4724
4913
98
6174
5943
8140
6893
7422
4615
4622
938
4618
6693
5701
2545
10
5618
7934
1872
6525
1944
1359
7236
7070
3565
7851
4282
6715
7827
7886
3303
2053
201
6349
3225
8161
4868
7516
5602
6441
1919
6089
3385
1025
7887
5292
1813
178
1904
867
7065
2758
3921
3256
4944
7207
833
1226
4114
5104
2457
5422
3346
7567
5542
4172
2156
5217
2157
3395
3161
4101
6609
7758
913
7858
7128
4792
7435
5986
5191
937
2293
6610
796
8124
2048
2467
7332
3667
1262
8146
6233
2109
2067
1124
1404
3947
2151
452
7625
5945
757
6532
394
6112
2556
4849
2772
2103
5713
1836
6972
1684
3597
5436
3846
751
483
4052
4394
5261
4119
3585
2562
4675
6849
6238
4859
1442
7514
4968
8054
1687
7012
3401
2448
91
3646
2049
1773
6542
5140
8064
2262
2733
2378
4283
7105
8085
3590
5061
1749
2263
2295
5045
5918
1088
4888
343
7898
6822
5642
4908
2942
5004
942
6384
2930
1837
786
4145
5877
5243
3960
3186
5028
2734
7806
7512
2818
7257
163
4900
7724
1377
4431
4773
1149
2386
1394
7925
5632
1639
2681
1643
7817
6451
1115
6340
809
5290
4011
7412
7136
1110
3162
4405
1814
2657
2451
2160
3365
2317
4469
1020
3696
1994
711
7899
6549
4962
2980
7735
1104
3924
5585
4594
3909
4195
4611
4202
7937
1211
2705
4578
1965
4797
6852
3316
2340
3241
3331
6850
1391
1692
2505
5818
2349
7363
6614
5027
594
1213
3128
6074
6146
6731
7259
4215
3876
5273
3840
1757
5168
2792
638
7538
5374
1089
3308
312
4164
6090
8165
2555
5433
577
6047
5851
8021
4990
1141
1428
4010
5948
1425
1108
3029
3222
4605
6150
7855
1256
1024
5499
3173
317
7936
7202
7531
3496
182
1779
3693
4266
2944
7272
67
5694
8075
7949
3327
3038
7627
1948
4852
4682
7199
1320
4295
3542
6167
4719
5342
1605
2735
2390
1686
946
7343
4955
1896
987
3521
1964
2355
1924
6277
6786
1195
8105
4154
250
5895
6325
7187
1128
392
7578
1630
2218
5025
1597
852
6550
326
1933
5959
5766
862
6360
7256
7698
2530
4915
3075
4715
1703
548
4870
4265
5531
8050
3252
1190
3089
7761
5867
2484
8
3498
3963
253
4007
11
4740
7675
5457
6535
2257
2628
6227
503
554
5834
2529
5715
4536
895
370
6145
8142
4210
5207
77
7957
4638
7033
3956
6473
7752
6933
1792
6137
2933
1503
1336
7318
3919
1563
4472
2201
5568
7152
76
2955
333
4838
5502
7572
5533
2889
3473
2463
4805
1496
3915
7634
3482
2909
4106
1599
6409
6778
6381
3510
4741
5497
4115
1950
6371
1495
5795
2033
2786
1270
7357
598
4684
2236
1939
3269
444
1506
699
6067
6818
7537
6898
4814
5225
1544
511
5084
3698
1107
7193
3661
5668
3710
5411
7230
646
2724
3163
3223
329
2302
5380
8084
5130
5397
3606
1114
4511
5160
2046
2613
982
2475
1092
3103
2755
144
7515
3373
3339
2744
930
7081
817
871
101
5936
6400
1780
1132
5887
1193
8080
5162
8153
1715
2383
1778
6996
1178
2442
471
1169
1222
7468
7198
2301
7278
8176
2092
4424
5106
2593
6608
3740
445
4174
5456
6587
2911
6142
2479
878
5063
5334
815
5026
2039
3899
1556
6321
2943
7454
3664
2072
2890
4523
265
6323
5543
3887
4451
395
3211
5167
8001
1966
2824
6425
514
3086
6151
7348
1626
4144
5820
1917
4723
5886
7786
6286
399
5408
1474
7511
7583
6256
4996
1093
2584
443
5781
1087
7884
590
6958
2426
1759
1650
2934
6111
3514
7389
4639
1055
3184
5946
4514
1569
2491
7315
5648
1638
5504
4045
6668
2877
928
3362
6370
4112
1518
8132
54
1136
2898
2290
1464
3337
1661
2797
2616
4086
1297
2830
6949
3289
2761
1252
6792
7700
3707
5239
5464
7852
3351
7701
4546
7708
4314
1038
957
5483
3055
6658
6120
4673
4935
1155
3304
1282
6299
2344
5015
4240
4059
1172
5303
2690
397
670
2720
5375
1754
7339
6909
1818
3729
6785
2114
7923
7073
2652
3437
4180
4629
2155
6304
1206
5906
2850
870
5759
3675
8090
2803
3816
4529
593
1260
3961
2801
8143
2372
1152
2116
2995
1744
7941
604
709
4126
820
1758
7525
7745
4326
4298
3524
6922
4437
3176
7210
467
5692
2842
1522
7117
4610
7860
3701
7930
5671
4737
2554
985
3558
7955
6939
5405
1960
6413
3259
6006
73
3668
5667
7777
6195
4310
4306
5318
2211
2462
5722
3266
7916
6999
4109
1721
4816
2216
5068
2224
3263
1389
4653
413
3550
6914
8184
374
5147
478
7286
2266
4354
2614
5308
7346
4191
1478
6345
8079
7542
1696
4344
2136
4690
5398
2902
7241
4855
3935
7611
600
3848
6597
6596
7057
7575
3996
7235
3767
1323
790
4426
132
2276
7177
6129
6638
29
4147
7490
4047
6750
4668
32
5484
7215
2843
6629
6677
2371
7673
6789
5442
4238
1565
5434
7042
6709
6671
1912
5731
4922
3242
1003
2502
2932
5902
5453
1101
5295
5635
4297
6815
5395
5194
4992
635
2159
6229
3017
4495
6190
6070
378
1420
4111
4499
5868
787
5250
876
2481
2891
4329
3501
4068
451
2925
2892
1018
1300
2380
4156
4827
5097
4657
5119
5535
4228
1091
7493
4337
2420
3262
2020
7651
5369
4877
1652
5611
6406
4688
7008
4985
4573
634
1586
7024
2093
1598
8107
3762
6598
8133
2549
4929
621
605
1876
7027
3678
2024
6918
1561
4031
3902
5939
717
416
5031
5842
4232
4434
931
866
5206
5580
4609
700
5678
65
6044
5347
3175
316
1161
1224
1439
4200
1162
6994
7639
5647
7543
1171
7319
4701
6976
5590
1817
4708
6571
4577
2137
5861
5444
812
6970
6193
2296
7367
2381
7095
5176
3335
2078
3532
7084
6524
5586
3491
2345
4189
3278
6506
3077
2217
574
4595
3484
7208
4541
685
8087
492
7248
2432
361
7718
2038
3396
8068
3930
5381
3367
752
7902
7308
7966
2418
5788
1679
4412
14
5137
2051
8106
3879
2094
990
5298
269
4779
1203
8163
7703
2854
6252
7326
2948
1845
5149
7171
2595
6831
800
6348
1160
6746
4148
1142
2928
7730
5135
4916
8096
6222
4857
7805
4425
3681
5022
1098
7041
2147
2026
5775
662
1992
3446
7782
7951
5640
1995
2163
2487
3918
7313
7649
3134
7358
3645
7327
3392
4169
2670
1578
6689
545
4121
3485
1665
1454
7732
6593
6235
6686
6024
1248
5787
4366
1607
2338
7637
3323
2362
83
1279
5950
7379
5743
314
7445
2503
1786
3980
3863
8180
3229
2846
6697
4726
3766
6604
3188
1085
222
4048
3375
4470
4250
7219
4305
3955
2600
2927
80
755
4155
3953
524
1321
6452
5824
2188
2427
1553
1602
7417
3427
2415
4858
3618
4924
3115
2446
2255
2566
3732
4360
1647
7568
436
8136
5328
5270
8158
3635
3702
4767
6500
7025
7991
4895
8052
672
2766
8117
5083
4403
6403
1086
2001
2820
5686
4027
6894
3140
3559
7144
5218
7125
546
1604
6316
3109
368
4911
133
7133
3557
7762
5224
257
388
6690
3425
4744
3445
4441
3749
441
7510
2363
3831
3078
3042
383
4624
7959
3219
2737
5467
5689
2004
900
6797
2870
3192
7841
4775
2704
2238
7879
7450
2225
6102
3574
1543
7329
7854
5929
2326
4160
1360
617
5982
8035
840
7304
8070
1455
4181
5575
2504
4060
8074
1231
7819
7206
899
4588
2204
8094
7670
3341
3916
5098
2557
8022
264
1685
491
2064
1984
5472
7353
1158
41
6010
5963
6806
7393
1318
7609
2802
6057
6101
1489
1810
4044
4570
1449
1680
7794
5846
4589
8138
6114
5190
2866
8024
6196
7
4120
309
3477
1452
4023
49
975
1656
4894
5633
863
6983
2079
6886
1930
3217
7953
4248
3987
7325
1973
8181
5352
6446
4383
3210
5110
4082
3985
536
5153
7134
7489
7142
2611
4419
4608
2773
4340
3673
4802
6930
4569
1113
7615
5051
886
3410
1312
7996
5977
3165
4527
686
4444
4498
3011
6202
6812
5074
7685
6518
6694
1488
603
962
2473
5139
693
6206
6232
564
7382
1961
3813
2771
2259
2565
7087
1289
6433
5423
538
6650
2150
7406
2133
2671
6468
2508
1278
1532
246
1976
5723
2576
3150
6805
5571
6907
7476
7131
7545
3699
6796
3066
7641
8031
3835
236
7271
5080
1419
7617
1502
4467
1843
2537
6833
5101
3644
1527
4574
7013
3033
1906
3441
7366
84
488
8159
7618
4342
6964
5100
7388
380
5858
6607
7682
1583
2731
7766
8182
1123
1421
7118
2256
6434
4454
364
241
5623
7551
5259
7838
1959
2154
2649
1782
5890
3822
7459
5428
4355
5746
4831
5755
1860
3706
6591
6136
2872
6099
2986
2254
6000
3931
1812
3003
7108
1481
1068
409
901
6733
1374
7633
2765
6328
4812
7387
5870
4335
1065
414
1640
5301
6294
729
7291
4478
2764
7365
8025
4544
498
122
5228
708
525
7086
4373
3738
7028
1471
740
6951
1554
28
461
2970
4616
5513
6541
7650
124
1962
1379
2979
2140
7968
6454
1572
4555
6330
1185
5358
2439
6594
606
5815
3746
3628
959
3976
2510
1212
7679
6899
1975
4392
5052
4591
7323
6829
3237
5432
3571
3929
1511
1482
5736
1244
1412
2268
6464
3073
7077
2466
320
1028
6557
2113
8014
829
5267
7726
2168
2635
3118
6840
7612
2387
6423
4063
4193
793
113
187
6643
6292
1548
7712
8120
2281
530
4945
2171
5898
1873
2468
1363
5572
6711
3626
4178
2464
7983
4017
8118
4040
6749
3096
730
6623
7375
2270
3199
481
5425
1368
7528
2578
4255
3705
1126
933
7398
179
4796
1555
1634
8028
7088
768
6858
7500
1145
1886
3867
381
135
3
6706
3007
2488
6164
4732
5233
4494
7360
3829
2968
3480
4051
1445
3137
7078
415
4542
4348
3720
7359
2069
1875
1274
2165
7693
7050
5801
6634
7781
1353
4770
7143
4168
1740
7228
1317
6405
6018
7101
4171
299
5439
3153
7977
2141
6656
572
1642
1405
51
665
4772
788
4842
5419
6559
3095
950
1177
5745
6937
6637
4054
1352
6636
3076
7082
6515
2994
5767
1057
7218
4754
581
4717
8104
5053
7669
3039
6109
195
3101
8053
6810
1540
5579
7456
1796
2178
6534
5095
5672
5231
4257
7875
4636
4285
242
4750
5782
4587
7882
1358
7776
6421
4124
7447
3555
1186
5582
7728
1581
4487
2667
4746
541
7169
2401
5661
1840
6783
1253
592
3522
8122
3138
7859
3967
6201
3001
5506
27
7532
8038
8000
2095
4521
1094
905
839
4135
3981
584
4683
3231
3708
1928
5774
2976
6823
6477
4654
4270
6628
6418
628
2012
2778
5627
1967
4162
5487
6745
6131
1742
4979
519
7513
5386
1733
3943
595
7306
4806
3423
1344
7114
4273
168
3807
4018
2375
6963
2601
7870
5029
6753
3914
721
955
3836
5630
3630
5477
2282
1862
396
1435
1528
6762
5933
5150
4311
4526
2610
7007
403
3776
3212
1585
784
5096
3160
6457
7501
1035
7825
4436
5674
57
632
46
2187
7262
5085
4813
1592
7409
6386
1346
4905
5912
5926
3026
5907
613
1460
230
3896
4886
3672
5604
4446
3202
5195
3674
2632
6988
1184
7071
2993
156
7075
7534
4769
921
5510
3647
141
5516
2809
3333
1582
4628
2779
6903
7129
5915
5558
4510
5094
6851
5188
7666
6809
828
6320
6980
5836
6700
5989
3581
2748
6447
2851
3608
6540
6589
7179
2303
6332
2291
3982
4612
1139
2793
1648
6648
1694
2509
2130
1726
1820
4640
1625
728
4753
2107
7958
3488
282
7275
537
1645
5935
1243
8072
1558
7428
3560
5462
4343
6901
1998
6612
2297
2919
5924
6839
8125
1516
5690
5903
6264
6331
5338
2592
2419
4793
1009
39
7112
583
5312
97
5687
3353
2014
5683
2410
497
1061
7002
5829
2019
3964
4336
4098
510
5699
4787
8026
6263
1324
3397
6516
1760
5625
6079
2016
59
6450
5720
1365
7092
7942
3951
7569
4958
3812
1980
2007
1535
1430
4601
2034
7684
5505
3888
2252
6979
5474
2132
4149
5563
2951
718
515
689
4208
2625
2945
5226
7400
5940
7960
7829
6223
5136
5565
2996
327
6472
6791
7736
4509
528
6411
1594
3714
6940
44
3324
2422
6173
2325
4818
7232
3070
5193
7581
2253
1943
3195
5044
912
6927
3687
5802
7492
4738
2949
4393
2050
385
5485
355
814
1693
4420
3489
3691
2209
4046
7647
7336
249
6149
7009
843
328
3552
1631
7520
2210
3056
2184
3171
4456
360
2894
2536
7956
2973
1382
7873
7089
3156
7126
773
8179
7595
7881
5905
1494
2350
1176
7344
6303
1748
1793
3048
148
5172
6346
1746
3179
7713
3806
4999
6595
7850
1657
4261
2062
7186
3860
7910
121
5410
3456
2861
1485
1905
2700
5967
116
707
254
822
6701
4190
5771
3067
3913
2729
55
7368
3785
1475
266
2978
3965
2
1787
7403
909
1426
1706
7868
290
2494
1397
1591
5645
2143
3031
5628
823
6126
4136
2018
7579
4367
4400
4402
4647
2367
6350
7402
1855
3068
3671
5773
2918
6216
3843
4254
2836
2862
3043
6144
4466
5077
4705
2775
846
7580
4545
7497
6663
6038
6736
5357
3444
769
120
2707
4485
1287
737
3763
3545
4907
3204
3841
1774
5970
7889
438
6293
1040
325
7636
7969
3100
3057
1330
1468
2528
315
4869
8076
6813
475
6511
331
8089
6588
1396
37
386
6722
1000
5865
5175
1293
1881
3927
7288
2608
4404
2402
5864
2923
4757
5693
7808
1851
7940
692
6837
6268
2023
450
6004
5733
6391
6363
2864
2385
7822
3369
2525
5494
1461
1682
4028
7307
3004
1201
3430
1882
286
3799
2840
5314
4923
7485
7340
2089
6592
4176
6361
4893
2461
4581
6508
3724
1646
2527
7283
6640
6932
5908
5539
145
1246
125
2612
1737
3620
7839
5117
4390
6880
1521
5118
2260
736
5109
6014
5126
1473
6645
2591
8108
3703
4289
3131
7172
301
4448
3906
5355
5703
1867
7985
5592
3874
1720
367
4459
2715
5196
3044
4768
2353
2804
5805
2366
6071
4256
1235
7719
4125
2312
7079
3270
6672
5653
4906
245
3220
5859
6855
1156
7505
4447
6467
5021
6365
7302
6529
3126
2569
2621
7938
1125
3721
1956
6035
313
3717
5965
2663
7151
4780
3583
3824
2956
2327
5336
3380
87
1755
5564
2719
3197
2826
2725
7529
363
2563
4084
6367
1218
6435
767
6138
3054
6560
6926
5235
7481
4901
5056
5064
6615
2897
5578
7170
1127
3966
7020
2982
7487
5254
2642
3818
2220
7900
4987
8012
2579
6387
1067
649
5221
6977
330
1054
5634
535
7921
1807
5839
1588
4648
1305
5120
3596
1392
6236
5366
580
6119
5396
8100
1921
4617
3769
2058
5872
3390
5855
8078
6169
5978
714
3127
3859
7191
6013
3149
6354
3765
4401
777
463
4224
7423
3099
5486
6751
1894
5391
6124
3036
273
6620
3745
7948
1023
7890
2871
7775
6041
586
7770
834
7350
2580
3015
2413
2310
1724
881
162
5198
7646
3868
964
831
3403
7273
2917
6260
5417
7550
6177
1825
3527
3478
3894
5079
143
3114
7967
4118
1651
3209
215
130
4050
4389
7623
5509
5310
7544
3988
4516
5942
1505
1008
5919
8139
1233
4077
4345
4069
7147
2186
7499
7425
427
4766
4493
4179
4397
68
851
4290
2988
1371
661
7731
3849
6156
2811
3386
7826
5828
6417
5881
1525
1071
597
464
1444
3700
3756
1562
1039
5562
2546
2331
4370
5927
7789
3098
7048
2622
459
8164
5876
902
5440
1314
7911
2396
4225
6050
43
6257
1484
1250
4351
5827
7068
5819
888
3361
5040
4129
4331
5039
2741
5911
5288
7458
6848
4747
4631
1383
6181
7383
3268
643
1163
5616
7963
5675
4435
3034
6969
479
4094
2561
2292
7334
3008
760
6027
2519
650
6771
3170
626
967
3827
4122
7051
7943
6032
4070
6249
3504
4528
8130
6772
3694
7280
7864
1660
3298
3429
7188
3713
6008
5113
1902
4930
5800
4582
6943
6895
5047
6724
7832
8101
4473
1221
5091
1306
5656
6871
4244
5170
2244
74
4504
8008
7442
6870
6401
4940
4623
2258
6579
5248
7413
4856
258
3221
1301
1714
8126
1095
3315
4339
1255
3641
6902
2571
126
4192
472
7058
7411
4557
3883
3344
4626
2223
2277
7056
5256
202
1480
5549
3240
6816
3094
5455
799
3448
3805
3037
6058
4409
5421
5821
6661
1182
2221
3328
7976
7616
3234
3968
4458
7254
4558
7877
6938
1989
7098
713
4227
7935
7074
509
4041
7001
347
7547
237
2651
7385
4680
6461
2575
3654
914
3889
5078
1140
3505
453
2127
1022
6039
1517
7861
71
6929
6389
5385
6928
7582
984
7778
2227
7284
7993
1118
1458
4083
6312
1545
601
203
4035
1761
5309
6372
223
7502
781
2908
1440
7932
4733
6553
7739
2711
4152
1931
1229
4978
2341
1568
6698
2458
6758
8177
4013
3267
2441
5361
4279
3922
425
1901
6339
7929
362
3989
2751
701
7507
6654
6290
8167
5203
4650
297
3276
2346
139
6646
4575
4201
167
5108
3508
6462
52
278
15
4736
6586
6537
3447
3010
5253
553
376
3476
1073
1210
8042
2047
4892
6218
6269
1313
2953
1764
495
2730
3145
1117
1968
910
5252
2040
5809
6920
2288
4269
6180
2716
7161
3990
1179
1083
2762
6188
7986
2234
5514
4841
6295
6799
2759
4243
75
3869
1587
422
4761
4107
1991
3773
5893
4384
6582
1988
1775
4696
543
3330
1739
3850
2409
4247
1322
4003
4137
1029
702
4899
7945
1373
3941
7753
4518
2935
7384
7467
1768
7441
1267
6028
1809
193
4889
2914
115
7242
276
6945
3394
8029
3261
6118
6431
6820
3537
1795
3309
8063
5941
5603
6135
5921
6665
3207
5177
6366
1898
3022
1667
2153
7692
2868
3513
2603
6504
382
1230
4132
404
7005
1610
6857
3567
8016
7224
4977
2407
7204
3847
2630
4597
5717
6288
1361
6624
2287
6001
259
4762
5951
7432
1756
7296
4219
965
3575
7605
7540
270
136
1477
5763
2316
4073
6165
5152
6773
629
332
6103
4277
5399
5660
7146
6781
5679
1850
2769
2572
7853
7906
1280
5470
6717
1340
1187
7192
2573
2077
6053
2888
544
5923
7043
995
6225
3329
3650
2666
2027
2750
5143
3253
2322
7361
1268
2283
2358
934
6574
6157
4399
5783
1204
2477
7495
539
6599
1147
4252
738
5121
4476
8098
1982
3871
4408
40
138
1824
1236
3310
2101
2540
5716
5287
1611
1441
2512
570
457
3451
1529
7783
5350
2314
2686
172
645
7576
2952
4019
3461
4553
6543
402
7438
5896
883
2747
821
5042
7765
6100
2352
3110
1957
4854
6875
4600
948
3834
7274
5400
7029
1339
803
7549
7189
6172
6768
6826
2414
7446
4702
3727
4377
6305
3087
4260
7558
7225
4506
5637
6064
4301
1459
5553
5698
4317
7717
4322
2859
3640
5649
7231
3901
3136
3499
7680
2433
6897
3633
7494
7743
1327
4278
1351
7624
6219
892
6990
1030
6687
6950
5521
7164
6748
7352
6021
980
4091
4881
5626
1433
6921
3553
5557
8110
6162
1584
5841
2342
3490
731
7324
4959
296
993
7373
4276
929
272
1601
7374
4271
5010
7648
5268
3648
6274
1798
2348
1298
6040
1074
4815
6183
2074
2619
104
6925
7610
4461
2098
4140
1273
2521
6707
6834
1303
3529
1292
3540
5518
1510
1771
6653
4927
1049
208
671
3228
2274
4417
3912
7632
2650
5972
940
336
3616
2278
2416
4496
2865
3866
7470
3064
411
5293
4187
6148
7245
2739
1603
5724
2391
1534
5491
5416
2703
2699
7914
5985
7369
5013
1514
6203
4416
2987
3686
841
5148
6094
2658
2689
4102
6266
3677
6737
744
1937
1827
2149
4697
7139
2164
7072
342
1790
836
2757
666
6127
8097
2091
1105
4566
1223
7600
591
531
5891
1385
6198
6757
3071
2991
3313
679
5479
6356
2431
2493
585
5284
2122
1668
1969
7282
2746
1050
4097
5501
1432
6374
3185
4949
7396
7573
2123
1148
7444
6422
3497
4039
1288
3343
897
8157
2878
2088
5988
7676
5255
1016
4131
1409
2698
2144
5185
2128
5650
3832
6455
4213
165
3090
5404
2513
6664
4686
291
7120
5525
6807
1738
2232
4012
911
4376
1245
6585
2324
6564
6275
3097
5598
7561
3306
7681
1415
3159
6022
1037
2533
1027
6052
5555
6495
6528
1854
6159
24
8099
429
4525
4024
827
4089
3418
6272
1769
7830
6460
4212
3035
5778
2780
6241
5041
4687
771
6911
3053
2827
5844
5885
1996
534
7328
5211
6265
5332
932
8119
6774
1910
3288
3959
1595
6134
3377
4507
5257
835
2247
7897
1823
3779
5700
7498
6486
1106
5643
675
1971
724
3019
4725
3021
5785
7316
3760
2717
5340
3551
6025
3135
5388
3279
6861
5320
8092
4689
3781
3458
5614
4515
6141
7836
5035
3865
1492
192
4196
2684
7601
2280
5307
1713
7508
5277
5278
7264
2313
8095
3589
4492
8183
1674
5607
3169
6660
6388
4909
7690
1958
988
7044
7917
1659
6338
6357
4500
3796
7311
7504
1954
3944
3657
2544
4571
664
6087
6769
2176
6267
8155
2999
4078
5559
5556
4199
5599
6491
5688
7111
3526
6298
2167
5843
6237
4731
7424
3851
3873
6676
6744
66
6054
1863
1523
196
2929
4065
3665
5931
2129
620
2602
1788
5511
2357
3419
552
1838
6091
778
5587
2668
1637
7376
2590
7309
485
7176
1015
785
5659
1730
5229
8055
70
641
3487
5608
8156
2041
722
1849
5186
1043
2423
3839
6882
6301
19
5990
152
7159
4637
5070
3216
6324
6953
7017
7975
1609
7705
4530
1629
3416
263
2043
6445
2337
1537
3564
6479
6625
2972
170
1842
5048
7037
1021
4739
5465
6442
922
680
5588
4519
6097
4110
4874
2010
1946
5600
6019
5197
5584
2382
