9342
3861
2039
8094
9495
2031
1903
5927
6357
135
6480
2057
3764
6639
1906
5416
7697
8377
7068
8585
972
6145
6627
8754
3881
5346
3905
2450
7298
7186
2151
1844
1603
5988
7601
6040
3924
2212
2612
8893
1022
4838
2670
5414
6796
952
5528
6936
39
5383
1365
5382
3223
8742
7849
8022
5851
454
1007
9232
8446
3440
4252
1616
8469
1647
1984
8162
402
129
5106
1309
3424
925
158
3959
6389
1023
5551
3789
7539
6016
6068
3177
652
7444
7885
9528
8903
2893
875
1700
6999
7763
2022
1349
8830
2983
8622
5914
8136
6607
2507
987
5778
922
7913
5799
2074
2714
6202
4313
3503
235
7262
5310
3655
8936
1281
7405
7154
9203
8710
4549
941
6783
7940
3283
397
2327
3445
7355
8113
2536
4726
5433
3735
7816
3204
4781
3757
2312
3470
5796
6668
5782
9300
6325
1925
4535
3596
6808
1904
2909
4749
6361
2548
443
6373
5869
4544
6994
496
8887
2970
5932
4634
383
1624
9058
514
4381
5182
6471
9191
6050
8575
5883
4441
5687
3603
3831
8062
2287
4460
6490
6813
6756
3605
5529
6662
7635
6669
3072
4179
1086
6781
8112
5340
389
7004
4869
5426
764
8644
1826
9523
5847
9492
2680
2870
1957
4654
289
4303
2502
3601
5480
1846
276
6116
7291
2642
9451
7831
9248
6682
5595
3209
5578
4569
5476
1469
5904
9344
2347
8506
9022
8632
3303
1611
7948
9111
976
2490
5221
5466
7111
5765
8314
9162
5958
8837
5584
5795
7553
7956
4050
7286
1994
5905
9091
9537
9404
520
4073
3371
6823
446
3002
8979
6182
3885
8200
9474
6408
3592
2420
5384
9243
8331
5992
2651
1983
4707
793
414
3110
5504
597
2447
5229
1344
7324
2561
696
2547
9271
8285
2189
7030
3793
9256
8166
7555
6850
3385
3566
9505
5329
7399
1551
7645
4636
4799
2193
7349
272
2806
222
5321
1640
7453
9164
5039
4103
5252
6714
3556
8885
659
8118
1742
6780
5461
904
2626
450
4572
6634
1759
9531
6718
8081
4196
4796
207
8449
940
275
6125
7966
3662
3676
8986
9383
2939
1182
8998
7180
2131
2682
488
7951
8344
5833
7733
4926
5562
1384
2791
4148
1453
3755
8807
3729
2119
3449
7671
4775
5596
3884
3940
174
1740
5283
8489
8557
3619
4751
6553
1999
4586
3748
5947
4746
5717
5858
2843
8912
6924
3777
9510
1155
9439
5820
4025
111
4081
3965
2371
2723
1029
8847
152
4655
7522
2225
9007
245
3197
4852
6316
4769
5950
6392
2296
6786
4376
3302
8302
7581
8340
5410
3112
98
24
3872
3189
1674
6066
2505
3798
4205
4332
6851
2576
5987
2730
2379
5296
8775
7565
2781
7480
3300
3645
7692
137
7718
3863
1889
2271
5896
2195
6411
203
1313
747
130
456
5630
7372
8529
2616
6534
3554
7090
6935
2001
880
247
6946
981
3380
5059
2537
8187
8556
5103
3408
4401
1230
5404
7104
6765
4602
8744
7047
278
2631
2912
2175
8297
8052
9473
1403
8064
9081
754
79
1658
8578
283
5526
6064
6437
230
7051
7669
4483
1617
2261
3419
2145
6686
7314
915
69
62
9387
7673
237
918
9198
8050
6287
1422
5023
9181
1595
3985
4935
3923
1811
5727
4079
3602
5769
1698
9224
1098
3477
154
5298
3821
2483
9436
191
3327
1692
8882
7044
2875
2860
7587
8298
1434
2681
4037
4954
8810
5673
7105
8735
7574
1135
6828
7362
5666
4930
8768
8463
5399
3900
4776
5651
7552
5019
7772
246
2358
948
6629
5712
2767
819
3810
6931
9303
5233
2206
3096
3791
8806
2518
4939
238
3486
6171
8255
7288
4043
3699
3687
4988
5740
5335
6856
9214
3721
6020
7318
7561
1832
2357
2378
3159
4071
2558
8808
3781
3805
4024
6988
6294
2471
8014
6488
536
5948
4778
4982
2487
1149
4421
7739
3266
8032
8895
3007
8767
4849
6802
2047
6333
1535
8498
1448
7864
8481
5021
1778
6366
3242
3692
2856
2795
6807
5187
1968
2115
4178
9072
3796
1822
2797
4219
1021
1557
2228
7025
5248
3018
8161
7835
1496
3135
9535
6610
1929
9445
3610
6421
2444
1136
8829
6908
8574
5112
763
9051
5663
3442
3608
1690
4866
4399
7764
5035
8277
1371
4976
4817
3689
521
8451
6847
8730
672
7863
6242
8952
3512
3055
8623
6464
6255
3974
6071
5654
86
4788
5744
38
6773
8602
1542
9154
1214
8078
260
5209
8856
3630
1741
9012
6177
7229
6902
5275
6601
7110
2580
7590
6681
7782
6363
5288
3062
6788
7034
3388
3356
6533
4291
1937
2994
4271
2529
5322
6572
1183
1681
116
166
2754
3212
9142
7734
921
236
8233
3078
6811
1728
8570
6997
9006
5244
2223
6036
1914
7559
7589
5994
7159
8801
9397
2068
8614
8193
7781
8508
6217
8897
7439
8546
8007
5891
7991
3817
6799
5961
7894
2000
2359
7054
7760
3063
3375
7151
1921
7515
6696
8869
6655
1208
136
2988
8116
1446
7149
4671
2297
7465
458
726
4637
6056
7351
2639
2322
2403
1737
2179
1718
797
4791
1207
324
4164
4380
6341
3027
2921
4044
2719
2456
2636
6812
5531
8718
8429
995
5063
3292
576
4312
5017
7295
2084
9268
8945
6814
2768
1880
7158
8540
6524
4471
2251
8665
3042
5818
6701
2110
3672
9364
8265
475
5977
7469
5594
849
7306
5043
2610
339
7656
492
8472
4310
805
8223
2118
4317
2525
1564
9494
7907
7342
7687
2520
9124
5174
5126
3488
3398
5268
4847
82
5970
2734
3816
2927
2396
7848
3241
7796
7884
4668
1033
3585
888
4502
1267
6821
1395
8599
1738
4555
4355
4161
8108
2724
4528
9497
6842
1777
5942
5166
9000
8181
1539
274
691
6760
8057
6486
4920
3056
9283
3061
8198
5269
8316
3830
2686
7213
9507
5750
6108
8660
7363
7680
2233
5337
2376
506
8953
4593
9437
3200
7417
228
6193
577
2649
1721
6156
9308
6560
8901
3583
582
4290
3039
3958
9247
8583
6567
108
4327
513
8311
2130
53
8653
6149
4652
3807
7319
965
7797
4728
2493
5447
3572
950
3827
6564
7039
3760
3633
1762
1405
7281
9429
5472
6270
6426
4896
6848
7644
9065
9219
6167
700
6768
1031
3733
8224
3511
8128
8886
1402
2761
240
3502
421
584
4466
7178
2489
9273
9520
5832
5470
3082
2901
23
6348
4679
8342
4246
1820
8698
886
6039
6711
7358
6445
8303
3621
4905
1761
555
2950
8396
1691
7066
1455
3304
7003
176
2808
73
8656
2605
705
1926
1465
8831
2509
6744
8365
4163
781
306
949
3224
7360
35
3350
3813
2350
7063
8704
2888
693
761
7359
1506
3697
7921
1301
6649
5629
791
6298
7354
9158
4977
322
6609
6351
9275
3555
7900
6499
375
4106
7038
7085
4620
189
8202
9384
9379
5838
6043
435
9458
3929
100
5496
418
6118
4276
498
6029
7412
8227
8548
4633
8347
8121
5460
7811
1511
2952
3898
2696
3531
9156
8029
9545
8902
7503
8137
7933
148
1127
7371
8341
7996
5915
1172
1627
1025
5943
2216
1288
6265
4301
8844
49
1156
5072
1915
8368
3530
2328
2603
9265
2941
8496
4806
5047
1028
3454
4959
4651
8758
1397
338
5675
8713
8968
4093
7062
530
3961
6926
7366
7021
1641
6377
2786
3245
7751
8854
3005
6263
3456
4629
910
4089
117
760
1801
3907
4507
3955
6943
8306
7748
3858
3463
282
6396
1775
7818
5278
7254
5184
1111
9501
7832
6233
6442
4858
5605
4181
4146
2708
3379
1614
3962
4052
2451
5124
7207
7211
8256
3954
774
1175
1318
3857
2587
7959
4990
6785
1997
7387
5641
8590
9120
5049
6858
8631
6589
2579
9217
5867
2820
4802
4689
2777
7706
897
3674
5420
8096
291
2387
5681
7647
5954
5749
2622
5254
4132
6541
7171
2793
4206
8433
2485
1348
6280
2248
7014
5323
1091
8560
6509
5012
5484
2973
1433
3240
1724
6272
5158
2837
365
478
1386
4274
3392
2599
662
1671
9041
7768
84
2783
7947
3999
151
2313
9030
7108
5057
4875
2753
2614
8016
190
6510
9350
9469
2038
2653
7572
2900
6955
9161
4216
1547
7232
4771
3611
8234
7867
6436
7622
3786
2869
2491
6737
7336
4224
5648
2658
3297
5592
5546
6980
1836
9499
483
6884
7826
5339
6582
7467
503
8474
8504
9067
7743
5010
3395
5160
1847
2303
2640
4346
46
8239
1428
8208
5925
6088
5775
392
3255
7429
3130
4924
2323
4263
8059
7345
8055
4378
7070
6722
8030
5729
147
3254
1383
2232
6723
1863
518
9562
6920
5152
695
2645
2310
939
1543
1000
742
2739
3567
6897
5804
4694
4631
115
4479
7670
1045
3696
6508
8853
9526
1760
9131
8226
2993
7841
5022
7765
6028
5791
4686
4130
1736
686
9064
2384
5590
6596
5087
1048
2733
8640
2630
9031
52
6159
3068
4873
2972
1184
5788
4099
4824
6262
680
1329
295
4383
8191
1986
8642
593
2987
3782
2592
1859
4218
5478
8106
5246
4756
4036
769
556
5142
7222
1726
7136
37
5285
4240
2054
5923
8033
5167
1685
6886
6608
5535
5886
9002
3930
8274
8379
4782
1225
8943
1350
896
2902
6742
5822
7221
971
3161
5358
1963
6052
8063
1296
3046
4424
869
370
3294
813
6049
1693
9414
8294
139
5439
4349
3991
1669
8589
1689
1789
2969
7157
2990
6246
6580
9446
7629
355
2675
7502
436
4484
4213
1945
2187
2755
539
4129
4331
9262
4650
7079
7790
2933
4504
6462
7585
6651
3185
1519
8889
903
8436
3578
827
5685
862
4808
4763
6657
568
4445
5805
8214
3012
8906
1204
4319
3468
4347
7169
2422
243
1900
7217
8606
333
8770
7839
8366
5030
3229
6776
2169
1396
8738
3145
4797
5692
3048
8069
4070
7386
2712
3166
4722
2281
5793
5745
4750
9521
8448
4046
1800
7809
7033
1996
25
5677
8760
1773
1682
7930
1755
8284
537
2455
4369
5865
5540
4119
5042
3903
7376
1251
5502
2242
2070
5846
1853
8299
3800
8090
5882
1891
5802
3550
5721
2864
8948
4785
4027
4
8241
5604
1290
2746
6527
5521
4239
6201
5658
4468
5834
7513
7006
2338
6845
674
107
6420
9040
9550
239
5661
6826
2006
8997
179
7769
5922
3383
1593
6880
3140
7473
1688
9005
3090
6754
3404
3322
716
4048
6345
6260
2706
3570
3945
9023
4443
7041
1093
3549
6004
2238
8745
9425
2611
2197
5094
354
4333
4411
3522
2771
9333
9220
4141
8437
9057
2401
5301
8587
3340
8913
4816
364
9233
829
1916
2891
9412
2528
4874
97
2128
3003
3289
1813
5555
6883
7230
8460
2621
1399
6839
425
5825
6699
2352
5162
4792
7474
8375
3279
5938
1354
466
2160
7190
1540
1118
7150
2862
5312
3886
4023
5100
2720
6798
5155
8458
5956
8443
6433
9358
6702
6342
1969
7577
5020
8275
8950
4151
4552
4448
2539
6874
7924
837
1489
6558
3979
4371
8174
8319
2674
5691
6857
2964
6090
6371
6479
4427
3435
4512
6438
4764
175
105
8634
6385
7677
5401
7416
1040
9490
629
6406
4398
5875
6312
5139
3013
4660
206
1478
5985
5676
9512
2694
1791
8089
3457
9452
562
1978
889
7011
6913
6757
5249
6374
3707
3802
7204
7463
7808
1541
7209
7284
8419
7036
3657
7920
907
442
5140
5370
7969
4908
4718
8373
3595
8579
3211
9226
2822
4579
2190
6640
4546
8461
9183
4584
8146
4550
3195
8899
6350
7499
3708
6113
3529
1203
1912
3824
2021
6221
4670
169
3642
2673
3891
5597
1292
6483
5308
8894
78
8647
6481
6918
4605
6575
6506
3553
7827
8714
1848
1438
3296
9160
8962
9311
403
9319
6268
3307
7244
4983
7170
2982
1327
1549
6619
6895
8707
6698
5393
7619
5725
1257
3970
185
3686
934
3957
3788
5695
2092
7934
7564
2833
1321
1432
6938
3066
3455
2191
2256
9130
3993
9292
2308
3154
5747
6189
803
1120
5952
623
4911
88
5054
9504
1241
8823
7308
4594
2847
5220
7
1714
1343
7511
5680
8582
1400
9359
8941
4304
4736
9422
267
2185
2894
5116
7205
8462
7544
7792
5538
6556
2899
6862
660
4300
1753
3102
2344
5868
2231
7777
7989
4561
6647
7877
2397
828
4903
6176
945
8278
8142
665
4464
6871
2320
460
9306
9322
8820
8185
1038
3282
3336
457
8009
6579
3650
502
8960
8132
1817
2413
702
8435
5757
1016
546
846
6003
6321
66
1784
6900
1888
2410
6635
6132
8935
5215
30
3524
5766
2218
2319
1988
1981
3832
8542
8688
34
7174
2140
8147
8577
3537
6120
5253
3475
8988
8939
2432
4777
6207
532
2025
4734
9046
7983
9370
5357
6518
5428
2718
4864
563
3230
1991
1973
2079
433
6526
9392
4256
5427
933
8629
1439
9133
3107
3558
4830
2464
5463
2355
8293
2348
2940
6734
2564
7407
8203
5884
7696
8005
5144
2382
461
81
9542
4748
6142
2880
1097
7953
5762
7799
2758
9144
7313
3763
9017
848
8861
7166
1786
8702
3290
8101
6027
8129
5417
2363
2247
1874
7256
4155
7838
2290
3382
74
5567
4758
2416
7675
937
5686
8873
4335
8595
2484
9259
8500
6985
3095
9093
1716
5817
1131
1862
8053
649
5133
5574
7655
6503
3431
5568
5850
8304
6405
6941
3181
9407
3453
1360
5256
6472
6163
5104
7543
8216
1961
8924
4969
2291
832
1305
1678
1133
5307
8982
2779
7766
2147
6759
4664
3591
4701
1323
7570
5314
8691
2427
1573
1253
557
4454
5369
688
5514
1597
7815
4621
6192
831
6390
6157
4328
8197
5508
8334
8237
3738
767
5359
8689
519
8664
2735
2249
5746
7310
3632
3237
8685
2198
8045
3977
3557
7520
6461
5342
5272
7661
7542
2659
9403
5203
8513
7454
7859
3851
8145
9043
2097
7155
6966
3098
2426
3225
6407
7866
4913
1499
205
6710
2275
1049
1528
1828
1563
1652
2341
6708
8719
229
1314
1141
5037
2566
1803
1806
8351
8333
923
8154
6021
7871
689
3842
7628
879
2400
4134
4501
5430
3172
9047
4853
3887
8323
8828
7290
4947
4798
7276
6860
4894
7723
3473
6906
7616
4388
3362
8884
5408
6109
1462
4603
3771
1243
3244
7129
5186
1125
3206
1635
4998
8402
6945
874
7650
1377
6928
2926
2666
2717
575
7420
467
643
1935
2583
7519
6122
5228
8880
7193
4967
4283
1177
182
4861
4553
6181
8313
6512
4104
5906
2034
5218
7001
9455
8167
8249
2096
766
4338
1608
1286
4711
8597
6449
161
1001
4577
3734
8315
7690
6000
1621
3681
821
645
8421
6391
6694
1670
2726
5571
8872
198
2872
1342
9470
4180
9329
3358
9553
2168
7227
8824
8645
4076
2804
1138
9054
1416
8468
7850
8439
7280
2643
9331
7088
6413
3220
5277
1345
517
3443
4639
9019
1910
4915
427
9028
5541
6054
5413
1743
9408
7641
4009
307
9173
7335
63
3207
4078
6739
3709
5828
5074
2174
3057
1939
1219
7165
6281
6724
6809
232
3937
1634
1864
6621
2052
3127
4534
4539
6750
4562
5467
1047
7194
2095
6080
5084
6092
7898
9547
3079
5776
1100
5137
8673
3106
439
1234
9095
9464
6061
2624
8201
2201
4336
6940
1357
1435
7428
6954
7919
6833
6237
4420
7411
6942
6888
3271
975
3533
9503
2102
6183
4970
1587
146
882
5029
2951
6077
6419
9150
4172
7028
2081
4574
9290
5558
9420
8898
845
6501
3196
3269
7327
5289
9468
6046
5715
2748
1151
8384
5607
3387
589
4530
1178
71
7048
9395
926
288
2498
1285
4477
5243
1602
8229
1546
1258
8798
2705
2584
3525
2594
4322
3840
7627
9089
6394
4844
7456
9251
8633
3411
7914
5550
4237
3833
3542
2775
3178
9188
4220
2531
733
3137
9066
8682
9432
6188
6400
5330
4514
8910
2048
3504
6890
2390
5239
967
8251
9037
6079
6136
3960
6215
1160
634
7721
3663
3114
4362
6591
4345
7283
4329
5609
1897
2669
4509
1987
9126
5316
4643
8267
4499
1592
6291
4956
8816
6315
6515
6343
7498
6620
1339
7330
7274
6340
6200
5138
2802
128
2439
1410
644
2294
8662
8109
3902
2289
219
5368
4032
2236
2850
6595
444
4057
9237
2663
17
2526
5533
542
6793
8002
2405
2534
3168
5573
9269
1667
1947
7392
3614
5971
3049
7234
399
7715
9454
3823
8188
2421
4408
3087
8971
5772
4737
2702
1166
3491
2075
7878
3756
4856
2351
5509
2018
7668
6753
5771
1958
6427
7634
8260
2812
2258
2046
6859
6269
4981
2945
1370
1466
3547
2903
8209
2082
1673
2998
487
2268
2506
9134
3732
9206
5102
1594
8281
4035
7013
9192
5374
1890
2164
8751
8927
4118
4901
7567
6070
1044
6614
1706
4661
1867
5710
1642
1790
2792
1108
7113
4442
6991
2055
1018
6254
1493
4390
6416
7556
2203
9479
4823
7915
5199
5
5848
8290
416
1337
5731
5621
8046
4676
3814
966
3182
2625
7536
4306
5223
2617
381
3338
4994
1548
6024
2060
9401
1825
6795
6540
7410
6934
7388
7058
285
1672
4435
6549
2157
7403
5634
5890
8596
8777
1134
3765
6831
215
9338
3321
9222
2866
8418
7962
9424
6086
7346
1228
7952
8883
1861
7963
1787
8618
1061
1078
924
2905
7120
5091
3700
5693
438
3315
1317
7492
3180
6058
9509
7872
8026
750
5007
4107
9250
4598
7064
393
3004
465
1291
8179
8855
405
6962
3176
8908
7338
4451
6085
7588
876
1514
4368
3198
372
5544
5684
4897
8537
3359
758
5014
4054
6355
6032
5653
552
2013
4137
1615
4014
8796
3749
4508
2567
4140
3883
2117
3306
8511
4136
7801
8210
5773
4497
1497
1199
8680
1484
2911
4415
2329
5456
1072
8932
679
3792
5311
4444
3472
6993
1866
927
4723
6010
6179
6358
6386
3682
141
8205
3325
4999
1942
7557
7992
2369
5159
1216
8459
3126
8271
56
7554
1623
4086
326
1143
6338
5530
1109
6766
9166
5282
7395
5058
5770
7074
1734
468
3263
4041
5602
8183
4350
6129
5459
9027
3050
2510
4190
8423
6013
2196
226
432
2477
2436
4410
8312
5928
9119
1026
429
7404
6612
411
3438
1169
8559
2749
9525
3274
4230
3510
4628
3604
7257
1302
6111
7685
601
9312
9315
1017
4069
6975
6447
8259
297
3882
409
1959
7374
1796
8352
3014
1932
6519
3343
6194
4968
5566
3875
3489
2890
8173
8
2412
2182
3201
4554
3828
5488
4889
6434
6550
3826
8846
5616
6762
3041
5780
2274
160
6083
317
4413
5505
5989
2209
6632
3333
6921
6450
4819
7081
3539
959
1171
6323
7057
9236
4416
6792
5424
5348
5178
7450
7181
3725
1467
1076
268
4056
1164
7486
8450
4949
5001
4986
1779
7846
2388
4337
2428
6875
8105
5622
4965
5843
8269
2942
9117
5722
5837
9381
5241
5919
261
5028
3433
4147
8832
2273
2148
1119
6243
368
5077
1369
4330
3638
8580
1600
8424
5702
2965
9343
4200
362
4456
6412
4506
7887
9301
1683
6354
3667
741
1500
979
5207
8031
8058
591
6375
6749
4158
4351
440
4153
253
699
1871
770
6965
7906
5273
3265
5907
4100
106
1417
6967
4387
9355
8591
9123
7415
5577
6868
759
3316
9514
374
7009
4305
4595
4825
6213
3911
3730
2250
9427
6825
588
6502
9354
9444
3025
2150
4253
8211
3910
737
9330
6429
8737
2076
3675
9193
6173
4323
5110
9074
5652
6949
4004
345
3586
5986
6663
7600
4893
8921
6577
8541
8160
7116
2375
7210
2067
3956
6415
9231
3691
1187
3346
5814
8700
8693
9325
7750
29
6124
544
1450
9538
5930
7714
7278
5513
4601
6368
753
5197
8985
8114
8245
7083
5917
284
1649
2628
1011
2188
6933
6820
5588
5501
1167
9241
5893
4101
6466
6593
8343
8350
4673
7219
8649
8958
4124
2947
2782
54
4072
9377
3799
8408
1116
1857
2153
5195
1429
566
7067
4197
3370
4687
5873
977
2552
661
2960
9172
7949
5235
376
3515
8175
6218
6870
7597
1081
3253
9050
2550
3837
8217
5150
6264
1599
4459
3147
3423
974
45
5026
319
2949
7944
6574
398
15
5465
6308
6915
5774
1196
4227
8533
7097
565
9288
5172
2044
4145
6899
5179
8752
5674
8803
6571
2016
8133
6837
8765
4488
5866
3998
1636
523
5163
231
2634
7527
6153
6093
3164
4909
1804
4208
9294
7778
1644
9223
6587
417
2709
2689
325
1769
3053
9280
6978
2466
540
1393
1494
5217
8282
7027
4257
7576
7293
7890
2589
8741
9372
7292
9546
4500
6889
4793
4143
2676
2935
3152
7705
2407
6827
1625
9092
3795
4273
1304
4123
9139
3103
4339
3804
2389
900
7483
188
2591
3436
1452
3876
2794
6832
1522
3239
8875
8235
4719
3412
7117
5888
7691
85
341
1719
7722
21
3543
9421
7131
113
7928
8870
9299
3022
6912
5897
5489
2595
794
264
2478
6535
6650
5718
2482
4564
1426
5512
2563
3434
5079
5396
5790
2805
8639
538
6293
1553
990
8525
8959
5183
7245
6972
8784
748
964
8654
4848
2627
8076
8667
511
8722
7703
7575
5258
1394
4248
5105
9035
3378
2685
9024
5996
8499
6191
4277
6001
1070
1024
6554
8186
1657
5806
4551
5157
2787
8978
6514
8544
1686
1347
6925
7040
6008
5921
9239
1463
6289
1266
27
812
3724
144
3259
3866
7904
7247
99
2245
5659
1575
1520
5119
3437
3030
5092
3936
5279
5518
3844
5830
2278
5161
8240
1123
6784
3618
5603
6487
7525
3399
6894
3944
4457
4051
7833
4708
5724
6286
3162
2429
8454
999
4026
4834
3825
1933
3308
2519
7789
6679
4900
9302
516
1586
3928
7860
1654
1413
1512
6482
944
5364
4680
1781
6398
7139
2015
192
1013
2637
1965
2415
7311
5570
4055
776
4016
4465
6495
3352
1606
1012
369
1353
1860
2920
881
7479
5156
2027
7297
5711
554
3713
1039
4610
7422
6552
142
4017
8011
1222
8619
4678
4580
1695
8672
5371
4482
2391
9367
7192
5901
4244
6365
7943
1316
4704
8852
8417
4843
1145
6444
6313
3849
5683
7607
9502
4011
7124
6435
2161
7203
9225
8164
4754
8928
7746
8799
8677
7185
2301
9516
6257
9187
5378
162
3532
635
2586
1865
7855
474
2727
5169
3215
8221
2809
9266
1628
8288
8811
4914
8762
7093
988
9320
6276
19
5450
301
4289
711
1940
258
6703
7549
1487
1270
4934
6763
2971
6042
2111
36
1015
2958
508
4772
7037
9075
765
6208
9230
7289
1850
351
8565
932
9189
401
7301
724
287
1079
2009
5108
6422
1837
9341
2876
8296
5767
8514
96
4066
6231
1656
4950
1605
1766
7340
6624
3889
8020
4029
825
5732
4681
5098
630
1622
1326
5293
1838
8788
1807
2020
9061
3517
6091
8478
9132
9234
378
5821
3369
4418
4489
7196
7325
6764
6844
8715
413
8349
4576
5101
7853
7988
310
1982
3251
4938
2725
3366
9326
7507
6806
7172
7233
123
3478
353
9073
553
2286
277
2946
3931
2831
3109
1037
5389
7623
4887
3865
9295
6830
3093
9476
7740
4697
1568
5924
2840
7753
1923
3123
2105
2604
6223
2094
5671
4516
5682
334
2881
1995
1236
5559
1273
6126
8023
8176
5300
7584
5672
6817
3856
251
6073
868
6716
7820
4814
4005
4284
2129
3740
3776
600
344
4783
1095
2522
41
5381
4038
8747
6732
2678
5005
9106
4446
8977
9544
5411
8127
1723
8792
7819
2672
2227
7315
5545
4235
4945
7078
5733
1486
8035
9190
1443
4766
3501
822
8781
2470
4829
6623
6349
515
3432
6529
8060
8510
654
3008
2279
524
7810
2762
6755
1948
4439
2515
133
5626
4453
1639
9242
3811
8793
1477
1407
6751
5565
3972
9356
6566
254
8119
7225
217
4921
7018
6517
4255
7125
4217
7145
6996
4876
5522
5261
9141
8942
55
683
3797
7837
7526
8584
4396
5232
6060
7614
7261
618
2453
4449
730
2863
4386
9069
4851
4860
1052
3036
3015
6133
7238
371
1565
4249
8171
1943
1709
3329
8561
6288
1202
6099
5792
131
8676
5840
4515
548
7385
5688
1334
168
2089
6065
6543
8482
7162
6460
1074
2137
6727
3500
8772
2395
4649
4085
8027
1531
2865
9416
6511
6327
8651
5798
311
7121
4815
2026
1772
7742
9314
6586
9176
5443
7020
2745
2167
3319
6459
7462
1972
3946
7662
8552
4297
9486
6493
8047
8841
4110
2473
1411
316
6824
9140
7167
7418
9146
3869
6597
1856
5803
3559
2200
2083
6905
8152
499
4946
5469
3715
8141
422
3545
5400
4325
2740
2991
8353
5391
4236
1264
6602
4828
7076
4425
3895
4320
3664
8734
8494
8039
1307
7929
7926
5205
1139
6536
4131
9034
7107
5669
2798
8787
4589
9566
3273
3354
4393
9488
6713
4975
7869
8790
9038
2030
7240
3660
2664
8980
5517
18
2542
743
969
5345
1242
2814
7681
8620
2300
5839
7484
388
3016
720
8692
5238
5198
8594
3138
6959
4407
7406
8750
4438
504
3636
6747
842
3652
3342
9039
6311
4176
7909
2738
4364
2553
127
296
7305
756
4494
6440
4061
8404
7073
8204
8650
1707
8569
7466
379
9221
1680
2743
4709
1263
8697
5260
5479
4557
3156
5704
7693
5742
3151
7182
2948
2324
7899
5701
1223
167
5895
5305
8413
5008
3105
7452
6292
9533
4692
4716
196
7402
7682
9003
6166
6816
4394
1534
8228
4177
9175
9394
704
4547
9044
1648
4053
8075
6384
6034
1504
3065
9548
9554
5939
4031
7932
7243
6458
3597
1295
607
7603
1887
4139
4028
7270
7665
4318
1351
677
4922
7382
1333
6081
6707
1002
7239
783
4108
1793
5165
2377
6214
596
6455
3528
9015
1412
32
3914
4075
2431
6302
3131
9519
7941
4898
9402
1583
6613
5083
1713
1027
2486
1042
6216
455
4566
5354
2207
6359
1147
7510
5085
7496
7401
6843
893
8422
6331
6496
2854
420
5464
3116
1298
6598
2133
7246
6937
4202
5483
8258
3006
7776
7767
412
8674
1855
9009
2381
4083
221
5068
4684
7800
8603
4662
1651
8701
4461
5572
8626
6463
10
7592
7630
4942
6025
4007
1461
3330
4117
4266
3193
2908
6160
2124
1050
6743
9264
2543
2411
7664
4010
119
3070
3534
269
6012
773
4675
7917
5990
1080
1030
6641
7316
3871
7997
7421
1610
6661
8813
8476
14
1297
6144
2538
6841
3750
9180
3165
1524
4058
4729
5204
3635
7568
7749
6680
8264
4619
6062
4789
5011
3723
5362
5024
7896
8420
170
2127
8003
8074
4794
4419
2656
800
8683
9229
3071
777
872
2033
8117
5473
4955
5386
4267
908
1068
5756
8612
3927
5941
3561
7250
1459
4359
1941
703
8993
7548
1854
7698
3855
4615
9244
7168
6767
6206
3270
6891
424
8937
1401
8922
3367
5457
6489
5080
3471
8712
6547
5894
2879
177
4433
7461
1944
2796
8871
4232
1971
5062
2392
314
4742
8732
856
5903
1255
6726
4166
7114
7683
2915
1715
947
522
7521
1250
1570
8266
4871
6305
4916
65
2440
2368
1696
60
477
1794
8528
2234
4021
7140
2305
2149
7253
4760
308
2989
2978
2049
792
1130
7783
9340
4316
2692
2072
2907
5698
2002
1308
1474
3996
4113
2975
9336
9136
1153
6095
4493
7350
1319
1502
559
8833
202
3460
6401
3916
8648
6318
891
2443
4688
3978
2731
7620
2868
1705
8487
4542
2556
746
4666
8431
1043
968
1107
931
7089
4854
2700
2221
3158
4625
806
3717
1252
8346
4496
7710
1767
9055
721
3997
5107
7821
200
77
2472
4971
6402
6998
1555
5038
7035
5032
9042
5051
2788
5643
4892
6637
638
4658
6026
3590
7610
2309
3213
2904
9423
4490
1704
8018
3893
6007
992
7803
6104
4102
8242
1579
7729
6011
3339
2141
7653
3766
1650
1513
3845
6410
6530
2028
5498
2461
6715
5579
1140
7774
3710
823
3904
5743
4168
6907
4229
7161
1101
6473
3685
4715
1585
2501
8507
902
5201
2448
956
2683
7391
5586
4458
5475
2495
7427
4360
2468
1917
6775
2180
962
8414
637
8563
5613
8231
6573
3428
8938
1802
2619
352
2235
8601
2535
6211
6441
6239
2984
266
7478
626
8564
1282
7840
719
3758
7408
3987
2765
473
1537
2090
3360
5619
8068
1950
4162
4657
4365
1034
2266
3917
2219
7069
1106
6770
5225
8669
7084
3121
7976
8866
3277
8367
4845
7637
6121
3518
3400
4001
208
9467
7339
4156
4505
9215
6881
4187
4862
5665
779
567
7908
8567
2778
5981
1200
2609
7606
4545
712
6130
4367
4015
2458
2766
7532
8066
2756
76
7470
3753
6470
4559
6706
9382
3658
3683
5115
7968
9261
8445
7598
9307
7876
6678
1727
3157
2995
7825
2337
5088
8868
5240
1117
5829
6372
8475
3099
8061
8900
4282
2668
1523
3122
3323
9085
6453
3368
1287
4886
5699
3761
1055
143
3010
3951
7689
8425
6592
873
7144
7148
8918
3680
3094
5073
2194
687
7870
850
5454
3148
6516
8907
535
2224
8182
1148
6956
3324
8951
5610
3108
4084
4513
6164
6656
5836
5493
3353
2214
9090
1746
2086
2732
8804
5736
9086
1752
6162
7994
7061
9305
2330
5194
8522
3913
6432
7323
5422
1699
5647
5510
2263
3841
6803
6939
732
8148
3666
5206
178
9453
5624
6140
8598
7854
6951
3701
4713
7005
2409
5560
5815
6583
7861
3615
8177
5777
9077
5813
2364
2832
8516
1174
8328
6697
3822
8624
5515
4285
864
1457
8593
4020
6590
5361
3976
8008
5600
400
2003
3712
4002
5591
906
7103
5123
598
996
423
8165
9
9360
5940
4293
5344
7100
1320
9448
8994
3853
3746
3422
4238
6273
3599
8024
7337
4931
1638
8881
3406
431
616
3754
2937
608
4260
9179
3852
434
7370
5315
4434
7773
3648
4105
384
8438
8189
1665
8581
4587
1584
7212
7759
2449
8655
4933
9298
6075
914
5055
5170
1249
2829
3250
6497
4008
2836
963
6498
4733
8102
2600
4667
4812
5753
9094
8611
5435
9152
497
4481
1144
5962
7524
9178
5191
2671
5640
7455
2112
3846
2695
3024
6304
5937
7512
6852
815
8406
5601
7065
248
3402
5076
8509
4430
3173
7019
534
7701
5096
9411
3926
2282
4978
4033
7678
8286
3986
7329
7965
5274
692
9197
9115
9238
7967
4321
5810
4695
8442
5000
2713
7231
602
2406
5902
3908
1975
7804
3565
633
4964
180
5474
9534
4392
1189
209
171
5664
6245
863
7805
1609
1471
9149
476
7970
3711
5497
8178
1163
4462
5999
3639
9540
8354
2546
4984
4519
5168
4836
8551
3794
292
7640
1275
1510
8049
7879
484
4299
701
762
946
4724
9088
1259
281
4735
8769
8065
6838
5081
6569
8100
1729
8944
7000
8043
3492
1201
1770
8157
7695
1430
9564
7259
4919
3839
4807
2043
1731
9517
6532
1436
790
6204
8225
6537
2158
6690
9498
1930
4234
2568
8092
4207
3548
8253
8753
3767
4080
3427
6424
1745
2215
1421
8733
820
5719
3113
8764
6112
795
7115
5995
3332
1490
4912
6484
6636
4732
8099
615
233
2326
4632
1128
4294
1268
7591
7163
5536
5635
6695
4703
3552
3934
590
8015
3626
2524
121
3208
6279
2058
1441
5224
112
350
5912
4997
1328
7960
9196
5548
8358
6100
580
271
8393
2045
3153
5113
5656
646
201
5418
8800
7625
193
4475
4040
670
501
3520
4211
6456
4565
5302
7321
6370
1849
335
2299
1193
7086
7852
1830
682
4585
1294
6078
8814
290
1717
4779
4995
6500
3649
300
122
293
59
2280
7493
7684
4406
3744
8862
500
1708
8520
2353
1262
1240
5070
8339
6367
149
884
4478
5589
1938
8684
6277
4204
2441
363
6241
2152
8041
799
8273
6794
5953
5380
6950
3320
2607
1476
1488
8501
6544
4091
1852
8149
5549
5015
126
2435
3119
5431
7817
7060
8386
2513
2596
3447
5304
2237
8705
5968
1664
2479
48
109
9145
6729
7300
5153
2465
1505
8766
7795
9071
7482
4452
2747
954
3498
3314
3862
1744
545
3372
5678
1815
9391
5276
8086
6520
5618
1556
5737
8348
9375
9078
3469
772
5185
9438
4606
7657
5415
6673
8123
6102
9511
6170
3218
785
8250
2979
2494
1152
7424
4690
5056
9478
6106
380
1036
5857
5713
5877
5911
5385
2665
3450
4691
315
6741
8748
8222
1356
227
7282
2399
8956
4006
2581
2114
6069
4767
7787
4626
309
8305
8097
599
8518
6478
3280
1269
7998
3641
8088
3272
8387
6675
4414
2597
8926
7328
6644
2123
4731
993
5130
8236
5052
7844
7477
6917
4560
2318
4503
2962
3509
5844
5552
1666
2078
5075
2514
5122
3232
9409
8010
6987
6212
2253
603
6977
2512
8486
3226
8966
6457
4597
9026
1063
870
8357
5646
6266
3396
2
3203
1051
551
6150
8687
6448
2652
3527
1788
330
7094
6335
3739
7303
970
4744
5655
4985
6
5645
4883
6676
9374
5041
5257
5781
663
8397
6203
5090
3847
9260
3
811
5177
8034
2752
318
1701
3341
4019
4533
1206
8467
8452
4092
7367
4910
4412
8558
8821
648
4727
6138
298
9348
6397
2559
3809
898
4428
7448
4882
4472
722
6251
5367
8681
6285
7843
4583
3505
6048
1142
6866
657
5377
3820
4356
3576
1064
3973
1748
5982
2159
2402
40
7153
7331
6187
313
2007
4936
8925
5542
3163
2590
4126
8933
550
3441
4184
2544
1920
9418
8465
4467
2306
8360
1479
5485
6704
9385
6791
8194
7986
5667
2469
7494
4404
2321
527
3097
3706
5972
4109
8492
7160
1265
7348
9413
6229
3348
4039
4262
3194
1237
2120
2053
1835
2360
6932
3874
9147
7531
1668
857
327
8876
8867
5935
5639
471
3575
3870
3728
2199
6137
1212
909
2177
7971
2821
7147
3092
1146
3627
2846
6521
2898
1905
4543
991
6485
7758
2008
8067
1979
2532
3202
6646
8919
2418
2629
9289
3210
7443
6873
2930
6594
6736
5916
2632
8329
6929
8300
1576
6882
8858
8759
5761
4906
2463
8125
1179
323
490
9213
1873
4532
1516
614
1498
449
4281
6326
8576
1518
3452
8019
713
7008
2751
8865
1763
7534
7409
1765
2438
6256
340
153
8270
4389
8967
6232
4958
5650
9020
1892
2041
6063
4142
4090
3742
4173
3252
1883
1311
8430
7883
7754
570
1684
7485
1842
7873
3519
47
2480
3637
610
787
6278
7228
2527
2307
2855
9211
9245
9059
2562
4925
3191
1882
426
1340
7888
1248
2346
6740
7251
1480
622
9518
3967
270
5237
4683
8716
2844
6115
8616
1260
8138
7663
1552
9482
3043
4366
3249
8262
410
1451
6051
7326
2035
3430
1425
4674
5849
1797
6044
4531
5290
5525
3939
5145
5931
1310
7007
2335
6290
7716
3624
8257
359
808
6047
4034
6356
6076
1985
4918
8104
7985
1913
7946
2467
4927
7218
4820
4537
8805
3309
4215
8989
6616
6261
3052
5446
8407
8909
6186
8361
7595
8180
89
8675
4409
1129
7237
7798
7599
2085
7551
5876
9076
5696
5406
8661
935
9216
394
7791
2635
8983
7875
8562
6222
8874
4361
6968
7353
560
8643
7702
4375
6022
2430
6492
8695
7583
5146
1473
7317
7096
3186
7547
809
9400
5662
5286
7858
3334
2192
7177
4638
5787
6476
3446
7922
4171
723
6151
5295
6653
3523
5801
936
194
8729
2679
8699
7015
8974
7823
3947
3345
7010
510
7518
342
7836
3745
2511
9357
1427
4175
4613
337
6119
1821
3950
132
6197
3989
7252
1843
2298
2824
3275
2186
3149
3651
8220
5267
4872
5236
585
8879
669
5398
4470
9004
4991
3963
4342
2276
3248
195
5271
2032
4067
824
2657
3634
396
2877
6717
1725
707
5403
8254
4890
8247
6184
4992
1442
4644
2103
942
636
257
3287
2183
7352
3184
2799
13
2457
8785
7712
3067
2492
3694
6892
2918
9431
1569
6513
6578
2943
2425
3310
6804
2721
6790
3474
6555
9428
8409
740
2064
3493
3381
1919
1907
5250
6752
1423
3403
1464
7528
451
3942
8630
7101
854
7611
3584
7648
4405
1392
8159
4973
6395
9272
7214
7918
4604
7307
5078
8244
452
8122
3001
1283
6139
7516
2773
4957
8896
8013
1845
8051
549
3377
7741
346
1447
7201
8608
2500
4523
6733
1368
780
9369
6301
1056
2246
3698
3439
7672
1703
8628
836
7814
1338
42
2776
2853
1567
6914
4372
619
5147
6779
547
5212
2184
7275
5297
6332
4809
3019
4192
6236
6110
8291
4757
7106
1902
1633
1482
3187
3490
331
482
9274
8505
2736
838
2913
6253
9208
9442
2572
994
6037
1626
7613
5554
6603
997
9008
2883
5861
3536
581
3146
9500
2109
2588
3670
3994
1631
2574
8782
6475
5423
4064
9524
2815
3801
983
2601
8783
1367
4521
6005
3568
709
6195
1485
7138
9194
4059
7332
6645
8731
4669
6161
6720
1993
671
5754
7802
4042
5841
4278
3464
5898
3295
356
7945
655
4813
5363
2845
7471
2317
8130
4784
2929
8213
658
3064
6469
9118
5284
7375
5909
5025
9249
385
2554
7080
2066
9480
4437
5657
7916
1754
5436
2139
1601
1372
1220
9060
5539
7704
729
5245
7200
1581
7266
286
8444
6168
4996
2641
2383
6618
3117
87
7457
8818
2005
7999
2897
223
9324
67
5234
1946
7050
4943
2333
1687
7975
6709
3318
9113
1161
7130
9103
8610
4831
5176
2241
1643
1303
4953
8087
4780
8969
8709
6772
4174
5741
5242
9102
4422
1501
3021
919
6725
3617
5303
5341
6995
6227
3086
5900
8990
8021
7895
782
3896
8859
4665
1812
2012
2884
4269
6769
7987
8652
8071
8040
5490
4581
5263
6303
1005
9096
5973
4717
7134
2433
7514
4384
6344
7643
9114
448
5967
5109
5086
1851
7571
7046
6561
7495
1529
5230
653
220
7277
8954
9532
3836
1545
6175
8243
2967
4951
4672
7442
7056
807
5053
3623
2132
5050
1341
9556
2445
2841
1363
8961
3216
8004
4343
2551
8539
9417
3219
4810
5998
6565
3429
543
1899
7636
7183
8318
1065
3401
3444
1431
8044
3653
8324
3364
2541
9033
4363
8920
2838
8981
2722
7296
2372
5575
5852
5018
5580
1922
3953
5067
5213
8001
9010
252
8330
7460
3540
6531
3268
2108
5482
7632
1795
8834
4114
7102
9378
2404
5644
6033
2710
4857
4241
2784
5347
9048
5716
9255
5964
8965
6379
