1754
7173
810
4496
493
4526
1252
4811
3274
9002
4795
3987
1141
6570
5794
7022
4590
5790
2159
4411
8232
8625
5110
1468
2564
5605
1858
289
6110
3240
6064
2710
6
9561
414
5754
8649
7918
9277
2065
5945
3393
8829
1789
5381
1834
5092
3372
9189
2544
7700
1229
9118
3647
1134
9105
3552
5242
6574
6112
6028
6742
4046
8897
7569
3324
1205
3328
5061
8922
4754
5933
9148
8453
6285
3348
6278
3661
1833
2001
6880
407
1338
1901
6802
5824
9217
1992
6755
1792
8274
6998
1106
6157
9079
8436
8628
3595
4279
5787
9508
8711
9507
6403
9256
9057
0
9515
1946
5710
1784
2615
7856
3795
5207
5348
4815
1587
6547
7195
5656
1637
767
437
6951
97
1485
8444
2926
7207
2409
7119
3501
6731
2215
4831
8388
2354
1077
7505
4737
519
3782
314
2462
9498
6083
5074
5512
6672
6493
1413
847
1952
8322
6809
3141
8525
131
4919
6429
7457
7508
6300
3193
2842
9417
5810
7708
2783
1178
164
928
4406
7129
9243
2899
7154
1919
2188
7589
7836
5274
1686
3113
3950
7373
3528
5791
7066
472
387
9550
5385
5283
3001
4344
6580
1365
4180
9375
5657
2340
7595
1258
5346
8287
6088
2991
2693
3214
8336
3744
5580
371
341
6295
6320
3476
3207
5146
4984
2818
3816
1107
2313
6582
3675
7081
8750
6466
3577
9318
1391
5894
1475
9038
2720
6269
995
6389
7744
4628
1820
462
5777
9024
8629
1233
3370
3431
5433
2678
3861
4661
5068
1941
1663
1316
3169
2633
2822
4846
8909
6564
2295
3368
8667
2049
4907
8965
1818
3422
1225
5553
4113
2652
2204
744
2508
8618
1224
1576
992
5968
5302
6679
8646
4188
1255
7626
6055
4801
6186
3841
8410
2745
5836
5294
5161
320
1044
6484
7274
8081
6231
1647
1295
6562
2628
3499
3740
917
1633
8380
6717
4047
3371
1900
5644
4214
205
5496
6848
645
944
3591
5993
3573
8760
1780
7035
182
4333
7088
3063
9017
9279
7526
3403
3436
2104
6084
2882
1342
6018
7985
3941
5819
1543
4208
3548
2891
3648
2345
8014
8022
1015
2282
8538
8239
4244
1343
3984
792
9147
5476
6933
1866
5534
3976
8119
514
8916
9330
1753
8483
4275
8209
2529
2285
6339
5499
1327
3285
4765
3844
5782
6913
4405
2197
7476
1683
3244
2184
4410
4503
1718
5715
921
4988
326
4296
1607
5532
2817
8061
7418
2364
156
2068
4101
6151
494
1685
9201
2958
7367
5111
5880
5426
4005
3802
7101
8777
9349
1964
1495
9266
4507
1644
5577
3034
8701
7199
6934
8026
1038
6155
5899
1004
4949
9167
8100
5029
8718
1921
5383
3248
9292
3427
7231
717
2826
5820
1752
5939
2122
13
8009
3091
8316
4759
1692
4078
4781
1657
3566
2664
8120
973
6023
878
4432
7838
7547
9042
7093
5120
21
7774
9553
5850
2311
5205
5884
468
8977
7107
3284
840
6077
9136
9465
1369
705
8382
7109
5769
3613
2034
87
6576
1997
2629
1266
1769
9092
4784
572
3819
4152
738
6551
6347
9505
2583
4017
2388
5130
5815
7250
5514
8886
5469
1222
8623
5150
4064
8007
1427
9408
501
5812
5714
8729
5596
3969
8894
8317
1859
9014
4357
9341
907
1745
8993
8016
3074
1112
7777
4059
422
8258
4293
4800
4744
5334
8077
2565
8775
2640
8040
421
2231
8591
2656
6560
6606
8662
8285
1873
4467
526
7725
350
2699
1514
5949
5830
1624
6022
1529
1757
5846
7932
404
7925
8575
2870
6191
6762
4552
3421
6534
7364
6964
8043
8849
502
2993
3098
4647
2614
7658
9238
2163
136
3337
3475
5100
9376
1591
9309
1001
1998
2377
5490
6967
4168
6197
6095
2261
9458
6081
6058
8307
7527
8622
4314
2702
5539
5564
7855
2114
5145
2786
6903
5708
7329
6445
891
7706
4973
1670
1421
2762
7768
1936
2466
2017
1788
539
4978
2079
1322
2430
6858
8312
8413
8619
6351
8997
2918
8653
1151
9273
673
827
5363
4192
6108
6089
865
3757
3452
7016
642
209
5985
8582
4000
7737
2696
4291
8138
3336
2319
8698
106
2240
7029
2271
7159
5308
1164
3854
8261
6592
9183
8192
6874
1072
5269
1314
2684
2418
3657
6182
5821
5257
9051
4591
2759
323
5628
3300
5637
7208
2510
500
5495
3821
5700
4151
8262
6714
2717
5124
528
2175
4387
8818
9499
9084
1571
4578
3355
5411
5305
1794
4843
7969
6000
853
3282
5638
2432
2042
1691
81
4374
586
3691
4090
8620
2401
7787
9326
3694
4210
7552
4918
6222
5843
9523
913
8915
5144
2934
2890
3786
456
1498
275
5795
108
2687
2867
4691
8492
8551
5783
7089
4924
6498
236
5847
7136
8076
2859
25
3612
7927
6265
476
3213
3686
617
9192
7330
5910
762
1797
7211
8689
36
3417
4094
3555
5071
4676
7253
7930
2562
8634
5841
473
7839
5139
4874
48
3803
5439
5528
9536
7739
1099
1019
5958
2232
4579
7989
5422
7741
6140
1227
6163
6311
2040
7198
6221
6940
3064
597
608
2537
3693
3030
3535
7010
9479
5015
2516
1512
2195
3443
2722
8830
5854
2953
7278
2723
9127
7678
1828
6502
225
5347
9006
4331
1684
6670
8248
4685
4658
7826
3129
9340
5599
1283
7801
934
2461
2342
8186
1123
633
7537
1124
3862
7575
4604
6978
3815
79
3432
1198
1273
1444
8159
1490
4621
2093
6410
7781
186
1050
6854
2936
6899
5423
6816
753
8175
4663
5354
4742
765
8218
9509
7968
5449
4990
485
2306
6938
6009
1406
3232
1568
545
4785
6628
3167
8569
6987
8937
4472
2747
6748
8387
1215
3299
2003
2269
3230
5802
8981
5941
7583
3532
761
6007
2051
2758
5177
8068
445
4571
293
4483
5442
3265
7011
2781
1230
5052
5011
7959
9557
8816
9139
7410
1491
95
5699
8617
1927
7728
2877
8491
9393
213
2533
6838
3158
6243
295
1879
5132
7263
9125
7755
3025
9362
6841
5972
51
1156
4039
65
4397
5799
8146
7592
4583
3128
1108
3999
7365
380
4305
2420
575
3127
5522
4854
730
1580
8425
1566
2223
9210
7291
5343
4454
4196
5606
9259
8651
4992
7076
3888
7828
207
356
3863
4442
7155
9282
4384
9373
8036
920
3953
2419
9165
2750
2663
8659
7351
4066
2101
5905
4830
1907
4819
6116
8027
467
2556
6274
5651
8767
3527
5083
3551
7466
3485
5575
4083
5835
4835
8133
8003
23
8839
1169
5028
1943
5096
5470
1399
6417
6787
769
3287
7534
7723
8600
9545
3928
2351
1898
2422
7878
8053
1881
4216
2686
505
7165
1638
4714
9442
9314
5045
7835
6364
6325
8401
8144
6544
7749
8870
7940
894
6318
3332
3619
2732
9299
5859
5755
3444
4866
7573
4925
4648
3101
8588
4721
4284
3935
2808
5299
8050
6144
804
3557
8398
4555
7169
7059
411
7193
4175
5501
708
3980
8320
4190
2831
7949
4734
3939
2029
1711
2549
9050
9026
4825
2294
8811
2635
8847
5956
8706
2494
8256
5259
3645
8806
2956
212
1223
836
6461
3162
867
7946
6133
691
6232
159
884
5278
3435
745
2026
7992
7997
8577
8233
7656
1370
2087
1808
4401
3404
1763
3154
8572
8567
8153
2864
4548
824
6832
5662
5608
9049
2790
1348
5826
9291
3722
4324
1093
4062
5172
7396
3673
2199
2590
5239
6485
4913
6857
2949
1298
6781
9134
6825
7240
1117
1125
3582
6301
793
388
5741
2085
671
694
9097
4943
6441
1398
8095
6768
5735
2280
2816
8094
605
8461
7498
7726
342
3424
7236
2514
5290
2525
4263
5747
2804
2023
1832
1359
2298
8468
5719
2925
7620
7134
1172
5407
8654
2653
4981
1636
9564
7103
2874
5437
5287
6208
8447
6820
2031
9163
5691
4777
9394
1092
2135
7070
9222
1086
1425
3066
6123
1772
6330
5328
4147
2570
8199
1070
3003
8438
4074
7200
568
8759
6638
2757
2607
3243
3252
1525
1888
4243
3516
8736
1257
7477
2384
304
53
7052
8636
3520
1291
5585
1994
348
685
3315
9
7055
5004
6236
202
6831
413
8356
5200
8749
2978
8420
391
8791
969
3012
1687
6518
6412
520
6165
6200
3479
9068
6029
8552
8930
173
7243
2705
6060
32
7316
37
3617
6729
8421
8630
1929
3394
4482
8821
7766
4677
935
3078
7439
9322
7286
4334
1991
5489
6152
4730
5108
5620
8323
725
2952
7632
8761
596
1603
6656
5380
6829
1655
860
2302
8835
1596
3266
7858
3640
2117
7998
7456
997
2641
6073
8337
9440
7665
9343
5086
1658
362
8283
6556
8764
1955
8826
8682
2830
3711
1558
6962
6249
1360
4585
7118
9076
3991
6048
9236
3707
2895
5867
7205
695
9184
2676
2125
4493
8913
998
5737
76
1374
4829
5035
2426
2588
7180
1412
8972
460
1054
2782
4360
9199
4935
1622
533
9072
7641
3103
8288
379
4732
7869
1812
721
4626
4124
1884
941
2474
3922
3690
8302
5291
4459
7469
7343
5063
1251
5339
5689
2690
7067
8235
4557
3195
1484
6726
2807
9226
5378
8252
7892
67
1263
1245
7163
1742
4589
9315
4660
7290
5229
822
227
5087
410
7905
7042
7758
4682
3530
8271
1990
73
6366
7993
8844
1137
1540
1133
7402
9074
2016
8934
2661
8353
1748
1285
739
612
4718
8187
6554
1023
922
8670
7220
2010
1911
9054
5520
965
9096
2961
417
8226
442
6488
5896
6460
5557
7691
9131
6754
704
5175
9438
4486
527
8976
4161
3615
3009
44
4032
9004
7840
2973
4133
5961
7443
4030
8709
9323
3309
1847
5646
589
1552
3004
6380
1502
235
3600
9527
5641
9272
5255
1602
4307
8962
3054
5654
6475
7604
3644
2550
3253
2971
2451
8875
6982
1114
7388
2954
972
2022
2326
1206
7540
4206
7361
5310
3504
518
3910
5020
5690
570
1192
4102
6632
9086
4673
1403
2521
307
7759
2287
1469
7735
436
6617
737
6594
5556
4963
57
9300
1744
2824
5167
3813
8351
7599
6697
6068
931
3687
4500
5889
6266
7385
7533
7974
5863
435
2336
9110
4856
58
8836
999
1747
7880
987
3880
6735
4890
3080
7608
1200
9353
3036
1698
9558
2106
806
3514
5251
3255
3653
8052
277
798
5059
9113
294
5509
3743
3305
296
2230
3022
701
6359
4007
3110
1354
5549
1786
8919
9198
9298
1375
6949
5897
7282
7275
4043
5000
455
8785
6555
5999
7392
8789
5640
5619
7554
412
3033
5484
7472
242
8512
6657
4283
3246
5840
3805
8281
1889
9020
889
8451
7915
7246
481
3116
1871
3352
773
8369
27
276
8707
838
211
2100
9275
2749
5497
4340
5506
4450
5382
8713
5658
3079
5545
7769
5618
543
397
3565
9087
1321
2385
3426
194
6715
4287
7092
9293
5390
1645
7576
2378
5558
301
3900
779
851
4203
7326
6828
6419
4260
2665
3611
6150
8542
9372
9538
7560
7064
192
1736
2038
2502
7879
399
8060
9213
2258
7581
9071
8982
3541
4686
4019
4230
6438
978
8508
402
8428
4901
8487
1389
4911
8953
3708
6548
7542
5027
5540
6153
1440
9345
9153
6804
5393
5723
936
2599
2631
7234
6430
6609
8156
7298
1060
2094
1677
8606
2089
9025
3706
947
3251
4679
134
2558
8978
2152
8130
354
2582
1605
5906
515
2794
1890
2716
7429
4393
3225
1669
5788
6812
6471
2524
4939
5314
914
3601
7337
1916
3191
8695
9501
431
7185
1610
2545
8605
7434
9159
3120
2592
4991
450
8856
5988
3702
1715
9007
9503
4739
7987
8472
8799
4380
1063
438
770
9188
3901
6737
774
7870
2024
463
1457
5818
5672
5607
3818
4531
8242
904
3921
4636
7978
5652
6845
9258
3886
3065
3500
5209
409
1696
8888
7071
3166
8737
8968
1461
3056
4375
8505
4678
5206
7916
7861
4106
8534
6333
8223
2134
7490
861
4240
3183
203
8343
1367
7061
3843
3932
5176
512
6111
3650
8506
8693
2380
4031
3047
7711
6568
374
1154
5410
8308
7600
8957
4200
3428
1648
6099
6118
3696
1144
4100
5034
7633
916
6703
216
7577
9094
2906
2823
4703
165
3354
2908
6569
6674
7754
1963
2367
3346
89
3597
7764
5687
7346
1656
5374
2866
8054
4857
2706
5727
5318
5752
6974
2416
2674
9297
6261
2174
4129
1103
4962
7524
7203
2120
6434
4120
6164
2392
4864
540
3019
8392
4807
542
9419
5678
6091
8001
5660
9444
2025
107
9022
9544
7521
378
4268
4355
6227
2735
5717
4761
4650
2245
2293
1668
6538
8171
1595
1226
2546
9237
5252
2270
3733
4716
3457
9390
4695
6072
3791
1778
4056
8807
4700
3958
6187
3559
1091
7406
680
3857
6973
2347
5324
7303
6907
7239
1423
5978
4321
416
4615
844
6066
880
1462
4998
3967
7841
2296
5817
8963
2775
4656
3307
5729
329
3927
5118
4735
7006
1539
4818
2320
929
4586
1087
5935
3649
5598
6124
490
2249
3490
8730
6396
1299
9339
7212
3046
160
667
5312
5692
8676
585
5214
2090
6169
2338
1076
2228
5293
3351
6158
3781
178
9560
8945
7232
7186
6637
1442
1005
868
7842
9034
7707
7142
4024
3978
6422
8092
4177
4351
427
2863
1068
5103
517
8996
3529
1606
6968
7966
8621
4086
1801
5647
1863
8691
3866
4434
2361
6293
8296
963
3041
6053
557
3604
1239
4080
3946
2060
3256
9220
3338
8899
1924
7671
960
4460
9200
5964
5376
4893
215
8722
5886
2289
4527
4565
7954
7601
7727
8703
8115
4989
1236
6189
6376
507
2995
8768
3856
7494
9260
7401
4049
6400
2314
1671
4464
2478
6230
6849
7597
5902
1896
4468
8820
7257
2479
2791
7885
3826
3523
6226
2557
5616
59
5049
5947
1714
2130
9010
690
6805
1377
4505
8267
7407
5924
7033
4573
6984
7027
5197
689
3151
4513
8390
7738
4480
7347
4940
3904
9445
5533
5798
6122
5578
6791
5169
6353
6125
4961
4635
2349
6531
7778
3380
1482
4965
6855
1122
8173
248
1586
5667
2400
7579
1979
4420
4649
6287
8362
395
3681
4828
7942
1986
783
6885
8792
6136
1646
359
7283
1046
8912
1280
6972
6503
2657
2561
1517
1831
923
4817
4747
7716
2066
9321
7470
9098
4057
4025
5974
5504
6378
9432
5191
1160
4272
6873
4224
9129
1345
1913
8017
6440
10
4702
7545
310
4069
4148
5487
9185
3077
2573
33
1096
3052
6751
2196
3027
651
9190
4246
1341
7222
5418
2580
3792
1287
6930
2356
581
4011
6797
9268
9085
4793
9230
4262
1364
3630
4657
4644
3510
88
8645
8172
7379
1301
1057
5633
9517
7381
9121
521
5174
429
580
3447
8489
8522
8725
145
8497
5481
3122
4271
4878
1142
5
6223
2155
2606
7895
4343
6882
3415
3903
3112
9459
551
6250
7184
469
1629
6069
1127
8697
6770
1631
233
2381
1813
98
8344
1977
4194
3618
970
5873
6738
2773
4135
7398
6326
3727
1207
5743
3952
8038
4270
2355
5222
5194
7455
4712
678
2447
2669
2417
6864
2371
2519
2490
8735
1171
2886
424
7057
8675
4574
5284
2312
1732
1507
7043
592
3760
2251
3747
4941
7683
353
5140
8122
9317
4633
2266
905
4529
1895
1182
8000
1104
3610
4750
8519
2333
2838
8018
7034
8756
5126
2648
2470
8862
1329
5980
9239
3956
6086
595
9146
2193
6304
1126
8776
1750
5286
945
4403
906
7445
1049
4655
4601
7389
8819
3817
6780
4318
7628
7612
3147
6468
6851
2071
3636
5963
6121
2191
240
3683
1528
2382
1161
1477
6977
7471
6145
7874
7
6655
7465
4451
643
649
4713
4779
5953
1848
12
5570
7709
319
250
7349
1262
1323
185
104
6689
6348
8035
1463
7610
8185
696
7883
4916
5736
6154
3850
3126
7332
7718
8863
9400
5547
7763
9228
8557
8644
9000
3376
4873
8565
8720
3930
6529
4595
8906
7281
8030
1865
9263
8536
4259
6573
6909
4994
1131
4797
2597
4692
6927
5321
5021
754
1138
2999
7606
5458
6837
5623
6373
5983
1542
5970
7806
7582
6372
3580
5542
2634
4900
8975
1067
8595
5681
1678
1726
7911
6331
4144
4366
7829
3489
6126
2531
1976
3721
237
1159
3947
8986
7814
9286
2538
9378
7752
7799
482
9337
4996
8710
6129
8787
5645
2929
5109
8641
9328
3148
2009
5295
2492
5929
3784
7651
9137
9311
2006
7425
5776
897
318
287
6788
2348
1439
385
7285
3537
313
8704
8101
8864
6744
1085
3068
8602
1034
2398
3925
4457
7609
8207
4020
983
6713
4023
5559
8860
3586
1923
7251
2679
1232
1851
1559
133
8727
9412
1567
5427
7888
2383
6614
6228
4489
8368
3144
6986
7971
6478
1277
5112
7377
892
5384
9120
8885
6119
7618
6721
7350
2889
4514
6667
4932
3271
2308
2673
7721
4559
6096
751
1029
7400
77
8784
2541
6666
3100
9290
6383
2539
1300
8329
6661
5311
7366
478
8753
8612
4345
266
2044
7819
2968
2997
6675
6789
925
4409
9469
2733
4097
1582
3290
290
9487
5892
5019
4278
9169
2803
2341
9044
6065
3948
1311
8589
4933
8181
3460
4813
3954
927
5746
9012
625
5377
6386
3373
7036
2644
1604
8632
2726
2321
7543
5917
5349
50
3865
2471
8234
1982
6011
4914
8134
4126
5279
1017
6850
3944
2835
8349
3140
3762
4150
8395
5828
2235
6691
8940
1653
4461
1934
4474
8084
3631
1130
2941
4084
325
8782
1487
8961
8803
2192
6887
2138
5639
6584
2646
9352
8473
6530
4322
7190
2966
937
2126
1136
375
4426
6970
5722
1340
2534
9244
6623
4709
270
1944
8850
8633
6710
785
5457
4021
457
7233
5724
2468
5122
6863
6696
9404
3015
9069
1116
6201
2292
5285
4584
8692
752
2161
7956
9463
4273
2206
6024
1191
1075
2267
571
2116
6365
7499
5505
7967
4510
4235
150
8402
6252
837
38
8259
3723
706
3465
24
933
6705
7865
1047
8286
6241
5560
1113
5571
6792
1056
1654
7123
1167
8592
45
2680
3472
9232
8942
7807
981
7473
1720
7412
3412
1066
5975
1770
3851
2935
29
1903
4912
8520
5792
8770
2737
137
5597
2121
5368
4471
4212
7178
8254
9248
5085
7160
8028
5353
154
2146
9270
4155
7153
2225
4790
4879
4875
3622
8327
6687
5500
1310
6343
3389
6183
2766
6871
8639
2286
6139
1175
8831
4179
2043
1544
5351
121
8833
1464
1053
3492
8225
3493
5211
7546
9066
5050
5887
9471
6054
9008
9253
8738
6866
8417
1368
6313
1220
3323
4297
8484
566
7578
3998
8020
3643
3155
9406
1194
4672
1805
6908
7007
2391
1761
3917
6031
1942
1201
3979
1031
5966
5482
1339
434
7910
4948
7008
6720
6891
1554
3667
9152
8298
7522
8086
7682
6585
3386
8533
2779
2288
8793
2551
9140
713
8012
9109
5589
9005
991
1578
6281
6275
5008
9182
7705
7808
4422
5400
5877
2593
1905
3787
6289
8299
9540
4382
188
6344
74
7889
5141
4809
7679
1190
5811
4630
7030
3556
8873
8827
8141
2801
4680
4782
9207
1362
7846
4834
5331
1777
1334
7300
5804
4570
3623
8039
2769
1351
1956
4394
9063
8500
6246
6212
2970
4882
7431
2429
3073
5117
8385
7920
1972
2183
3108
6663
8771
2450
345
7420
2374
2185
6645
5367
6883
4295
1221
8045
1350
2200
274
1935
1011
7922
7454
4642
8699
2587
4945
8168
6905
4211
7150
5160
9555
7698
8183
9468
2857
2763
1270
1489
6143
6619
5355
8631
3322
4022
8952
4771
6671
3902
105
7124
6171
1875
5878
4876
6953
1078
1435
1058
952
8109
9552
2457
2566
2442
609
5851
6706
6390
4884
5203
653
4968
303
8891
8967
7167
9135
3891
6508
84
5409
2765
3774
7818
6728
2792
1513
8191
9180
5882
7813
3236
4308
6159
720
1724
3206
8640
7287
8206
852
1293
8954
7594
7770
3549
4115
7484
5515
5443
483
2909
8004
8158
8338
9015
2610
1014
9176
3511
6001
9525
9477
140
7572
2428
5165
8724
3326
4446
8359
6135
4684
4241
7018
6859
8874
6993
9254
636
7426
833
6032
1925
5013
4796
4775
2796
924
8495
9429
7181
1553
3399
7697
6094
1400
8973
4225
71
1381
8260
2727
2254
8227
5913
3349
1306
8023
3313
1945
980
1279
2143
3899
7717
3062
4572
1892
3913
3749
6462
1234
3914
8931
6608
1289
7237
7009
3114
6833
1037
6507
3871
5009
8371
9241
2643
7500
6051
9522
3364
449
7216
92
9478
5758
2344
677
5861
5726
850
4010
8587
2950
3827
5185
114
3768
1617
1505
2154
7681
5493
1179
5026
509
1583
8102
3592
8537
531
6590
7811
6764
7050
6421
2975
8189
6312
1836
1562
2645
5341
1132
4002
7825
7509
3709
5057
5375
6603
3839
3260
5981
6354
9531
1872
6247
1509
2299
5543
3178
5567
1260
6767
718
4694
9379
8869
1244
8143
2724
9128
3212
2982
243
6542
3117
1632
1324
1441
4028
3135
8597
3761
2103
2620
5572
3697
4969
6363
1802
9132
7864
5748
839
8848
1208
5494
9212
5099
470
61
9482
2473
7433
4096
2164
3936
8772
3943
1821
5434
9452
2369
8480
6611
602
2350
3732
5704
506
2612
1601
1458
4533
2309
3983
5744
5838
2069
3142
4887
1451
4508
1862
2756
3579
1722
8721
3458
3594
2530
1453
578
552
6432
957
6844
4569
6117
3088
8455
5465
9472
2527
4228
4733
8584
1074
959
9312
3092
1470
5971
5996
8422
6616
9043
4395
7493
1416
7765
5104
990
4539
6760
1639
6906
553
3367
3369
6176
7488
4674
9336
1021
759
5568
8015
3860
6571
7872
2507
8099
4227
6587
8196
2913
9430
5842
9151
1303
7939
9040
4525
8490
2559
7605
873
331
8733
5129
2411
2144
9075
9365
9101
8626
4528
6639
9250
43
3543
5511
4174
2901
6876
2860
7288
7164
4392
4719
8556
1575
3584
7352
4535
1022
4995
1357
3308
2768
4869
6415
465
217
870
2594
8502
7419
6027
4301
6642
2329
4068
8201
5262
2030
344
4171
5024
2033
4443
8513
2436
4736
6362
5587
2045
7854
2149
9541
7913
4606
8352
7532
7680
7497
3276
6237
448
7012
9016
3419
5333
5296
4172
6002
5370
6424
2053
6743
1284
8529
5340
7038
3175
7952
4317
6276
3725
3715
5228
9405
611
9215
7224
5590
8802
4103
4239
4592
5688
8123
3339
3138
112
3058
819
8310
7876
1157
5079
1746
6512
1158
5778
4238
367
6618
3358
7226
5997
8966
4545
6522
306
6436
7015
7091
4207
5885
1121
1798
2178
5267
7458
2967
9391
6999
246
2493
7795
7898
5523
630
2575
5188
5770
2518
4218
4564
6286
3383
5337
7868
2074
2522
3912
8373
9045
8944
8466
8921
3011
7884
668
3247
7669
9281
3616
3972
3288
1551
4449
2731
8157
2924
2500
1111
8828
1756
1704
4987
9305
2112
3990
8515
8055
2438
3341
6740
4176
8269
8680
1950
1393
1242
8549
8347
7539
4705
5412
3929
7230
8684
2977
8924
7894
964
9283
675
3606
143
3569
3000
8282
1560
4036
3325
4034
4063
8514
7912
5178
9397
1347
510
2443
1810
6897
99
4112
6170
4
2987
3973
7135
206
3567
4269
6604
4277
6745
7096
8325
1708
9556
7938
8790
1419
9410
1456
179
3163
4832
5115
8769
1361
1460
2483
1751
3130
1618
7982
8558
1728
8103
1312
8812
2846
6013
8493
3160
8062
4598
5204
8006
3996
4751
911
2841
372
2373
1294
7571
4159
5593
6872
6963
619
820
1697
1405
4441
2586
6769
3578
6277
4166
8663
6810
9389
3553
2789
8778
6795
1402
6406
4729
6199
9491
3219
4780
3410
6496
8460
8788
9333
4851
9554
9123
6251
7174
8049
3524
4354
6005
3554
1467
368
4040
6932
2368
8131
6629
3451
697
2434
5362
9166
8066
5036
4915
163
6520
7513
5655
7875
6040
1394
2655
4723
8379
7689
9486
622
8111
1193
6050
3172
7919
8452
5653
5503
549
3637
9304
3638
2741
238
2281
9407
8470
9512
288
300
1480
3407
6428
3570
6483
1785
1090
876
222
7024
661
1993
5669
758
7719
7782
2136
3118
8642
498
489
8923
2777
2082
4497
2754
2855
6097
5766
3488
5320
7907
9229
7783
1643
4004
1910
1783
4156
40
8116
7736
3820
7924
7797
7845
700
1597
4964
4003
699
3107
2969
6615
3461
1886
4511
8403
6078
4448
3542
5816
4753
4091
4266
9240
5686
561
4974
6620
1918
8596
199
2671
7588
8194
7085
3007
4462
8293
3267
3828
6490
9490
7131
4329
6600
1849
1259
4576
3531
5622
7108
943
2389
5931
3505
2892
1574
504
2208
2770
6384
2186
9332
3701
610
3085
4364
8113
5550
4868
219
7934
4490
2224
3812
6759
5227
2904
1304
9447
896
5193
2836
1675
430
1438
5467
7252
9454
845
8939
7506
6627
2376
3875
1376
2780
3562
7311
1880
7100
4215
8496
5936
1254
6865
1533
7025
4666
4816
5303
890
1429
3797
7265
3602
6162
2141
405
6565
9565
4738
8743
6489
1565
1040
1216
1045
6385
1592
139
1501
9529
7695
4237
2170
8154
4538
8951
6681
5421
8332
8275
5932
2073
5067
3660
2604
9370
167
5890
988
8998
8029
5643
6003
1807
9157
3131
9154
4833
7557
3437
6270
1333
4320
1526
8511
3238
5675
4015
6181
1253
34
3607
3977
5739
1779
8901
7046
4936
2190
5592
3698
7531
3898
5404
1474
2853
4710
9294
8546
3440
3037
975
7502
808
7981
9107
5231
2986
5069
7019
8798
7851
3677
6813
8708
6923
7507
9150
19
5131
1009
7789
4776
5674
1353
9434
4980
4596
7867
7792
7630
1725
4299
2454
1007
5276
3685
830
5190
4252
7973
3221
1947
8658
3651
1129
1999
1083
6264
3804
2654
6042
2180
475
2498
3484
1466
4593
8755
5914
8437
5745
4957
5594
9535
8694
6798
8241
180
7906
7607
4137
1101
2095
7622
8504
1588
3111
8637
7972
7446
6779
2603
3202
3087
912
6305
8902
5733
5943
22
778
826
7370
9423
5244
6956
2387
1385
9114
6012
2118
4975
4847
7634
3356
7639
8069
2905
7587
9142
5307
938
2435
1503
8377
4728
4824
78
7944
5261
1776
2007
265
7048
6329
9065
2837
8969
249
9091
3344
6739
4618
5874
7644
3962
875
5868
6446
5420
3049
7891
3289
7873
646
558
9395
6578
7158
7197
6900
8462
8550
4902
658
1699
5524
8475
1372
4222
1219
5526
715
5761
950
6271
4652
3082
9425
846
2067
2845
4519
660
9124
4285
4109
1719
1804
308
1331
1118
3013
2767
5742
1349
1682
6217
7062
703
8025
2084
5982
3614
8082
8446
5025
6147
7550
281
6818
5101
6213
1594
1278
1557
4688
9473
7241
2554
7948
7621
8933
4954
3462
4609
5053
5614
4191
1758
7079
6722
8459
2981
6090
5803
6416
655
9480
7279
2036
3445
4520
7464
1922
5313
550
6459
5775
2220
9344
9441
3363
1476
7567
8391
4956
9367
4367
8757
6458
5336
2689
7483
1660
8164
6046
8031
6101
1145
8889
3097
6599
5037
8311
259
4478
49
3867
7800
6915
7960
8624
8905
2427
3334
7333
6025
7817
2362
7945
2869
4950
7306
821
5413
4629
6983
6132
9033
9562
1869
3434
5510
2012
4722
684
2098
587
6447
7899
9175
5389
1143
538
1796
7324
9108
138
7262
3766
5243
9359
1709
16
8868
6105
7951
1971
7146
5399
5478
8042
2563
7999
7127
6093
5435
2086
8037
6057
5536
3270
5006
2328
1170
4543
2075
7341
7977
2764
3764
3759
116
4787
3263
3736
9178
1623
8397
4613
6427
6391
8360
2959
7635
8762
484
749
6360
7444
8635
8814
2535
5072
6803
2896
4286
6109
564
1885
772
7474
4229
4141
5483
6811
8008
3296
6680
5221
3885
1713
4162
7023
9403
2714
7187
1538
1995
8245
2162
9269
3666
2942
6506
6240
8255
6324
1906
7511
4553
6550
6878
2372
2278
2638
8742
3089
1434
4687
8250
1302
3509
6035
5998
4204
8817
292
8078
8932
7289
1443
5032
2742
5210
2264
674
6185
7995
1290
5950
210
4288
5445
4865
4184
3717
994
6660
8114
1793
8719
4335
2667
9548
8677
9067
5155
9380
5781
120
7750
3343
2636
5738
3229
6817
4921
582
3075
9384
4014
7862
5168
495
7660
7654
8554
5098
5773
9102
4249
7437
6916
8671
3767
5631
9385
172
9409
663
6474
8994
5548
1939
1755
6175
9484
6895
652
15
231
2675
8991
3550
6394
6433
252
5904
3583
2843
454
7684
1452
1497
5563
4645
4566
9162
2839
6350
834
1909
2622
8935
6303
9011
750
5397
5952
7182
7105
3823
1705
3150
1530
1202
1659
8564
3139
2218
458
7844
1496
654
4931
1069
336
8650
9335
9346
1238
2263
1446
5182
9511
3042
6280
6504
3377
5256
8548
1082
3589
4558
3724
2761
2505
7553
6371
6651
2076
864
6388
722
428
5530
4683
8228
2305
4274
9363
9059
6659
573
4872
4327
5576
3231
5912
2358
5670
9347
3538
4624
7177
2015
8526
2234
5039
3090
1150
4764
4934
9542
5922
130
7596
3245
3395
1970
8213
6087
2277
8959
2659
3587
3335
2919
3017
4476
6481
4303
5849
3608
1417
283
3934
3907
1337
9070
1110
9170
6753
4544
6991
7843
577
1811
1809
5784
3625
7963
3317
8075
7321
2301
5498
4289
5441
3679
7489
8731
4169
3981
9155
3186
6918
3450
1395
1961
4821
2404
1703
2099
6558
6070
3794
1246
4979
364
3257
6041
1978
6778
8566
1615
5870
8929
1838
2062
8059
1877
6426
9366
3045
4844
8148
1599
4605
2832
6319
176
524
486
4494
1174
5756
2825
72
4515
1511
2057
5685
4748
7753
3478
3688
6085
1968
2813
8955
3546
544
2237
5926
9411
2963
5450
9202
1598
7060
2390
5661
122
8795
5452
1228
9437
7170
8882
7556
7115
7327
5360
584
9453
5525
1765
1857
4799
2189
2323
6082
1817
4183
8400
8357
4016
7549
7162
5417
7044
7784
3652
4219
5055
2037
7308
7271
5584
7657
7564
1537
6630
7194
1920
812
6665
1383
8523
6102
8243
6823
9278
7344
5613
1275
5927
7125
5807
3487
1373
3164
664
726
1030
2039
1787
4708
1500
800
153
2248
4697
6021
5800
8170
360
3522
6939
5825
6591
4778
5352
5322
5876
2221
4518
7004
1795
1080
7530
4717
452
2964
863
4264
6785
5282
5392
3772
6308
563
5992
7340
7733
5636
1695
1729
7767
5632
1641
4058
3468
2856
8893
5464
2375
2812
8748
2795
4121
6561
7950
5266
1899
1203
8716
3455
2406
1248
2241
4877
282
8229
2476
2396
4134
1410
7132
3590
4491
5630
6448
9415
6402
7696
7619
6255
6709
9126
8469
7903
1168
899
949
4662
7703
2748
8842
1837
4053
1189
8
9401
588
2244
9090
5151
311
1627
204
6479
3670
4802
9265
7675
1958
7032
2497
6690
2256
4885
5138
3477
1940
511
3575
5077
1196
3137
787
1358
3705
4861
4942
7852
6734
6685
6716
440
5230
8911
4041
1984
3201
6543
9285
1949
1432
1184
3390
9354
2802
6990
3840
1536
4328
7075
2172
3689
1819
5948
2472
6539
218
7627
9306
5844
7270
8611
7296
4363
3145
6413
1915
3518
8717
7908
187
9418
1975
7054
4140
4690
9496
8264
5768
686
3753
2627
8193
7593
835
8825
2284
5453
4198
1759
9350
8135
4185
1102
8128
8162
6996
2811
2784
5402
7360
5566
874
4610
714
6601
3353
30
7322
5574
8562
6256
1016
1454
5749
1988
129
1882
4281
4383
7126
4082
7309
7515
7094
5852
6783
7617
5883
7318
461
267
7017
1932
5763
4810
8652
9308
7804
6387
3754
7189
3411
5650
1846
4070
4423
3771
9369
1209
9446
2618
7659
828
6107
1854
7227
2730
6839
4681
3362
3780
2910
7943
85
8763
4805
3728
9516
5081
8728
5486
4298
8440
7051
1614
6979
6113
383
7562
4637
760
6892
1774
488
6476
4774
5128
2243
8744
8244
4304
7832
4065
734
4038
4481
1371
273
5184
9357
4339
3883
4838
6898
3949
7152
8657
6335
777
3153
6643
2291
8917
529
4385
1676
6131
866
7528
3994
6950
4762
8112
6239
2884
2503
4588
9064
9117
3809
244
3084
1473
6893
8613
9211
1689
4341
251
8740
6684
8851
4986
9231
2124
7544
4889
6525
6533
5537
4372
7853
3751
3006
900
5554
1499
4186
3218
41
6790
6079
2176
5459
3413
191
8739
3161
7144
2642
2413
683
1422
843
5529
9504
4760
8674
4123
5076
4798
6263
2691
3656
9103
6063
4484
8938
8573
3198
8366
3414
7756
4594
7890
6273
4671
3599
1012
2511
9543
1520
6218
2701
5895
7796
7672
6254
2585
7646
2694
7141
6869
9035
7113
1844
8603
7424
7921
9424
9252
946
9421
4245
6577
1433
9093
1147
333
7837
1710
6219
614
6467
2658
5601
7625
7893
3441
8845
403
5891
1386
1008
343
7616
1401
5436
7098
6884
727
148
8783
8166
4205
5857
7648
1681
7790
7791
4786
1737
4371
8152
2273
8167
6420
5648
7794
6922
2168
8702
8822
813
1690
8927
569
8824
5696
6193
879
3878
5043
2480
2464
6349
8949
4970
3665
6647
604
6327
5809
253
3628
3184
8579
4664
3585
5479
7487
1176
5281
5249
432
5962
7740
168
640
6202
1760
4178
7991
4746
4701
1036
4556
4267
3668
3016
5424
2297
5468
8147
5154
3678
5429
6724
3203
4665
795
977
6259
6062
8499
4920
818
1891
5142
4487
208
7964
6367
2317
2911
4234
5531
9078
8104
4310
3739
3968
3208
2965
3303
6370
1186
1097
4381
4181
5698
8450
7137
63
2990
6626
3302
4946
710
4699
6480
6395
229
3143
7860
1860
8321
5289
2670
1667
3381
5183
9171
3916
5158
3350
4850
198
135
4251
2787
8723
8019
2616
141
2253
444
4202
3277
7188
7536
4250
1212
5860
2485
299
4429
9115
1740
2979
3250
1609
5014
2589
3156
2115
6167
3545
6469
2793
7953
4290
7598
9018
3297
8125
8277
2928
5837
8688
8204
6282
5955
2743
2725
594
8110
7299
535
2160
5642
2974
8319
7247
9255
4549
567
4894
4823
4587
2424
2133
6355
5327
3261
1959
5447
8266
18
8593
2660
9267
3226
6527
2198
9514
7558
8518
2131
3741
8165
2205
2797
6487
6034
6016
1153
7970
5446
6786
5263
9374
4050
2363
6557
1120
4698
3992
930
5329
9164
479
7510
530
656
459
93
7823
5942
2265
5225
3021
7798
7793
1297
599
7833
1249
4294
6307
5428
5408
8560
347
471
4892
386
4976
6868
7354
7110
1706
4763
4523
6470
3534
2059
9174
872
3588
3035
4904
7276
2543
8535
5555
6886
9443
6020
1680
3093
8280
230
396
4052
9195
6976
7734
4867
3454
6439
3189
1268
4580
4469
6775
3882
1839
2233
7268
3908
3023
4044
2753
363
7334
2814
5042
3503
6345
8106
688
8058
4575
9264
3239
7403
3659
6954
794
6943
1980
2129
4431
7171
2105
3330
3879
3790
7748
7053
7209
8376
309
54
4035
9191
9056
46
4138
6214
716
6161
6847
4512
6852
6374
6773
3938
2920
719
3420
4361
7478
3811
9173
5135
8041
6323
1472
7304
3060
6452
8176
2239
1856
8866
6566
2408
8665
3286
86
3051
2142
4257
6473
1265
8253
7058
1764
748
1281
2484
433
3974
8032
4255
5133
268
6836
5615
6423
1272
7183
2800
7369
6634
8946
1152
3825
6220
3513
3298
2515
1437
7936
5759
3961
8108
8090
5740
5316
4428
9039
6177
2322
3755
3737
8528
1042
2600
7926
66
5881
7442
559
7565
6914
6575
6693
6463
1382
1555
8211
6075
2852
9520
4098
7538
1564
8992
5492
5180
576
4640
1241
8072
2637
2448
6988
5235
7941
886
6749
2738
5716
6409
8210
370
2713
3765
111
8547
817
6668
2989
4706
3241
709
2951
8457
5056
3642
5065
8773
2649
3388
7863
5463
3729
6138
2734
9475
1954
968
9467
2715
6644
6482
3304
2666
1428
4436
712
6889
7428
7722
9048
7384
5254
8415
2481
3624
7387
4390
408
2728
4522
4852
4789
3466
4104
2441
6514
8309
2729
4332
7219
2070
6579
6545
3182
5241
7151
5976
2912
1431
7692
7063
7714
2719
2156
4463
8482
4323
4350
789
5359
781
2179
4220
6401
8989
4167
175
8485
3055
389
6612
226
6546
9224
8124
6495
7523
9448
971
2290
4110
4646
5930
3397
2688
7805
1095
6408
2850
9046
8140
6425
64
1926
3374
5797
7591
8219
5829
6834
1902
3718
5551
5771
4859
271
6207
4477
6595
5588
1006
284
3846
103
4537
2482
7140
5149
1088
9223
4711
5121
1835
5272
5990
3072
3700
7859
6702
8655
9497
1693
2608
8431
4880
4638
7026
4849
1864
5406
1661
1032
4139
8887
2330
7269
5673
5298
8571
7128
7248
6437
5152
7653
183
9420
9416
8354
4840
2915
6827
56
4107
257
1450
3146
5507
8666
2983
1059
7802
3894
312
9413
2054
4037
5823
7459
962
7394
7259
5796
487
5462
3409
7976
5273
2744
7310
6881
5552
3442
7314
1613
3215
4456
8010
8746
7486
7041
3050
8585
62
8801
3486
8581
2097
8995
8389
7261
6472
3634
7747
2021
3703
2584
7161
6352
5425
1508
3188
2050
3497
5022
1465
620
5164
1694
985
6771
6047
8202
2283
6815
2848
5940
1020
805
7266
9196
2746
6750
5683
9013
5865
8804
8903
1177
3165
6593
2250
650
8568
7179
2778
7468
8510
6017
5326
2222
8883
4862
2058
7413
5091
7900
5012
393
5395
3425
7704
279
3568
2576
693
6141
7638
2096
2736
5075
6853
7191
4358
3134
7745
7166
3571
3157
7436
1985
4373
7652
3680
7358
2002
729
4447
9284
8531
1814
2567
4822
7712
6188
239
1674
8205
8247
996
4955
6929
446
1052
7312
1493
1688
6552
2304
9247
2113
8545
146
3327
5659
4899
5250
7143
7368
1762
4132
740
401
5350
5925
7254
5224
55
6130
5166
2517
9364
8471
4842
8696
909
9325
3710
5003
9388
1013
6947
2182
3044
9518
2437
6026
9161
1535
4338
7267
2455
8149
3890
1173
2885
6794
6115
8661
4530
5666
70
6398
7460
3268
1506
2988
6337
6392
6677
4768
8797
8121
2216
8881
1274
260
1319
8155
6316
5338
3171
5946
7955
8372
2625
8503
2077
8088
6877
4026
9028
9036
2346
7701
5959
5466
4316
6435
9462
4170
8643
857
3408
3136
8151
4122
5664
698
8414
5386
3242
757
5697
6049
5297
4149
768
1352
4352
7559
919
4337
1878
2446
6019
746
