5224
2930
3786
8964
2461
8200
2103
2100
7567
9412
1000
2765
6620
5935
9049
9284
6907
7465
4495
380
1143
7104
3652
2665
2059
7163
4461
4324
769
6423
89
3589
8323
7107
8546
6873
7720
9546
49
910
5745
1270
3477
8160
3214
5524
8022
498
275
1089
3045
99
5282
1632
9225
4530
1744
5614
1343
4942
180
7527
6996
6187
1977
1274
8317
7161
2306
2127
4329
8103
7959
1208
9183
9011
580
484
2845
4910
282
1935
7553
6854
4767
6877
7577
1931
5932
6596
5415
239
432
1916
4766
4792
278
7488
791
381
2374
5724
2732
8244
2241
318
6894
3537
4491
5281
612
5182
131
9348
2517
7972
3147
2143
2159
1440
9061
1480
6409
6562
8284
9411
7233
4366
7018
8542
1070
2838
9498
2007
5313
7314
753
5142
2385
4670
4501
1917
4825
7867
6291
3520
1664
6794
2131
6118
6420
4921
3893
7243
6859
3494
7101
5445
5941
8180
5442
4815
2138
798
5647
8316
3666
1355
1679
6811
5634
7329
4904
3705
8927
649
5660
1791
3552
6634
210
9263
5743
1200
2418
1566
3004
4176
8187
8252
8465
5254
3932
7538
7534
7288
1979
6466
9086
9113
5580
836
6803
3700
9366
2524
6100
7745
6132
8386
1172
9490
3939
246
2777
7769
965
137
8506
2864
1737
4633
4031
2330
1432
7876
2625
8610
5495
146
5237
9231
4502
7675
2085
299
5135
4949
6355
3360
940
4493
6278
3644
5074
4914
4725
8064
594
1764
1586
6668
6110
7756
2012
8953
5883
6901
3883
1930
6677
7511
4946
8955
9133
1690
567
5967
5239
2114
975
6791
1961
3575
1183
9486
2576
2953
1412
160
7491
2714
679
3836
2546
960
5350
1251
9187
3815
1329
2474
7678
2218
5621
3058
517
4066
4806
995
8415
3633
140
2882
2286
1872
9093
5267
7024
9017
8646
8652
8699
3968
1999
8792
8537
962
5670
8375
1713
2520
5704
8202
61
154
341
6185
5069
8867
1033
1821
1818
9372
5131
7692
2704
368
5025
3285
4459
1529
3120
9426
5637
290
5299
6745
229
5848
6737
1314
4203
1066
4409
263
4408
6361
5850
1053
6954
2639
3092
765
9140
2946
2910
1831
25
3098
8674
4020
2652
3650
5201
7749
2993
2414
7336
9392
3648
5727
3841
8442
7211
1326
48
2266
3863
7593
5664
3620
1036
5767
3839
4671
8222
170
6860
4468
7904
9491
9064
6962
727
7726
7337
2021
4133
4929
7394
8772
7868
4649
3978
8519
661
3803
9245
6041
8401
6573
3052
5419
7556
2550
2412
7167
207
3804
5412
1365
3289
6124
5844
1927
1020
9014
5149
8445
8352
6281
3269
172
6715
8214
4000
5335
1335
5332
153
4328
471
766
7437
2274
4227
9212
778
4687
4482
7640
4060
4083
7976
6627
4354
2270
144
7796
5241
1871
4283
4801
7072
8568
4352
4583
4211
4037
4796
8329
8309
3261
2869
1980
2938
8545
9277
5759
7805
8941
6769
233
3605
7681
7235
7060
7620
4448
5129
4587
4785
5849
4867
2237
1294
1560
8134
4072
7082
2810
2693
2888
1207
7787
9147
2413
5351
7460
743
3790
7281
5528
6406
279
6670
5905
5958
6663
8104
7220
9121
7819
6795
8420
6380
2186
862
8482
4784
9062
2246
258
7795
6362
3427
4138
7429
2034
2348
837
4677
7470
7928
3129
9192
4789
8730
1533
5988
8958
6723
1049
1361
7126
3372
9004
3851
2351
4959
4746
8281
7360
1868
4911
3931
1286
6918
3355
8492
6321
6205
906
3135
8391
1323
3208
5083
3742
9058
2518
486
8666
3055
7415
4017
2197
8922
8120
1121
8811
6463
7797
1837
4605
6798
5255
7419
2220
7
6571
2549
9143
4709
2256
1941
2107
3450
828
7908
3495
1567
4652
7853
5055
5912
4511
8877
6030
4793
8349
2142
7629
1252
5112
5593
4332
2633
3416
4879
5356
8503
51
3088
3051
5807
8100
6506
8427
422
9273
2435
8347
3464
5825
4947
7367
6072
5115
4294
8082
2961
3356
5488
319
2791
9291
2505
5480
1570
128
7635
7767
1770
4920
5458
3310
4124
7421
2344
712
6548
2796
3957
6895
5345
7030
9020
5
6838
4552
8538
8732
4991
1475
5805
4728
7194
830
4341
269
3384
8294
5311
8587
3003
6216
1190
7774
243
4137
6077
1860
3362
9108
8261
2097
3936
1381
1325
4010
7094
3525
345
9102
4588
7105
1461
6323
8500
5603
97
3593
848
8238
1507
2876
3623
2406
3428
1975
3794
5150
9406
8307
5441
5817
3668
4
2850
8227
8398
1453
6908
3922
3827
4132
1112
1464
2923
6915
9529
397
7325
7190
724
9315
4376
3514
6517
2565
245
2566
8904
85
7416
633
6821
4249
8693
623
4807
9346
9236
5337
4822
8278
3585
65
7884
6349
6399
6394
5607
805
5792
7261
7938
4556
6440
37
6867
5662
685
2465
2664
5840
3298
2194
8558
4596
1780
257
1478
4950
5451
8400
8622
3060
4275
1202
5955
4609
6107
8975
4664
8039
9120
1736
6402
1493
8763
1444
8525
6696
3363
4134
5061
5476
4734
4894
3468
306
7274
9448
1910
2893
1285
3824
7706
9164
9309
5205
4107
7326
6816
3001
5081
2439
6163
1223
6608
1106
6746
8403
7598
3723
8481
8142
2750
7219
4902
2433
2001
9000
5052
4285
8581
6078
8757
4559
6300
6373
5643
3349
1954
4843
7196
6275
1241
2485
2436
1919
5256
509
1473
6052
840
2525
5522
5366
4343
3320
5595
7312
2623
1678
7276
7634
8789
6609
7949
4109
8426
4023
6658
6467
6480
4147
7176
6174
1436
5499
3608
5554
6449
8040
1906
3403
4205
4705
8916
8536
4273
8777
334
3079
1537
295
3250
4826
5928
5545
3554
4391
7227
437
188
7590
1945
6680
1631
7896
5121
5562
4456
3160
2817
7872
3012
8102
6539
3739
4595
9483
6277
939
6980
409
4258
7766
9088
6139
1855
3423
7507
7207
8183
985
7838
2423
1344
2093
8137
7500
4100
7232
4375
7345
5183
490
4365
5008
7093
1726
961
9016
199
1893
1078
8371
9292
5834
1124
4799
8765
1796
9045
8362
1236
91
8551
8112
2743
5969
8016
5245
1695
6682
9170
8602
5372
450
869
7299
2429
8899
6949
642
7400
6102
7502
5645
9516
6687
1147
677
5433
5410
7608
69
693
449
1584
7691
8634
2726
8936
1621
4057
6459
5956
1524
527
9473
8146
8968
6870
3380
6000
8502
7679
43
2329
3204
1093
4041
427
2239
528
2472
551
2653
8389
6790
9474
5777
394
1863
1402
895
3502
4312
3875
1574
4305
714
930
7559
3437
9543
399
38
8290
6093
1377
5375
5884
1059
8476
2846
6051
7785
2657
6221
7666
4505
6970
9129
7383
7080
9343
3304
2160
6200
3136
5622
4055
2129
2390
6871
7092
6227
5796
5231
4873
8337
2527
5265
7275
7290
1510
8651
1469
7940
675
8212
9416
8055
904
8312
30
6940
6834
3091
4987
1390
7308
6166
7967
8014
575
5535
569
5915
7048
8045
7993
865
6724
261
4443
2015
9135
4024
3659
4851
2438
5525
3999
9216
1753
1259
5739
194
1896
8510
7516
4155
8228
4820
3603
3708
8918
9060
8374
2047
3611
4489
385
1752
4266
4771
5780
956
1087
7531
8769
8370
2382
1273
5758
7390
4222
7119
7592
1569
8893
479
6005
4765
2531
3974
5184
4558
7494
6171
655
3782
4101
7887
6335
4274
5452
6468
7837
1039
6140
8825
9274
7162
6251
1618
1887
1828
9131
5819
3601
492
39
9021
4716
6495
7815
7557
3050
3630
1137
1858
7155
6311
2416
6535
1338
9352
388
8773
4816
7376
8819
4051
8921
7657
2336
267
6447
94
1909
891
4415
77
8504
2555
8794
6191
4240
8552
1450
8513
547
3987
9002
2057
1242
3073
7109
7111
5392
4245
366
544
4548
6751
3377
7271
3329
103
1301
2417
8967
1004
8209
2924
5018
6869
8454
5572
4131
6931
4975
643
1654
1276
1171
9148
2135
761
1369
4494
7879
203
6231
311
1230
3197
1645
3840
4571
8562
6438
1164
2722
6065
7256
1127
9201
4849
7496
8882
2419
9042
5503
6214
4187
3901
8583
4645
4073
3972
4299
3635
9117
752
1007
1209
1306
5995
4122
9378
481
7869
9561
485
2819
5007
3627
1691
925
9105
4440
873
8783
2497
2837
4453
4069
1693
4730
4180
9424
5359
884
4699
6754
2827
7323
6319
5769
6013
2120
690
744
2735
5752
9224
6749
181
5453
6623
7874
3462
8130
1225
7342
8577
6916
6547
9237
9288
6631
5800
2076
1688
4015
5283
2089
6404
5360
3639
9213
3653
7804
668
8981
2009
8258
725
2263
6645
9518
2834
899
4983
8293
7900
2686
7202
1142
7953
211
6317
2969
4602
5333
4166
7727
7434
1123
4748
3599
6437
8684
5466
34
3404
4373
2163
3685
2394
3649
8557
6550
6615
1401
586
2673
6508
4700
2945
4800
7669
4449
9393
7404
990
7413
4965
1864
4046
1846
5766
3431
3311
812
1568
1552
1553
1019
459
5782
1619
9070
8848
6989
7747
5615
465
4153
9415
2770
1177
4943
526
3693
3294
8044
824
2192
4644
5123
656
8099
7008
3889
1785
511
9538
4215
4513
7123
7159
8869
4390
2816
4641
7032
6190
5591
8210
7948
7646
8744
7771
1199
8687
794
5557
4876
5705
7450
3159
880
1353
3481
3297
5648
288
6212
5262
1132
3035
9214
587
2335
4331
375
4529
8028
9246
5744
1612
1644
7752
2973
5575
2026
3913
2476
747
2316
4014
6070
9
5378
4374
8035
5698
163
3505
412
5567
7046
157
7389
5612
4510
2388
3606
3894
1051
3675
5639
662
8945
7188
6875
1060
5896
897
5688
8266
9264
9468
5787
8260
722
1677
2909
8065
7770
2700
2702
7115
8637
9298
9480
1443
7954
851
6716
1564
6520
367
4465
4497
4742
6048
7492
2756
8322
1212
133
5078
5263
8650
5853
1904
6642
874
7237
6648
4570
4250
8645
7484
7800
7510
2537
3154
6144
4598
6531
301
5416
463
6756
9302
3615
4528
1583
3466
5748
2208
8195
7831
5482
6972
5181
5026
3551
8571
959
5880
8395
6768
6853
5914
6442
1221
1174
6213
3640
749
5421
7560
2667
2784
8251
3041
5251
7997
8201
3670
3266
4593
2866
7249
3251
5088
9447
7925
1879
1745
4005
4629
4892
1988
4058
5678
4899
2607
3865
1334
9360
7712
5160
8820
5747
167
1528
1762
7806
1895
6845
1603
6203
5414
3754
4777
6120
8060
7121
1986
7981
6785
2364
542
918
6492
845
2772
5509
6252
8298
4179
4647
8833
6424
5206
4762
3485
1636
5409
7368
7808
2541
8226
7174
4778
3678
846
8159
5641
3727
2844
958
5778
4592
7128
3736
7934
5523
6533
6354
8490
7034
608
803
1729
1092
9445
4472
8713
3047
8986
7351
550
7057
2411
342
852
4665
7765
6527
1337
8861
5161
856
7120
285
8431
7230
4478
9072
8204
5655
7664
3093
8483
3303
1460
1438
9190
2606
2341
7845
1302
2113
2483
4918
1179
8428
2044
2391
4893
1349
4863
6557
1481
6514
2117
7022
9464
251
5936
8143
3930
5882
7439
1422
2326
7490
4350
7741
6237
6961
2802
1046
9458
6529
18
7487
5500
1541
6979
3910
7266
4874
3858
5857
8827
1772
6193
4063
1266
6367
5691
7865
9266
4625
3454
977
8141
7632
5278
1364
8771
5763
838
1131
6589
3474
7035
1261
9249
3219
540
5667
495
1878
3114
1756
8015
3819
3374
8094
1814
681
8854
7637
2149
3888
7097
8245
9358
7441
370
8000
139
3907
3986
7456
389
6241
4666
6419
7778
6152
4437
1835
8241
2831
3493
2130
5252
1203
7638
8527
6004
7471
1525
4397
1410
3451
9241
4968
6308
9030
6029
473
7436
4007
6188
292
7317
8240
5560
4840
5071
2104
8514
4995
5570
4945
1733
2720
6105
3019
4457
4128
8989
878
7354
2801
6541
3917
2470
5082
6131
525
7597
6530
414
6626
1703
8459
606
2867
2807
8256
3228
7852
5734
3961
9354
6183
7464
1675
9505
7905
6097
9126
1198
7783
4855
3914
4821
3618
3188
2290
5699
7031
7621
2141
4735
2008
8171
9211
413
4615
9453
4398
2139
7523
3715
2974
1367
2232
8092
3467
4624
3590
3412
1614
4622
7428
9317
8255
6248
5382
3016
8864
5510
5289
2282
6331
1186
5672
5961
4207
8140
1633
4268
3087
4216
667
4787
7939
6363
2997
4628
4446
4711
563
8225
1265
3887
5013
3533
4423
5470
7137
7612
6927
4406
20
2185
5512
579
7968
4301
2234
8029
4252
3617
3509
4084
3697
5209
5166
2167
3138
2293
4351
9040
5898
6122
8938
1940
9350
2409
8630
6265
5541
9122
1609
6543
3631
4930
7839
6847
3568
274
1281
2614
578
9076
8659
3746
6639
4988
7295
2248
8976
2314
6347
4506
2573
1113
7185
1669
6710
3849
8881
1719
8709
2547
652
8248
1925
7286
9503
1949
8128
1262
2535
5004
8862
8736
673
3240
3725
352
5035
8043
2501
2446
6269
1232
8874
588
5717
4881
4320
9010
5828
1813
3330
8512
6862
1145
271
9403
5318
7529
8150
6855
1992
4600
2705
3116
3912
602
2761
6777
8775
5388
6494
7402
5140
9475
408
9454
2133
5316
8497
1395
7287
1238
7330
658
363
2506
5493
7912
1724
9520
9098
3099
1011
4900
4887
2697
1237
5505
9517
1351
7628
2963
2558
8157
6236
734
3886
6330
1681
7263
3111
3393
1535
6095
8677
7509
5151
5243
1671
1547
1359
6239
5808
2320
986
886
2739
9065
5939
6408
1760
8575
7305
454
2829
937
8253
5045
40
3971
2094
7027
3273
9341
1008
2132
5079
7861
3226
3781
7962
3270
8467
8560
1923
7179
9152
4827
8798
266
2324
7324
7907
4212
7826
1804
5203
9353
646
8752
1077
8738
702
8072
4614
2521
3178
614
5552
5710
6129
7893
4263
1513
1227
7052
76
9254
5301
9421
7364
6572
8447
1599
8116
5911
4487
6590
8793
6472
2061
2634
3530
204
3982
3126
4901
2719
4462
9158
3898
7790
4103
9326
8111
6778
3072
1254
879
6625
1005
6233
998
2420
7614
2144
3499
5979
4979
6218
777
7916
7384
2967
6914
8042
1141
4763
3049
2929
8790
8123
3561
2952
6186
8962
767
6846
3203
1118
545
79
6448
8433
2182
4451
2804
4261
1854
6624
3852
4662
3146
4591
6119
8296
1107
1006
3210
3322
7633
9300
4723
5854
1175
2590
2841
2502
7412
3861
3024
4474
3760
3415
4235
8411
26
5046
4181
2745
8207
4110
2269
2191
6784
6968
5028
8809
5970
1870
6583
9161
4237
5588
1625
2156
1255
2368
7546
7285
9199
687
8604
7193
2624
2800
789
105
3383
5400
5611
6496
2079
310
2659
2503
7103
3600
8647
894
3323
5931
1849
1102
7600
1755
7051
3013
8804
1997
5072
9145
1014
7707
7178
9186
7283
3486
3908
2249
787
6913
2247
8152
438
4076
3286
5942
8436
4663
6201
2302
8787
198
5609
1663
6864
893
9492
938
6478
5260
5144
6934
7817
1530
4081
8966
3680
1280
5176
6392
4936
8930
5551
8144
2206
2022
429
7298
7630
391
7153
8740
6141
5033
6928
8840
4819
8223
2906
5859
8969
1310
6837
7540
3128
8288
2482
6841
4045
7696
7098
8692
6270
7096
4832
941
6830
6666
477
134
6178
4673
7303
8668
5340
6884
164
6767
8234
2035
4844
4303
694
9282
4878
522
3287
7956
3981
4220
1888
4172
2892
5155
6366
6158
1319
8425
5824
2863
9487
7718
8520
8875
9215
9504
3325
8243
1409
8499
22
8086
6513
9333
3753
5494
2265
5426
8928
7901
1220
9005
4655
1094
5741
206
2422
8997
6656
2826
9185
3164
6410
1699
625
5003
2899
3314
1778
350
3021
4054
3928
6044
491
5874
8654
4251
5574
8110
3690
3327
2733
9563
6207
4810
470
183
483
2363
5885
5833
7535
699
3156
3367
9433
3109
3183
6109
3405
2603
5200
6016
6947
5992
7922
3657
1434
9507
8332
8024
2991
9202
5761
1495
572
1425
1065
4606
3081
2010
5303
8271
171
4074
3579
2273
4650
8498
9059
903
1994
4025
3634
8351
4586
4271
6452
1030
6651
6303
1947
7475
8682
4447
92
4167
5586
9116
7866
8046
1962
4243
2833
9370
8541
8799
4610
647
4049
5812
3153
3368
7818
3044
371
8791
3688
1104
2874
7885
4241
7971
8671
3816
1263
4539
9149
3817
7154
3442
5949
2322
3563
823
8191
255
4804
892
5418
5434
3008
4690
1565
6595
6057
3161
475
8473
5269
7883
8176
6436
2968
1649
530
7682
6826
7870
7878
4790
2915
6428
6327
1899
237
1913
4279
3891
7978
1119
3097
6173
5692
2258
3108
362
2661
184
5540
5367
8892
3713
5628
7442
3706
8106
2500
7307
3244
7344
1126
8419
289
6560
1630
6015
6770
6202
8277
3354
5687
5423
6274
2580
4161
7378
7575
3275
5897
7932
2377
3874
9553
6416
6153
4805
4281
8762
265
6998
9442
10
446
1418
4450
8259
7328
1859
4737
2980
6568
8992
8876
8887
5506
7833
1942
3916
3809
2642
1256
8795
5556
3759
5384
1490
6525
2356
792
1578
4581
4924
54
1358
5101
7081
3341
7483
4981
1240
6312
2583
6054
6780
9006
7910
6953
3056
5326
4197
4611
3943
1891
6983
6741
833
145
695
7708
2582
7321
3717
6101
9239
4401
8434
4204
1973
5537
106
2068
8313
4519
8897
2222
512
1084
1299
2641
3112
2588
4338
4537
8156
9243
2
971
8287
8993
6333
5894
6661
3480
8824
1038
5376
7447
6099
2231
7132
7062
2440
3145
3992
1309
6232
6368
3944
680
9335
617
6049
254
5719
2599
4512
6886
701
2985
8311
364
1514
8155
6852
7873
8836
4934
4791
7113
5651
857
9171
3604
66
6911
8334
3643
6080
5279
1405
1356
5063
4923
882
1416
457
4420
7473
6338
8722
949
7854
629
5404
2628
5683
6345
5694
4272
559
3143
5907
6565
2842
9189
7594
1096
8556
4078
3371
6655
1824
445
7846
4171
3350
8007
5059
1439
3882
554
4604
7388
740
5159
5428
2060
6742
6422
5339
1706
3391
8121
8644
114
1711
3574
8509
1674
7794
6305
7247
6671
5420
143
2848
4120
793
6744
6268
4004
6259
8367
2610
3950
5730
8579
308
9256
6169
8437
1873
7549
8331
4188
1279
9523
6729
5868
32
7171
3440
452
3702
3527
1184
3757
6919
2161
3621
5630
2473
1340
6516
2402
6230
875
3994
9564
3594
2398
4545
354
6522
8727
5463
5999
1424
281
785
4298
9184
6458
107
2219
9068
2102
2691
6903
7777
8965
6197
1125
5876
8416
1640
5354
115
6891
6844
7454
570
5583
6103
9220
1368
4933
9469
4695
4884
6882
5244
5050
1638
8532
1551
7674
59
9394
2253
4102
7014
8655
1606
8019
9163
4028
7377
7316
6564
6905
2852
7414
5547
6713
7186
8037
4337
1511
21
2919
5920
5103
4053
5290
5736
9221
1016
6963
7431
1476
5646
4538
4798
8543
4531
7340
4262
8907
2970
5511
5300
1024
2199
6025
7150
804
2872
3980
9118
7466
482
923
260
708
7582
7740
9226
7683
1044
1134
6474
3213
2654
6536
674
3394
2567
2025
1345
3900
3993
6950
1773
2921
3915
8495
6556
4034
5343
7070
7457
3588
5721
782
8083
5650
1892
3825
5978
2125
1499
487
3741
4490
8829
4527
2912
4751
621
6734
3022
3664
1758
7160
1734
2421
3484
7023
5242
8896
1210
6773
1458
2172
1515
5146
640
2995
8891
7864
8357
6616
8589
2534
1075
5558
3947
8330
7998
757
1391
234
746
4957
8095
5534
6137
584
6885
872
7927
2891
5559
1555
2066
2887
4977
9035
2859
3475
5430
8338
2215
6512
2751
7341
2889
6262
5770
5066
7009
7781
9269
4668
5450
4542
8001
8894
3733
618
8596
8020
8139
1297
8721
9036
6273
2600
3392
2254
1192
3677
8982
9154
7799
7542
4002
9388
3711
88
5795
5391
9330
1312
1034
8306
5788
8639
7004
150
2713
2099
1441
8759
3539
8517
8529
6921
6686
9409
4926
4193
287
3879
6775
8070
2811
4039
1522
946
1389
5948
3770
645
6665
5225
1315
6893
5230
2041
5661
7396
8008
216
1847
3268
7913
1610
3216
4125
3023
6261
566
4841
9531
1990
8010
2911
2283
8528
6096
8062
9056
6878
7619
933
273
7100
8735
4866
8450
3556
3728
9024
2674
600
8800
9267
5198
1661
1684
3319
3731
8050
5197
988
6717
7349
1886
2455
847
6718
8097
9155
7074
2427
1284
3524
1115
460
2727
3850
6938
2200
2694
3215
8319
9357
70
108
6906
3115
813
8466
4635
716
9511
7183
3565
5865
4304
1761
4710
4395
2110
581
7970
417
1446
6167
3709
6066
978
5746
5361
733
686
378
343
1970
4823
6706
6929
3940
7977
1856
5985
5464
2617
689
496
4955
8170
3548
1598
1905
5298
2780
885
8597
4781
6035
3988
7591
9471
2754
7586
5749
6031
7455
748
5845
5253
7921
3014
5794
7548
5058
6407
5906
1394
4869
1373
1138
1984
2920
7713
6067
4774
3292
9385
6802
1342
2296
5163
3413
5891
969
6234
8554
2936
8733
2251
4293
7944
754
7118
1732
3549
5327
6364
9509
3386
7604
7843
7071
8239
7489
7448
3726
1946
6823
8076
130
5122
5571
5380
5658
2211
2897
5012
9169
8233
3046
6524
589
5220
1047
5810
7650
5385
8012
532
9414
1794
999
7363
7945
1413
8122
6038
5229
4177
8573
2516
7210
3457
4295
2741
6601
3267
1907
9542
7719
8606
433
1509
521
8608
1512
5261
2637
8113
5111
5168
178
2839
8
3300
8279
5921
2645
2618
8303
3353
223
5039
4288
5249
8739
2250
3566
3998
9387
1937
6493
4684
7517
6462
231
182
1159
1966
1178
1964
6002
6445
386
688
4265
4998
8006
4523
5405
2381
1972
2594
3856
932
9132
3925
9258
5218
5737
9022
8353
3305
709
344
5296
8911
9166
3570
5775
4573
8880
3054
6238
7685
8009
6933
5207
7903
434
2561
3284
7050
3185
9230
2747
3381
539
5822
4444
395
2778
4296
8088
294
8994
5507
4706
5383
1786
3151
3567
8096
24
7823
9397
3580
1430
4640
7755
2688
2808
7224
7358
4152
1697
3791
8129
5138
9540
1217
8321
3587
7697
7131
2884
844
5576
6502
8595
4891
6850
1656
1668
6753
1082
3679
1090
8972
6263
948
6343
735
230
8005
1467
4481
6082
1728
6579
2278
5783
4507
5346
1243
9055
4754
8778
1486
9429
5823
1793
9514
4483
5272
7180
1875
9033
4310
1558
4875
1924
1307
574
3316
7754
201
2401
1852
2977
5467
7026
9248
5291
6010
218
4359
6433
6112
4309
5785
1228
8193
2797
7536
7267
6743
3230
3459
2112
9146
7169
5984
9043
8023
2393
4576
4267
3476
2710
717
703
9281
4174
1650
991
9255
2037
5756
6432
8550
2297
419
9104
2054
2168
4532
9123
9018
3211
2285
8673
9367
3823
5096
7780
7461
5802
1218
8951
4500
8973
3345
6114
2828
7253
8782
7824
6304
2511
4087
4059
7851
7801
2666
7530
4802
983
7386
4703
5202
3637
3795
5806
3335
6946
3793
504
2242
8124
2307
9373
922
5926
7147
2313
326
7566
8017
9219
2452
7994
4270
8494
4064
1068
1423
6681
8724
9336
7798
5553
2244
5355
6676
4260
967
5377
2908
786
9156
4753
9400
8873
8710
5477
6739
5075
8417
829
3787
4123
3780
3991
6475
7053
8511
5349
973
2620
7313
8883
2458
9405
4533
4062
1963
2738
3247
7914
8564
2570
2193
9074
5799
1956
1483
8593
7352
2006
1605
4616
2902
8360
8770
9401
9379
6990
376
3290
4038
8119
5515
2399
1955
2584
6831
2545
8286
4672
5000
4393
935
6484
4218
3771
5107
7144
3616
8996
45
7166
9278
8250
3855
720
9404
2072
27
585
502
4871
5640
8830
8003
7803
1965
980
2724
5863
4579
3857
9013
5329
2717
537
6182
4026
6181
8518
1496
6175
7244
7007
8801
6473
9467
981
7537
1448
1150
6446
2245
7012
9430
1350
5526
8496
909
2039
3254
6162
7789
3347
2533
2343
403
5047
2392
2635
663
353
4234
8382
7058
5852
1482
3867
1500
6552
5341
436
1685
1321
4681
5968
6635
7151
5631
13
7181
6603
2989
2376
1787
6240
7371
6614
3519
2379
2071
9069
7665
3755
2024
4011
7040
6727
4385
1354
9174
3689
5533
7703
3730
3854
6217
6880
431
458
3158
3964
9548
7555
4877
905
9478
6825
2111
3871
911
8688
6762
3410
3818
8032
9422
8932
7580
8715
5027
1591
1944
2660
7366
779
5363
1538
4126
8847
7695
2818
1588
9167
2658
9384
9182
2954
3107
236
1485
770
147
5462
8574
3504
3458
1133
1031
4410
175
6369
4297
6956
1421
4661
557
1129
4050
3628
1580
2115
2742
1196
8582
6075
2794
7812
9157
1880
2260
2011
2175
9450
698
7974
8458
4572
8549
3443
9306
2380
3602
3470
2562
9472
5489
3337
2095
6028
4198
2124
6143
6083
6184
8267
2190
8565
8320
141
3488
4492
9295
3558
710
4514
6053
8675
4442
8807
1738
3015
3231
9556
7262
8406
2378
7642
1420
6421
3662
5697
9444
3869
2870
8913
2781
7469
2941
4685
2074
6348
3595
8788
56
4829
1278
1559
8755
9522
6460
2311
8984
1144
5539
5597
5431
5492
8834
3582
729
2372
7499
6340
7311
3686
53
7700
1881
8991
8030
8167
924
1384
5130
8563
2934
5754
876
7076
8254
3977
2787
7711
8109
4185
7044
2895
4831
1848
7493
9428
1275
2918
3625
6313
3921
5536
8081
2431
9007
7395
7919
8691
6086
9363
7729
127
9418
4178
7477
6165
4162
9499
896
4868
7809
6387
8327
8108
2105
1393
4040
7143
917
651
8915
2178
9375
2587
1670
1995
1929
2814
5933
5002
8211
277
6284
1765
480
7889
4318
3150
2572
7231
8607
3246
7563
4377
7714
6011
9443
8821
760
3358
8462
1746
8860
7526
9175
3962
4688
8153
683
3806
1689
3277
161
1498
240
599
9165
4776
3066
4757
3334
8623
7297
994
1950
2225
6632
3822
1882
9557
6792
8912
8133
2966
8268
4232
2299
360
6622
2498
3122
7309
6638
5501
8676
4290
7821
6881
506
5370
8325
4230
7937
3339
3144
7622
6357
5118
1624
9383
8716
4970
1037
7825
8409
715
4458
9446
5348
3935
1915
1783
4108
7474
8998
3647
3127
622
2371
7331
4594
7013
5165
3148
2227
2212
1300
7886
5006
3691
5829
3142
889
8285
8995
1958
3927
82
5104
3899
5871
7880
2223
3315
5502
1959
9244
6974
3872
535
4119
1978
4470
7322
5590
5436
5623
6827
2564
2040
4722
8901
2744
2793
4229
2169
5665
7569
6899
2926
9537
5830
2309
120
4632
5167
2493
4830
252
8703
2045
5619
1696
7041
9115
7142
6817
2907
6391
7656
3656
8831
8328
536
5653
5085
9025
6223
5286
4003
5870
1375
7209
2340
1842
5307
5175
4638
9090
2484
5762
1611
5312
5153
276
4721
3911
9026
1487
9541
8147
4580
9091
3667
8478
4948
1897
4803
6427
6415
3201
5900
5904
4691
5019
1374
8837
9207
6690
6569
2063
9413
7327
8701
6637
3522
3846
8203
2062
3224
921
2087
6414
8720
4585
8151
3576
3646
9252
8670
7733
2976
4095
5947
209
9331
4692
1295
4150
3017
4194
8585
425
95
6703
3707
4291
2432
321
4345
6534
7571
1592
6324
2312
6812
3233
9311
8885
8523
12
8033
6295
200
1740
1110
2328
2949
9452
6316
5065
6069
7721
331
6930
9233
7229
5527
9525
192
8027
5544
7648
1117
6602
1903
3242
5867
8208
6959
6469
8174
356
5585
4339
6113
1320
7089
5960
3529
8283
1452
2492
8421
3370
2597
74
280
6978
5668
7891
7334
6691
1901
2152
179
577
1996
3328
8185
9344
1687
9519
1953
5162
5447
3202
6611
5679
8090
4503
9560
7955
336
1613
1045
5793
1659
297
7753
7539
788
738
2769
5422
8764
1277
440
4315
6675
9015
4471
2424
2723
5397
1403
73
6413
9195
303
4736
9067
8576
4486
8249
718
8845
2999
1052
7856
9144
2428
6293
4239
8890
8229
6365
1774
4006
148
6833
4190
8173
1790
5790
8073
7624
7960
7961
2636
7768
8617
2365
8696
800
4931
2950
6874
5213
2287
560
659
5708
2630
5086
4065
1076
6204
1742
7644
2757
8444
3313
1655
4733
7522
8057
1346
5471
4384
868
5818
1710
9377
5210
7077
2016
6108
3064
9139
8470
4885
2789
3229
8959
0
9463
8485
775
1035
6657
3720
5194
4566
6301
382
3798
7587
5020
9101
5771
4183
970
8264
1629
861
4389
9293
2387
6344
2043
4590
2616
8702
2082
6007
3545
5034
5036
5374
5190
3831
387
6731
4196
2086
4369
4392
3141
4361
405
6189
3523
1869
860
6307
2154
4112
9349
7208
6370
8379
2294
4939
3497
1298
1167
7443
8368
2349
751
6325
8653
1492
2073
1253
214
9365
8802
2134
7359
1371
3042
7709
790
6897
596
6021
2983
6750
4848
1667
5481
4221
1976
1709
4564
293
8749
2464
478
2221
8205
5365
8242
7203
1269
6125
2522
6003
64
5496
5843
2281
7420
4151
6339
1435
8853
6390
3767
1247
3553
1009
3196
678
2675
7164
3862
3236
9497
7091
5649
7025
1607
9425
6046
7654
6429
3039
443
1339
3034
5084
6434
3106
3924
5429
7791
8844
5815
515
881
6820
8533
4381
900
4515
5972
826
6451
2853
5940
5638
8753
8742
7813
3613
7758
2843
4032
2715
2400
1088
1012
1808
2514
4082
1489
7258
8199
7973
2905
4210
5680
6042
2164
6351
514
8479
8813
9303
1694
936
8717
6771
8961
8866
7834
1347
3465
8698
8942
1245
4818
7042
8418
8175
5439
6551
63
7802
3586
4139
7627
7652
3828
5548
1617
3597
2136
489
6371
8194
384
7701
7141
8963
1576
3271
1914
6195
6561
3979
1222
5713
8957
4016
8842
914
7862
213
4813
3308
8818
2595
98
5723
1798
4334
9196
7906
2978
8784
3671
1017
657
6839
5478
6326
3063
9085
1056
9332
8224
5654
6644
9063
1682
2354
8236
2437
3171
2268
4648
3847
6740
4917
5424
4416
7829
6735
2768
7425
340
7641
8725
6136
2680
2049
5996
1811
2038
9238
6813
4974
5531
953
6279
1224
8548
2318
2935
2434
2771
4484
2519
9227
5221
7129
4719
8300
9251
5520
9368
4850
2355
3996
4738
5029
2563
8667
5878
8937
5145
7693
4613
1686
853
9437
654
5851
90
5675
7250
7486
996
8638
2759
7554
3184
552
1472
4525
1918
4357
8683
2338
8138
1332
3025
601
1749
6426
8361
177
6810
6693
1465
1575
3077
2551
1943
3293
8872
4044
9188
6720
7835
4496
7684
3683
4021
3252
9051
5427
2646
5549
3976
6457
2304
5417
7898
2964
1442
5945
1577
5773
5308
3820
1182
7242
835
6154
7860
8114
8049
8270
1116
3712
7717
6726
808
5877
4086
6441
968
6170
1244
2109
929
2481
9322
3591
6591
8712
6992
5976
2604
3084
3660
6518
8177
4278
7387
3783
8262
4159
3638
2507
1820
3411
7832
1260
4411
78
2749
6400
5297
407
5338
8031
6032
6256
5491
5288
208
8052
6403
3866
7989
4984
8219
7438
6618
3941
121
4247
7407
832
843
3265
7134
9324
8422
5861
2451
7782
2350
1921
5578
564
520
8452
6887
6176
3191
2462
630
1058
9206
8605
2384
5347
2184
7651
6808
7347
5487
7671
8275
8828
4535
6306
3407
5395
7476
5235
6999
2971
6023
783
3307
6276
8718
2195
349
8626
6660
2730
1922
5963
6055
7894
29
964
538
9340
5483
8273
1023
1378
6957
6455
8247
4544
6654
764
7793
5087
4269
2362
6824
5064
4750
5310
7572
3983
8768
795
5784
2990
6397
4811
2430
4280
519
212
2367
3006
2454
3397
8618
2271
6545
3562
8213
7513
464
1268
8149
9084
8940
9328
562
23
226
4498
9314
4170
8232
8649
3062
8084
524
9555
4068
4601
9325
3078
1370
9369
2696
2669
7890
6986
7926
5910
5971
5962
8641
3101
638
5929
7112
1111
3577
6145
7038
2478
4674
1502
3408
6748
1836
3732
7010
329
3302
6479
7763
6117
4952
5681
1561
5093
7029
9361
2593
2824
6922
3419
5923
3390
1431
4228
6585
1470
6012
6087
9308
6264
4718
8472
2189
2774
3542
3843
6697
7195
6342
5733
7858
6783
9179
5486
348
2951
1477
7946
2672
934
1415
1807
5092
3956
8870
4636
2559
3906
9316
8414
2410
9265
6356
4380
8474
6286
1022
4651
9272
1272
5276
6059
9127
8453
6797
5098
2036
7625
5228
2662
6026
7558
3068
1601
7570
5076
1715
8318
8868
3651
1683
9545
1095
6500
4980
3172
5295
3884
2479
4333
6490
3919
3441
1400
3070
6920
2496
8218
3684
2216
8058
7920
2982
9012
1865
549
8695
322
256
4857
704
5890
4284
1219
8600
817
1170
5577
2948
8315
2459
6832
6883
4255
2879
5508
7863
1246
6247
713
5273
5563
2543
8085
3751
7459
7264
9562
6976
2442
2554
8087
9536
165
1718
7734
7289
4553
5274
2758
2317
1029
5109
4951
2962
8172
7212
3248
5322
4517
8635
4091
6149
8198
5966
5613
5826
1376
4749
3140
8816
5594
1648
2098
1731
8206
8455
2728
2457
4812
7273
6643
7282
1759
1161
1754
2345
7198
5152
4953
4768
6605
7170
4835
3701
2609
283
3696
1091
558
5178
488
2979
9408
3619
7251
5690
7277
9407
6858
435
5715
7599
6828
9217
6019
185
9347
17
3460
7392
3860
842
5725
7418
4732
4976
1327
6485
920
5226
3199
7061
4861
1801
568
5652
4192
7268
3193
2490
3401
7406
5892
3811
8413
6554
5386
6592
7165
3162
2942
5633
1366
603
3053
5529
6242
2904
5902
3967
5191
6396
5032
2752
5706
4047
1304
8423
4698
5468
7512
5735
3517
1593
7095
919
9395
5616
1680
8341
2513
7892
4909
7085
3969
8515
6765
4394
8216
6851
1362
7410
3766
462
8508
3258
8369
7871
3724
8488
3873
8776
7924
2631
1063
5490
2002
2569
737
1086
9078
8642
5814
9150
4085
8158
312
1249
6208
402
9253
4992
3375
33
6597
3074
3425
6068
6578
8166
5618
5952
2466
7054
4842
4795
9535
7772
4584
6285
2795
8805
1543
4224
5217
324
3420
4971
5336
7583
300
3463
3958
2235
6584
9046
2453
3117
4314
7332
2321
9041
4582
3655
8761
979
4094
1750
9515
8835
604
2196
2173
2762
3802
5821
6266
8299
6991
5846
1168
2896
7722
5435
6318
3257
5102
6151
4956
592
7605
4322
8051
2140
296
2509
7005
2405
1597
6876
2383
3722
5686
7435
1819
5126
8408
7731
6161
4963
2181
5656
9200
4717
2734
8066
2488
1215
337
4834
1322
5542
4467
6786
5887
6001
730
8987
4916
6123
926
3511
9410
3946
8516
1372
2947
4340
2305
7759
7609
3241
5959
9494
8785
5474
3137
5696
9194
7458
2288
8125
4454
4872
307
3263
3902
2050
5873
3984
631
6126
1154
2913
6538
4388
6519
8592
7011
9427
7398
4797
1784
7969
7177
3868
1057
2668
5927
5714
7270
5564
6705
7705
5872
9432
5413
2557
7248
8766
9198
4714
5982
9153
6619
4907
9552
822
1330
7130
6417
1517
1097
4436
6164
1851
2224
1287
6633
129
3324
2589
6721
8547
1594
816
3665
6336
9173
8041
5258
912
4833
3182
9501
2786
6350
1705
1627
8468
5114
2916
2386
104
7067
8534
6329
7576
9028
834
7985
6722
7485
8711
8069
9037
3740
1845
2783
8949
9321
7411
6917
7958
7296
6760
3342
2701
2638
841
7191
3812
8163
6759
2981
8751
5838
9159
4990
1692
5164
3167
582
2676
1788
3433
9554
5009
5673
5994
4626
8983
6647
2937
71
9479
1505
2779
7524
8053
3989
3729
2408
9119
4168
4782
4919
2315
8145
7585
1998
6071
8902
8460
4429
664
7127
3207
7716
7899
9229
2019
155
7850
500
1542
1341
3057
5080
6085
1571
9079
8074
8643
8884
3990
3232
4729
4654
6450
4096
5781
2301
8689
1419
8136
6544
1812
7859
943
9502
6047
8723
1708
4113
4747
1399
8457
5459
6939
7737
4428
1673
2539
4817
4775
3414
3221
9110
8737
5017
9307
1900
9142
9259
8822
5067
4052
4886
942
8054
6848
5139
561
4349
7521
4346
3973
1176
8760
6022
8078
3048
7811
1151
1383
2530
6900
2205
6159
6389
7936
6250
3326
758
6320
3447
2230
1639
9376
3938
2856
2748
1763
7735
3610
3256
4856
2261
9232
4186
2585
1926
2166
7744
7279
4889
6401
5596
2233
8343
6222
5099
415
691
8344
2670
8632
3175
3821
1777
2678
2118
543
1429
5324
4364
1993
1767
3067
8068
8719
4323
6063
6064
1730
7515
8633
4480
3235
8925
8487
1797
7478
5068
2886
6909
2627
2358
4080
9125
4143
4287
4836
7999
4676
2448
2014
619
5837
6282
9260
5172
4574
2766
9459
3157
8980
8662
5950
5158
6088
3166
5222
2032
518
3557
5015
3492
9318
3904
304
2280
7066
1157
4565
2327
2370
2333
8505
8181
7146
5021
2679
3105
3805
5720
7043
1229
81
1491
7689
9319
4286
6987
9038
6470
4569
4355
9339
1074
866
6612
6678
8282
8780
4895
6936
5232
5188
3543
4678
5293
7564
2257
1083
6761
5425
4764
9484
5469
7552
1539
9124
4360
8131
7704
347
4731
7573
335
2323
176
772
6787
771
1392
5120
9304
731
1646
8354
1289
3710
2877
1191
2575
2508
762
2471
396
2753
4557
1311
8929
7616
1114
5601
1714
4708
1647
620
2775
5569
4618
4403
3399
2746
5381
1290
3826
2709
4140
1101
8704
1991
4264
4121
242
7136
3949
5701
8796
4760
7544
2592
1508
928
5057
2077
3534
4961
7680
5154
3309
9097
5625
3163
7784
7672
3348
4130
3206
101
6558
1194
7272
9178
1109
719
6689
7197
6669
2608
9301
7182
4208
6024
644
3134
6374
7304
1902
7033
3719
6287
7982
610
8601
1971
2426
3694
6289
3036
4915
6388
1048
605
7660
8231
1585
8280
6341
5776
5185
4637
8075
4927
2292
1827
9283
4846
4786
4912
6488
8188
8034
5325
100
7639
3698
3784
8734
1704
5195
186
4111
8132
8168
5516
6923
7497
5589
7984
1081
3748
5847
8935
7252
8920
9096
8748
4035
4660
660
5240
576
5514
4277
7828
3274
7125
8657
8917
7449
2538
4307
2359
1795
2180
6358
8933
9290
8446
6483
217
3198
87
5946
7122
8310
9128
8410
945
963
8089
8680
7291
8609
1013
3165
494
1468
2782
6576
3878
6575
513
5443
3478
6600
2443
5530
2003
9508
2183
8164
1506
5700
8380
8101
6111
