3848
6113
5558
3716
4026
8183
5424
3025
7085
4628
676
8747
6226
3037
6398
1996
668
1806
8875
4650
4530
4654
744
4137
5261
7668
7083
6567
6615
8307
5581
4103
6379
600
4698
7476
5505
5586
8261
7939
7368
5418
6779
7432
2368
1923
8122
8418
7654
9225
2543
987
2651
5511
2536
5382
9313
6275
5348
7249
359
8749
9023
1994
3605
2473
2008
6560
3727
7279
8624
8120
5021
5392
9419
9061
8583
5313
8546
1126
1259
2022
2163
2520
3116
9363
2010
7786
7311
202
784
7091
7112
6982
7720
9248
9366
2446
4465
5784
3036
4476
1903
1436
5012
2135
8582
5312
1822
4660
7488
4139
8239
3985
4427
7523
4662
8966
4349
4486
581
2787
4945
5622
2911
2786
1588
966
2687
4085
661
3597
3978
1692
2686
3190
16
3892
6043
7744
9051
9315
1038
6114
4997
3912
461
5686
2435
4894
1669
1180
6996
4212
3458
1950
9085
1597
815
8597
5788
4724
1959
983
3031
1294
826
7876
8126
3500
4979
9329
2530
1824
3707
6476
5982
340
626
9486
5108
7741
6033
4120
3441
1884
1338
1224
9192
588
4059
4741
3760
5438
6085
2405
1194
4324
2049
4585
882
5388
6272
7900
2844
3664
8065
6498
5444
1115
4266
7718
2630
8229
5381
2680
487
8099
8230
5487
8993
7548
1237
6016
3961
9525
4053
7318
7137
4216
8670
5351
419
9333
8503
5656
6338
6141
3728
8428
146
3012
244
7601
1814
6384
2684
518
8228
8190
688
5529
5126
9406
9235
574
1627
8125
1318
9203
6190
7644
35
2251
2703
9339
4898
9475
5231
5725
4700
3492
2939
548
1052
8802
5147
4915
3975
8242
3391
3367
6056
3795
4131
4866
452
3210
8485
4555
6173
3307
4969
6930
3694
2981
7659
4990
9047
7221
1369
4887
978
4358
1077
8081
3125
2571
3376
5492
3602
1661
6354
7425
218
3127
3547
5457
6718
2442
5073
3211
2101
134
66
3831
4691
6153
118
5730
6920
308
5477
3628
9127
1853
926
5282
1683
6185
337
1728
4838
7217
1849
570
5635
5157
122
4331
5513
8305
6044
1576
6517
3263
4388
8155
4851
2569
8431
9074
5741
7800
4665
7957
5216
3408
772
306
2033
3295
8111
174
5060
427
8877
7804
2770
8599
2928
1841
6046
4451
2201
3117
9551
6195
5174
4810
1746
7704
4373
3437
7132
2511
5284
7065
8874
6797
8943
221
5993
8983
1861
7816
2304
2106
6048
9185
6063
4699
9382
9110
5200
1287
1309
2953
8087
3409
7664
9503
1510
43
1017
2203
7021
7677
5238
356
3489
3412
5808
8662
1980
6117
4392
124
2624
387
9009
8755
8088
6437
4100
3636
4801
2374
2263
3932
3050
2471
5818
3102
9534
382
3070
1951
4398
3695
2803
2518
6776
6266
8683
3087
1859
3228
3610
5753
6461
2782
6528
8938
6726
5006
3947
504
8800
7026
9086
9484
2324
149
7194
7883
7142
884
5370
4144
3965
7760
1131
6572
1128
2795
6748
8117
6306
1484
3692
8916
8908
5854
2665
2649
7473
6840
811
8646
425
330
8712
7690
6325
2678
6825
9554
3591
554
5430
393
7763
4250
753
5234
6257
9532
7094
2735
3661
4995
9450
8515
7638
2341
1556
4863
8636
727
6502
8164
3921
470
8559
4599
3459
2042
8738
3191
3820
7824
5194
9183
6705
257
9409
6914
1905
3589
9101
4031
3495
3476
2448
8987
1316
4202
6394
8947
3066
2621
1035
2943
9153
3172
7755
3488
5652
5675
3192
8731
5501
2919
8042
823
8043
3363
1734
4731
2588
9083
5893
2264
3581
8092
3217
3244
5737
2980
152
2040
4719
8023
3368
3935
2025
666
7082
7514
2994
2944
3780
4612
6196
1955
2000
3261
133
5367
1862
1673
9498
1343
7696
5546
8611
1991
2320
362
1227
1921
6209
9513
5996
8816
4395
5236
2724
4086
280
3450
2904
9078
1072
385
5873
4045
611
3538
8839
1639
8021
7533
2232
3614
6503
2239
9132
4561
2745
4320
2821
681
8098
2508
4074
7354
2399
1470
5342
7345
5198
5525
2874
6163
6269
4335
7553
4831
1769
4786
3199
9378
87
6212
6302
927
64
6138
450
4098
4619
745
9407
4784
5300
8115
1064
4429
5653
5161
6967
7962
7742
1562
8664
5591
1150
3099
8726
6571
1970
9215
5483
107
3311
4854
3478
3933
3882
6371
6614
8123
3150
3288
7163
4298
7627
5785
3324
1475
684
6926
6087
6036
2606
5193
8140
721
7010
8448
9310
5190
900
9103
7803
5882
1667
1009
630
7940
8765
2032
4935
8793
41
4056
2209
6200
358
1349
7650
6375
1810
5244
6298
8732
8149
5001
8312
5840
7434
1162
6187
141
6632
4254
2869
5202
7727
7511
7544
8790
1688
1082
3352
1979
7839
5577
7591
2626
8037
7012
1938
4042
2605
3415
2463
896
148
7435
941
9120
569
7175
1741
353
8787
8194
8608
1887
3832
1763
96
6446
4165
7581
1742
5809
7446
1411
1188
8576
8930
4594
4503
7711
6740
9231
6308
6965
7148
3503
2711
1273
5491
6404
724
1335
5905
1675
7206
4683
2959
4402
5281
2529
9415
3781
8951
5132
7402
5504
6066
4159
8427
5055
8003
878
7783
8642
1041
5600
3400
1079
3273
5305
5937
615
8057
7309
2111
5509
9028
3897
3641
5921
9207
6430
378
8360
7025
336
3302
9193
4180
828
6297
1512
4858
6346
6049
5358
215
276
6848
6651
6785
7515
7398
6904
3085
6414
2245
6011
3418
1050
5117
4895
5258
2298
6383
4611
7815
3901
31
51
3189
2648
8890
4400
3434
4327
3804
6788
8924
7069
7195
904
6179
958
6964
8918
1977
5923
9162
777
9564
2476
8254
3991
5957
879
7771
3557
3704
8389
6808
4141
3462
2986
95
5266
4035
8182
945
3015
817
8687
3081
8420
5819
8220
5201
8666
5062
6573
409
3215
3987
4834
3950
6071
6670
7057
2714
923
816
2713
4330
1872
6903
9071
6775
9361
8367
6314
810
1651
5773
4943
220
9243
8446
1267
8844
8421
8845
5213
1482
8520
2905
3313
9038
4412
8137
3708
7324
3493
6684
2467
3160
5272
8213
2260
1629
1856
5866
78
3818
561
3105
3291
5393
3690
169
6665
503
9187
6777
3218
2628
7507
6456
6991
5125
2967
8423
7253
355
8680
7642
3665
9263
7183
7609
4078
463
5764
5019
4924
2593
9058
6994
2113
4785
5655
4489
1572
3522
2582
6831
4411
3281
1845
2863
171
4502
669
2453
3554
5816
6488
9233
8109
8533
6199
7166
701
5478
7926
5445
6724
4258
6270
6885
7211
2763
6092
7001
3821
2484
2768
8716
8482
9435
4680
3720
649
319
6363
6332
413
5068
1347
90
7637
2617
3530
4584
8074
4004
1851
4299
1008
5523
2117
4231
7806
1030
5844
8920
5188
1779
2961
6239
1989
6457
6345
6714
4077
7977
354
6739
2600
3648
5435
3685
1992
7168
9123
1090
9066
9069
5340
6463
7932
6988
7856
8224
7924
862
1612
3980
8706
4364
6563
5032
4893
2732
8465
8356
7442
7263
6276
6295
9209
3088
3797
3310
6630
4998
213
3505
2877
7583
2646
9392
8394
2160
1005
4281
6919
3656
2535
6014
680
315
519
8079
2074
3515
2179
5179
8821
965
534
101
8406
7821
284
6177
6478
6956
4454
2162
5330
7008
5168
5221
634
7541
8402
2344
5698
2720
6653
4140
8904
4274
9512
7362
2348
2498
3703
1418
8301
5484
3327
8578
4023
1622
8806
2258
5145
1521
37
5398
3205
2491
5390
2836
566
6541
7103
7785
6310
8840
8338
7604
9142
7970
8644
5560
2850
462
8347
2356
5556
2073
2283
3246
7898
7227
9122
9280
3328
3565
4264
1166
791
6336
4744
6540
8761
2485
1297
4668
793
1469
7060
6886
2335
3159
3143
3748
1485
239
2591
8064
188
2268
7234
1298
282
7149
8689
3432
5160
184
4239
8552
71
5350
2226
7482
1545
2513
3937
3161
8054
6895
984
6993
5446
442
1697
9470
9529
2407
9092
1842
6906
6341
616
4121
8276
4920
1334
8433
5630
7859
4868
5975
6359
3431
2019
7383
1860
8944
1196
3068
6397
6246
7236
6074
2063
6395
7995
7273
1075
5550
345
163
6440
8900
8737
8686
3446
6402
9253
7177
2574
1718
3953
3928
1748
1983
3752
3899
6296
1123
7139
5853
4645
2035
6544
2385
8850
8568
1807
3734
5682
3174
5938
4901
5650
6207
9522
4845
959
1723
3910
2360
4964
5302
861
6619
5992
2654
6586
3893
8906
7107
5173
6118
6510
2736
3176
3881
6098
970
1238
4985
4557
5890
4550
3052
2560
9048
7564
4764
4767
4870
9156
6591
5817
8972
6065
2235
6961
552
7022
2316
5278
2126
7219
542
1706
3342
5541
5150
4572
7593
4002
7320
1362
6713
8660
401
2976
4682
7260
9148
3789
1246
5781
908
7719
691
2541
5107
388
1239
211
5372
1137
5181
885
5708
1537
6143
7911
8068
9331
2748
2566
4564
3763
6799
9559
3144
9461
6864
5794
4695
434
7665
3002
3239
6428
8466
5768
8753
2643
6188
737
9259
8742
8373
2105
6645
9555
1866
5787
1679
7159
8633
6854
5971
3745
9479
8084
1317
469
6939
6846
7369
3237
1083
2470
4265
7862
8756
5146
7387
5649
2915
4017
1352
1770
8671
285
7116
5774
2428
7344
4655
5540
3827
8629
8392
4483
4209
7045
4490
7905
6594
3110
6778
7165
1891
6417
1384
9444
2881
4184
2377
2346
5223
142
7747
1420
8316
6984
6791
9050
3747
2627
5268
6458
3093
5222
8456
8062
7179
5593
3576
5134
9191
3480
3616
4410
3435
4138
3635
4166
6774
8067
5166
6115
7310
9533
9472
1526
4677
4217
8072
8836
8781
3373
2153
6259
822
5442
2486
4954
6382
2989
4782
4047
7038
8700
6174
2171
1664
4384
8891
517
9499
2139
6289
4055
7081
2653
5011
5670
7224
3851
7097
2454
3886
3655
4581
5043
790
8086
6781
9073
5247
3540
6545
8593
7922
5414
1558
4517
4880
6913
3663
273
3683
3013
4570
2382
3816
105
5694
465
5825
4247
2255
5618
3646
623
3896
3846
9090
8326
8136
7910
181
6810
2966
1568
176
3572
4296
9271
5884
3819
8000
511
6021
5940
4829
3833
7915
4746
1256
1265
1271
3556
3688
8609
733
5777
6137
5045
6866
6183
292
8778
6370
940
1633
2376
7322
7517
4105
67
495
8620
7370
4167
1099
6756
4534
642
8233
1956
8980
6386
1657
6554
4529
214
2450
782
1220
3777
8241
766
1157
922
4304
4513
5735
967
433
6989
8698
6672
5647
991
357
8561
3065
6357
7532
7480
2834
6891
4183
1620
952
7965
5878
2717
6172
989
3011
719
6124
8348
3574
509
6057
2822
9155
8046
2540
595
4163
8819
2769
1240
8379
3048
1999
7487
9471
1417
4872
840
4595
9118
9008
2673
6589
7537
4961
9344
2655
3486
520
8570
6950
7220
5951
1168
4511
6553
5113
8847
1133
1444
7580
1415
7641
2222
1247
2820
9096
4836
6145
8169
8247
765
5030
4491
8822
1890
5452
325
4220
445
1477
5631
4592
4229
3113
3968
9240
1630
6126
6358
4706
2389
5755
1619
295
6035
2124
4434
332
5914
1499
3345
6154
1858
7414
1712
7892
3107
4679
3060
9284
2493
5942
9095
1266
8974
2014
4484
8339
3350
2237
5927
7095
5080
8925
1871
2510
4039
5209
7619
1926
232
5805
5679
7830
3671
1908
2396
5195
5693
6691
4466
4156
6715
2363
7371
9358
5196
5335
3541
1088
4597
2329
4607
9054
4734
7483
5256
7475
338
2056
7576
262
8501
4930
919
1156
1434
1785
4802
6639
9462
780
4713
4135
7651
2339
3860
2631
6061
6881
8601
9264
6597
8721
2819
7530
6380
8165
5309
7588
734
736
136
2995
5590
485
9364
1398
1078
1899
405
1021
1721
8805
7416
7797
2224
6929
647
3183
4635
1013
2667
629
21
7328
8236
5765
1419
61
5790
3634
3353
6918
592
9108
3212
3018
898
6548
7993
5123
865
760
9526
8285
7308
7289
8094
2988
3801
1498
5974
3863
2252
7479
892
5459
1896
9351
1330
4781
5383
5748
3481
3847
2647
1585
5881
3579
4816
8590
8028
6727
7611
8007
3666
6948
1701
754
1094
2331
7513
639
3241
2353
6638
7013
1170
8481
7594
8335
6909
3051
2507
3456
6674
9089
8441
4110
384
643
6811
6879
4000
4207
8619
4743
4092
6899
3304
6902
6764
5976
5860
9496
6134
4285
6337
8545
5584
2810
4058
789
6073
2700
8656
7635
8353
5139
1154
8764
2440
4318
2431
9031
8426
2506
3258
8659
1060
5901
7988
7780
7413
6592
7827
4925
4367
4616
7377
2011
5400
1106
247
980
8786
5408
1192
610
2807
6427
607
8050
7773
3490
7014
8674
2196
5048
93
580
9487
5665
7418
4329
4181
6539
7053
8759
6505
3650
8547
835
6535
8020
3741
535
3055
6447
8720
3423
9427
687
2270
7239
7283
2502
7956
7774
2293
1614
300
7894
8771
947
5537
6887
6608
9463
6318
7408
988
2705
5071
6839
4317
5797
1010
2818
1387
7831
6767
614
8899
3232
3010
209
1388
4850
3913
3871
8114
7061
4815
4974
3475
4842
4714
7577
8679
742
728
7486
1876
9007
1169
7250
2902
2993
8521
367
8168
8701
1363
7931
5977
7019
692
7335
2400
722
4353
2875
8791
933
350
5796
7235
7188
6944
3511
7048
4583
2737
6202
1300
1522
4789
8588
7395
7078
6980
3260
7360
2539
97
7423
7346
3377
8950
6916
8955
1693
1228
9453
4463
50
7274
2499
3838
1496
1799
5623
8510
9275
2045
3166
2608
8362
819
6095
9514
2898
2889
2306
3773
8502
155
2003
6054
8128
8667
3533
3960
1286
403
6216
2866
4909
7943
1291
5515
8984
7119
6976
2238
9068
3251
658
6088
6144
4124
7397
779
366
3474
2719
8172
6547
8016
5851
604
584
694
9210
2012
6860
5395
5833
8034
3926
6015
3035
9121
5162
3713
6977
6898
7705
2521
8374
9458
17
3679
3027
1378
7632
6616
1445
6648
2006
9401
3790
5235
3514
2991
7802
1613
8722
1190
6746
5829
5518
9497
7524
5054
8927
710
55
2144
6312
6667
228
8602
3271
5428
5684
785
4774
4387
1873
7264
6464
2492
8672
1751
3366
7620
2393
3749
5616
6934
2081
2501
2549
590
7849
8267
2254
8025
4332
6817
3134
6617
7628
7820
1124
6507
6666
1964
3766
2378
1825
2935
4383
2038
9262
8794
7314
1878
1039
6111
2892
812
8719
4076
6643
8180
6376
7686
5257
8835
4538
7388
7444
2371
7558
8637
458
1680
3529
7030
1296
1066
8717
279
3794
5271
8862
946
6472
5985
8596
6469
6957
4228
3312
5499
4
3029
1592
4391
1104
8112
6769
7059
1315
1607
296
1836
3620
4661
39
5226
3000
5587
3348
6273
4443
5969
4634
3479
638
6824
6171
8135
6708
8163
1677
2
2823
5615
9270
9320
7430
1705
8467
7536
2958
992
5214
496
5077
4341
8814
3643
4822
4883
5839
5399
4069
752
4916
290
2018
3421
1179
5
8222
2813
160
1566
7292
2187
522
8988
7240
8571
6836
5127
960
2077
743
3054
6504
6193
9436
8080
2973
1304
9147
7348
3407
8002
2538
5919
847
179
4899
299
516
2556
814
7459
3287
143
482
3294
1855
515
4337
7467
3321
718
2136
263
5183
2524
8287
4393
1529
602
7887
4049
5673
7916
1777
5180
1081
1904
5709
801
1284
6344
6491
2286
9426
4982
5115
597
1915
7563
9321
3989
8537
7164
6340
8095
6570
1747
68
3003
6485
8910
6220
6218
5965
7697
7356
4993
9178
4632
8330
2119
8541
6985
3236
9184
6500
4237
8315
6649
2625
2300
4760
6766
1524
9445
2390
6191
5583
3651
3053
9091
391
7923
5950
1332
7973
200
783
848
1682
5689
8587
2384
6602
5570
3128
3301
4346
5626
4037
1080
1864
1732
5941
8519
5766
1666
7893
5769
7899
8892
5295
5627
3759
6751
1191
7301
5920
7639
7382
3768
7913
3900
8853
5770
1044
4737
8647
5554
4948
9037
5986
6765
3202
7570
1143
5479
2815
3155
389
809
8507
5440
7389
7187
6197
2103
4380
5176
7749
8536
5207
6729
4179
5437
8425
1351
5426
3917
4218
5959
9341
5260
852
322
8665
7857
3069
1511
7341
5385
386
5389
6979
5932
8382
5949
8942
8506
9459
7966
6438
6407
8051
3484
1006
6001
8554
3249
521
1467
8867
8147
1924
4390
5136
6492
5002
9376
4669
466
9417
1177
7890
6753
5948
2184
5830
6389
8707
6268
9566
1144
7316
5553
7765
6677
3014
7080
8093
5875
6542
4036
2402
5396
6181
1584
6737
7693
1110
751
6037
4563
3086
3436
6512
2110
9547
2762
327
5406
449
689
7044
6077
4615
8133
7979
8830
6248
7543
1414
3544
7009
9218
1616
8622
9019
5743
9278
9079
258
5308
2912
6709
2439
8959
7393
7614
4586
8256
2860
6321
4865
8022
9200
5868
856
6626
6192
8557
9206
998
5285
6852
686
6673
771
4269
2666
591
6412
2640
8452
5020
7706
1379
6876
1546
8473
5912
5217
5601
5326
2547
5298
8923
7700
1091
4702
414
5343
6392
1577
6551
7193
2220
6823
1119
5163
5476
7466
7347
6933
641
4556
3887
8129
5812
1244
6068
1798
9177
448
5880
7937
9448
1599
1159
4235
4580
8027
6637
7590
7941
1497
2879
8470
3225
876
2800
5807
8795
6584
7384
5320
8971
6323
4259
4718
7051
5075
8451
4478
7895
7657
4942
1987
1580
6147
4158
8613
7955
3109
3359
7595
8957
3396
921
7992
598
558
115
2437
5151
298
3751
3300
9124
415
120
7126
14
2662
6583
5800
4949
3223
7215
305
8896
4014
3179
5255
9383
5642
8973
8493
6148
1381
3470
1882
3380
8445
8729
1218
2638
1029
77
4926
4604
7037
8324
5835
5461
3167
7798
6271
4303
9057
9265
3504
6733
5907
5863
4671
2175
7267
4142
2722
1766
2412
4970
8083
2934
7676
8763
7233
2871
6250
1503
7151
9439
2757
5857
8359
6569
5346
7512
6204
1791
7789
6005
2650
8898
9303
9041
3948
4334
1046
9308
5441
2846
5402
6759
7349
9413
6921
1019
1356
6231
663
7787
8250
4091
1390
2832
2677
2997
3839
9277
3354
5547
86
9506
7332
7540
2455
7088
5341
486
281
4896
9223
9249
605
4494
7871
4715
6261
7868
5469
186
7169
8564
2436
8855
3993
8854
2210
972
7752
4418
6975
7363
2712
5668
8278
6353
1458
8948
6487
28
3590
1483
8071
7210
8572
4065
8684
5211
2475
549
9309
8967
9373
6317
4524
5510
8351
916
905
446
4118
9282
7214
1711
6631
5422
4860
1617
7105
5883
2290
8610
8498
1442
6086
1931
1773
9399
8695
84
7829
3824
7076
7130
5524
707
5175
8414
1252
165
4720
2753
8178
7903
4988
2426
2674
1650
7238
1211
437
7526
7086
2317
9318
9493
9294
6416
2514
2512
5664
8937
1203
1241
11
1278
33
8052
8273
6097
7695
800
4197
8573
3687
1560
2897
1760
8059
4553
185
3841
8323
786
4693
3335
906
6135
7805
5752
1771
7997
3004
4778
5619
2221
9212
92
9003
8714
3599
1892
8349
5336
1761
3114
6101
2487
7443
1724
5561
7724
8965
376
5338
7242
5066
7129
9236
8313
1744
6013
167
243
5371
1209
3362
3038
7592
7074
2457
5273
5678
8412
3681
1207
3265
6974
233
6590
302
4186
8525
7098
9116
3178
53
8322
982
750
2926
5040
236
7492
8471
269
7205
2009
8962
8436
2701
6280
1928
5589
8274
349
5621
7531
1357
6671
4003
5906
313
7522
7870
2127
6871
5411
4347
8063
6473
7390
8189
8284
9519
6734
2838
2458
157
6076
8058
7286
1365
9304
5503
7584
9146
6802
5739
1689
6574
3803
5259
2302
4445
1146
9044
6483
8837
2676
8560
2145
9346
5526
7431
8863
6812
4173
1303
635
2138
6947
6805
5994
1604
7678
8798
5000
506
7969
7681
3828
7777
8589
3837
111
6911
6680
5159
8810
1438
2794
6450
1621
6687
2041
3278
3315
7673
7607
5481
1270
3252
5514
6915
4799
5225
1340
4108
2314
7998
2764
640
5843
4044
7255
2058
8240
1059
3181
9049
1976
8702
1990
2688
3569
9219
5831
4960
8077
4577
2864
2347
7753
7272
1103
1726
4090
3957
1183
4864
662
8345
4256
3660
990
1235
1375
1782
125
5744
1071
8344
7321
7491
8005
1828
2281
4046
5713
216
7510
8302
3906
7936
4185
6403
6494
7223
1897
617
5821
9430
7582
3332
4251
5394
2372
6735
5569
135
7552
4448
9433
914
5375
977
5359
326
2784
5224
4837
6368
6936
4208
7949
1508
8775
8879
6198
2963
164
6953
5542
8472
648
6031
587
8386
4652
0
9502
9520
8479
2664
6546
4133
1756
5353
5711
1033
5700
1430
7365
1147
5552
2920
3149
323
8544
8217
4519
4906
5533
7138
1775
5439
5416
5165
8355
8641
6853
7396
1486
6330
6941
8663
8089
8192
3854
1405
203
7077
7419
8614
6328
4749
3642
4606
8846
7340
328
3227
4473
6439
4073
4072
264
7351
1314
769
2888
3375
2318
6090
6264
1717
1422
6520
7902
4874
9403
3165
4301
1002
8144
7999
1784
4416
1967
8627
4684
3094
2949
7948
6123
8796
1342
5671
3208
1242
6723
3927
4319
7685
4012
2577
3403
9416
1988
2802
894
4407
4830
2772
2913
637
910
1738
2340
479
4480
759
8073
9424
5046
1377
7280
2225
6343
8982
5966
1940
7945
7266
9546
2205
5387
5128
9354
5789
9020
1292
1258
8668
4726
1778
8856
9260
7319
3383
4471
963
6555
2387
5094
7626
622
6034
7161
7721
3030
2880
5472
8280
849
4128
9017
7840
82
6878
5038
2907
4413
2180
8245
7282
3877
2020
7454
6907
2565
3757
309
7809
4624
74
7622
1427
8106
2592
2848
7733
1441
1549
4084
8017
2156
9349
46
223
5877
7122
1625
4355
792
5172
9508
4111
3637
2962
1364
9454
5904
5059
936
3721
6702
303
7307
6884
4890
698
4460
9217
6813
7050
3194
3233
1811
6168
2695
1609
6815
767
2921
8208
5852
5170
196
7493
3440
5612
9290
907
267
3067
1786
1135
3379
7578
4203
8108
4892
8654
7687
9279
8604
7981
6601
2809
6294
5033
7497
6880
4520
1969
3329
8817
1525
7403
2397
6897
9042
5608
7717
161
6315
1425
758
6150
4542
1954
6122
4336
6040
7072
2629
8432
1455
7974
8645
6408
6378
6773
123
3512
40
6136
2178
2061
8730
6990
5352
8013
8203
2751
341
3080
917
3318
805
8026
8334
7790
368
1061
3468
7170
6575
8157
5681
3323
7448
8252
7585
560
4342
4666
5401
1184
5594
2285
1199
2134
63
5780
8369
6923
4663
6252
6851
8300
4152
6935
7567
5279
915
3604
8306
2386
9163
9380
7996
8434
1757
3413
3390
6166
4653
5918
3285
7980
5283
3019
9405
6156
8292
7276
2972
3677
5120
8929
9180
478
3148
2777
9182
8352
3023
6789
7828
4910
2166
939
1117
8070
4776
7150
5425
5486
2247
9035
5936
9128
3878
1480
975
7028
7726
5365
7176
6121
8539
6867
8827
6023
7842
7811
2829
6364
7759
9560
2043
3959
3756
7597
4568
1222
1328
1735
5344
6454
329
2598
3740
3075
4548
254
5246
398
2867
510
8994
2618
3615
3755
3238
3463
3041
3133
7872
4755
1449
2044
851
9097
4362
1413
8219
8691
6856
7812
3293
2878
52
603
5896
5677
4678
8567
8968
3331
837
1456
5629
1189
3395
6644
1740
2282
8159
2918
3404
173
8375
4403
242
1108
5036
2563
4495
4633
2295
3298
9165
5489
3279
2278
4859
4306
9365
9107
3230
6292
3203
8992
7605
9204
8723
3883
1737
891
5199
2758
3079
6798
9149
2083
3600
7154
4532
2641
3560
8977
2876
15
6233
4980
6838
2190
621
6986
6253
2253
3477
4479
4902
3963
1790
7680
6465
8873
2362
3454
2243
7325
8964
5506
6618
2102
7841
5316
3369
1366
4020
7928
3498
8033
6399
187
7315
8736
7689
4952
8638
1024
5135
2858
2783
8869
2950
473
9465
5508
6479
222
3972
5191
5354
8004
1193
4363
4117
6203
5013
5538
8615
2496
7428
8727
3693
3623
4221
7653
2835
8575
8365
436
7964
5592
6169
7312
2452
7688
6741
5208
8012
8321
7461
5495
7879
9013
3221
7885
7470
6857
6803
1541
5482
2150
1518
4846
7445
2668
5155
1319
1971
2579
4875
2167
7035
9087
1003
7814
8341
2257
5378
6669
3691
3583
9468
6006
6946
3250
4379
8258
1501
394
7411
6050
4405
5640
8101
2125
151
6550
9226
5287
9141
7656
4129
2910
6152
9257
3173
6629
7934
4352
3733
6609
6668
172
4849
579
702
1076
7731
454
424
9481
5009
7232
8851
4467
2639
3207
5979
2023
9298
6561
5376
6022
5566
9164
9562
5778
8231
5930
8293
3939
8913
3966
3532
4126
5887
5299
2419
3334
2071
5527
7942
2342
4365
8834
8336
7501
7554
4689
4591
8232
6167
423
7296
7634
4151
4756
9356
6274
3121
4987
3098
2064
3339
8295
2284
1946
56
5488
1605
3700
4708
9039
4177
5460
8718
4267
4501
3962
4204
3783
1837
8377
8513
7096
348
1223
2288
7748
5056
2895
5321
3406
1686
6600
1929
447
2533
6303
8461
4763
4912
877
7033
3106
564
277
6757
3673
2891
3397
5756
4309
6227
3201
3254
7794
6146
7525
1594
4154
6206
3746
45
4907
2186
6429
4852
3578
1917
6901
311
8
4406
7366
6893
3322
9319
9293
8187
7185
2573
2311
8141
9105
3245
3613
2383
567
6745
1023
8779
8010
3517
8623
2109
4955
4263
6360
2495
2715
364
3888
7503
7092
23
5759
985
4687
9404
3859
5838
4806
2417
5822
7207
7561
8797
4991
8041
4307
488
3553
2929
6255
3698
158
5318
8505
5307
3672
9022
1092
8439
4054
2661
2811
1833
1248
9367
5749
2165
6613
5676
7275
7863
1409
2313
3622
6821
1007
331
1695
4681
2882
7538
9273
2315
1725
6008
3977
4716
2555
3091
8757
7566
9077
6659
6120
7845
3923
4188
7810
5960
7054
4931
4927
6422
8789
7675
6214
4857
7196
7702
2367
576
5085
4293
2155
7073
407
8212
6837
4658
9396
6372
5374
969
3769
1865
880
9429
683
6348
4820
4953
7972
5939
3111
8262
2837
1067
4919
4933
5250
5924
725
1350
8711
9545
4770
9327
8859
374
5814
7912
6501
5156
6997
2039
4794
6559
9538
9288
4807
2998
5946
42
1975
1587
844
435
4028
4162
2349
8238
6474
6877
4587
6282
7938
4062
671
3158
704
8443
4487
846
920
3856
2546
5688
9352
5740
9410
7127
5463
3582
3414
3922
7334
4758
8131
1202
6580
7143
8694
8532
8954
4648
7102
8401
7262
3840
839
7662
1685
2727
1043
7375
3775
4211
3455
7782
8777
5252
1986
5306
8308
3226
4157
2726
9030
168
8314
3097
8928
1057
7004
4688
5293
3762
1354
4195
1205
8410
1582
871
4790
2036
3974
2091
4984
3958
3726
417
1820
2974
6869
342
830
6000
6396
8174
7270
9557
6969
5954
1710
3857
2854
3175
7465
6768
4354
4305
8820
3826
3340
788
6418
5443
5585
806
8143
7714
1219
6564
9070
7298
1602
7542
2462
7881
1416
6849
7034
4282
7291
7474
6208
6747
7598
8500
9064
2027
8491
1745
6657
1800
352
4201
7847
5806
4321
3624
8318
2408
2917
7709
5944
4481
3296
2852
5253
5757
7212
5403
210
6467
3870
8260
7813
3424
2862
4791
6999
825
5095
4738
2418
7603
6287
2321
2159
2697
6182
4879
3890
3047
4735
7795
2716
1263
3521
7630
3549
8257
5291
1399
2906
1974
6355
4315
4175
8039
9056
9556
9181
7568
324
1774
3825
5892
3770
9467
6225
7843
4978
1656
5870
7880
1402
5832
3033
7925
7730
5240
6662
739
4437
7409
1715
8961
7032
2562
234
8902
4823
1875
2430
7118
8061
7751
7679
3256
4333
5568
6625
8517
9336
3725
8447
7427
787
2191
6453
5865
208
3465
9437
3461
274
7391
4630
9269
6025
5530
3852
1642
3712
6347
334
8531
5728
4224
4873
289
7018
6127
3873
8380
6578
8932
559
8091
6943
4856
1468
1787
1698
5564
4112
7854
2147
2350
6278
7608
3609
5580
7415
1886
2504
9169
6593
7400
3981
6928
1536
6180
3678
6164
1385
5645
1439
6161
8709
8648
6655
5981
6868
3137
5931
2652
7589
7229
3718
8758
7699
6451
5761
5999
8453
5512
29
6585
2554
178
7305
9296
7355
2330
2657
3619
6792
4450
8876
6855
8188
5035
8715
3891
7671
4835
5889
5772
6949
1307
4455
7976
527
9369
8110
2351
1160
944
7079
1443
5148
9291
986
8995
162
5480
3466
8512
5858
2816
5275
8697
4705
9036
6633
3765
8085
1553
690
8325
7186
1909
3092
8343
5783
7694
5267
5968
3235
4981
9541
5705
6240
2291
3792
8841
1424
1312
4459
7042
1654
9540
9151
4742
3849
7426
3979
4493
1165
8011
9542
1854
2354
1276
8132
2420
5935
4096
8826
1544
4361
8776
2193
4469
4518
4370
3115
4146
4386
8179
8332
8346
5232
7478
2924
2115
2812
9043
636
2230
1107
6053
2309
2710
7801
5699
9241
594
1141
5184
5467
3724
3193
827
1000
7732
5943
2775
6267
2749
695
4236
9137
2213
2825
2908
633
7106
6945
7046
5516
6334
1295
5855
5413
5531
7099
6029
6686
1306
6513
8975
9482
1699
6251
5607
2890
5758
7710
3988
6835
8038
7660
4675
3750
2557
4641
6279
459
430
3417
8606
1729
6833
19
5429
4886
9112
4438
5571
3338
2394
9125
4382
1136
673
5124
5466
5405
2016
9473
9221
4827
4297
1631
1336
9492
3487
4783
1702
5290
5848
3593
8741
4891
9558
2671
8170
5900
7075
3073
2336
6165
7373
8361
3320
9005
7471
1943
6683
4351
4643
4114
5613
8105
5706
2345
8616
1895
6728
2610
5301
5685
8417
6010
5952
3299
3162
1941
4122
426
5332
3534
8400
723
54
2015
6523
4897
1116
3909
9397
3513
58
9550
1268
7621
5037
1927
7333
6784
3346
4808
6581
8912
4792
3343
1578
6480
1233
1665
5885
4279
8621
2046
2827
6288
7889
1906
6055
6744
7287
6762
5086
9434
6800
1554
6780
1478
198
6406
3601
7468
492
8468
500
886
3567
4976
5576
6490
8484
9012
1776
3835
1175
1997
7040
2242
1200
4066
5171
2266
2489
7052
5776
9000
7016
2231
3798
5397
3785
6536
219
9515
5972
5448
2960
104
6595
8696
8677
5088
7254
1910
8661
5551
2391
6652
9464
8504
1450
5057
47
4947
4614
888
6468
3020
4506
4647
6862
4492
6681
8882
8598
2791
5827
2584
1559
6525
9501
7858
2482
9353
4983
3177
8933
3915
3005
1288
7768
5233
6304
9256
7550
4106
3451
1591
7991
4404
4389
2946
3645
7770
8652
2379
9316
5154
6409
5926
5726
7672
98
1823
3830
7756
1893
8391
7735
7953
3266
4294
3603
5004
2464
530
8265
7457
7469
9443
2954
3612
3697
3956
2352
5451
2327
8579
9332
6319
6284
130
7269
2468
5097
3711
6448
2401
7663
1532
3142
2002
1885
9196
5076
7961
5990
3360
2679
5703
3333
4975
2955
321
7674
2853
7766
4523
5144
7104
7131
2211
7453
3006
9211
373
5169
1719
8096
5984
2142
4425
8734
7017
5663
8381
6992
5458
740
6568
4048
206
620
1644
7917
539
3044
2637
8669
8191
7734
9167
1432
7133
9072
4590
4593
3151
5288
6509
4381
5847
4171
9375
651
7914
654
3580
9423
2013
6385
5810
2725
8922
3771
1902
875
8534
1707
6870
911
5742
7359
5203
589
6326
1164
5229
2615
9027
6189
961
6882
9006
1596
3016
2434
2294
8393
6736
6221
412
2217
2761
1140
2034
6105
3938
2741
4672
8422
1151
4088
4733
6096
7807
5661
5018
6801
3675
3290
8207
4667
2984
7218
8766
9055
6960
3842
4766
2466
2112
2087
6018
1863
8066
2580
5899
4071
9144
708
3920
3575
2364
2096
1982
854
2141
599
7728
3806
2644
6515
1552
3032
99
3647
7462
7838
4423
1215
8825
5837
4871
2414
4322
2072
1004
8746
4182
9395
2173
7762
5431
5464
4861
3392
8901
2066
3767
4825
8403
197
7618
1720
2742
8455
8289
1509
3844
1086
2007
6963
8223
7160
7058
4136
2424
9202
1831
5562
1305
8788
1618
2793
747
5304
7613
8370
8752
1358
997
8320
1947
6794
1610
9504
5695
2216
7494
4811
9477
2899
5409
4252
4965
3467
128
9025
8047
2262
7093
6587
2872
3469
7450
1571
7864
1065
7489
715
1749
608
9441
6470
8429
1601
7011
9286
2771
3268
3399
5017
5628
4939
1655
5436
4722
8725
7596
6971
9457
6605
6660
1279
872
5206
4601
408
8218
2197
2645
4447
2526
1113
7484
2388
1995
6210
6804
4567
6951
1877
8153
1868
7878
999
2307
7261
4271
7071
6400
4192
2696
2031
410
6471
5265
2931
3248
543
7954
8693
8198
6349
6983
5638
3043
951
932
1073
9228
4424
1371
9414
1320
1772
2413
6194
8673
2192
4798
6265
8792
2198
799
5034
8407
1130
455
1070
6263
3537
8288
5182
8594
8201
5815
1454
4934
5644
6130
5928
6533
396
2497
8350
2223
9549
5314
6772
1460
3640
5702
80
4531
2047
8858
2893
9510
7713
2060
5110
7271
3743
314
5119
4371
5826
2118
5325
3262
5142
4992
4862
4063
36
1918
7294
3319
2409
533
1530
2090
4638
6978
3198
4345
1952
5239
7228
429
8277
8009
4222
9174
6732
4005
5973
1463
5324
798
3682
4959
8878
3297
3955
1565
2936
8297
9131
2690
9561
2616
2575
2789
490
3706
8592
1178
8035
9456
5659
3717
9345
8538
696
6215
6290
231
7089
7031
6518
5639
4600
9254
4956
3879
5970
6262
5771
6661
873
1464
3867
2798
3059
1020
7172
3594
8142
9001
3337
7549
2738
431
893
1098
5286
1153
9452
1011
5078
30
3071
9287
2089
5462
5087
675
6426
6793
6291
5824
8607
2873
4109
749
1684
5922
6219
2585
9537
8127
2747
2551
6080
7921
127
4549
1045
9088
8555
2477
1780
2778
4060
8885
5680
4637
2214
182
4061
406
6622
2865
1753
4515
1321
2337
2675
293
6140
5379
606
2395
5366
1491
2208
6875
1368
1659
2240
5210
5620
3169
6968
7825
5595
7380
7971
7599
4526
3592
9488
6093
6834
6367
4018
6954
860
8266
1212
8158
6937
480
6436
2140
7791
8304
8658
4694
6410
8842
3445
2594
6238
4950
8514
8206
1542
8032
8160
5967
1888
4245
1847
1852
1204
9500
8705
6859
8585
8497
255
3996
418
1781
9145
8078
2490
7723
5328
3653
2707
3845
4571
6738
6698
343
3147
4773
5731
76
6176
6606
1214
1145
5450
137
870
5063
5049
360
8600
1299
5502
4102
5218
8562
5891
1053
3814
627
3796
5061
8237
3001
5894
3347
7406
976
3482
9084
1984
9175
2948
5081
2596
4485
1674
2776
6316
2923
938
7401
4626
7313
44
6707
4310
9246
6038
3063
8146
3649
5760
5915
8801
954
1727
4289
4500
4589
1687
7539
5574
5274
6455
9166
8200
6942
8773
6241
4210
7329
1922
1337
4087
6477
1574
8272
8969
7412
5754
1640
7545
1232
3024
5294
4817
451
5187
1569
4732
8949
5662
7404
8069
6293
9474
1217
731
3040
5228
2322
9171
7935
2461
5432
2558
34
5167
7178
2132
730
2422
6896
4462
1648
2670
507
5249
1476
5192
3710
9034
2550
4160
317
1262
7066
8812
6415
7458
2537
3325
6213
4922
5720
2759
8019
2241
3680
5980
8563
8291
8387
4260
6556
6697
5047
5751
3146
5804
5978
8828
6236
3317
8478
4174
6388
8528
8574
370
8905
4855
2131
7376
2244
2849
2567
1795
6211
1506
6131
2332
1796
9016
4904
3865
8171
6752
5643
8134
5230
6224
7245
1102
2026
7490
6132
1313
8118
6320
7410
6094
9198
1963
563
4533
108
1308
1063
794
1949
670
2999
6588
1446
5454
5276
748
2887
1783
1649
6636
6374
1733
7703
6557
6493
1001
4119
5264
4605
5522
3145
6565
6522
5434
2623
2481
7379
994
9389
6329
3719
918
3793
3542
3799
3061
7134
4565
4938
1535
8253
2545
1367
2151
7208
6230
89
4944
7919
6449
8438
1805
5611
245
2978
6059
4574
7562
4130
1087
7975
7559
2544
1096
3674
2275
5767
8199
6151
6028
7927
2194
8166
1972
2488
6611
3570
4008
5637
2423
3866
2901
5707
1615
12
6647
1127
2338
1857
5802
8398
1042
6543
5369
6529
974
5254
4408
5096
278
3822
1750
1062
3702
5902
2297
140
499
1520
3494
4147
9267
8963
762
307
582
4498
1451
116
1097
5813
5269
3196
1555
3536
3351
4569
9154
583
177
2122
1176
8328
3420
9390
1374
4064
8383
3862
251
483
3853
1937
2246
8617
6223
4155
8014
6538
7125
4104
7399
7758
1452
7615
7202
3220
6324
2548
4446
6743
5596
2123
7140
4914
3386
8848
7666
5347
27
4796
3684
3140
8829
3869
7141
5177
1519
6841
8396
8185
7003
494
5303
7113
8015
4730
153
3855
6682
8628
8657
2234
4214
7268
476
5103
3096
2375
6970
6694
8408
3598
3997
9014
1966
1213
70
693
3761
3973
8271
3393
3823
3224
929
5317
1118
6405
4725
3800
1186
6910
7472
2552
5360
7852
5532
5114
5672
9015
2704
6064
3234
2050
5215
2729
5874
540
9285
868
3735
7090
5633
8976
1907
91
6795
1389
3774
8558
7722
2250
4340
5027
1376
2494
3309
2333
3214
7617
6129
618
5646
5421
170
6761
9387
5517
4547
5947
4143
8495
2604
5384
2172
7338
7745
9292
3355
2733
6254
8508
3784
6277
3078
5143
5493
3152
7429
420
4015
1670
6331
8235
4368
266
9398
2094
7535
4928
5588
9186
7823
6365
4433
9449
2636
1048
8476
5674
7136
2130
5733
1517
6067
456
287
1993
8632
5803
3758
3439
3204
4290
1323
3595
1421
5109
6413
7464
498
8678
2143
9418
5349
7833
5911
1026
2952
706
4510
351
1324
5475
9018
2828
7204
2114
572
72
3606
6052
1547
8459
928
4711
6826
2410
3112
9135
5955
4627
7449
2633
9490
4787
1708
2292
3058
5997
6432
7866
4747
1543
3516
652
4328
9172
1410
6790
441
7047
6350
9024
8956
2152
4721
6532
8249
1391
1121
154
8979
4833
8985
2856
5362
3779
9119
3008
75
7707
110
5846
4932
2739
4900
7560
9205
2859
3209
6819
2051
4618
3496
3257
3782
7509
6787
596
4841
2721
5082
9307
5417
375
2128
6721
4284
9360
4554
7184
4740
5243
8390
5104
421
5545
953
2792
956
9523
1797
5609
8450
