157
285
173
119
254
146
214
122
155
169
256
0
114
290
31
16
227
159
293
185
143
38
294
59
222
27
109
183
295
164
229
65
37
156
102
168
160
112
230
213
181
299
195
62
17
279
170
34
193
162
121
55
99
61
291
110
266
182
297
33
211
52
144
174
147
220
118
305
232
41
60
30
267
221
289
97
26
64
19
51
123
20
303
117
63
166
28
292
171
304
223
103
165
287
224
107
29
192
53
215
18
35
43
307
111
255
46
68
190
100
225
91
113
106
284
187
161
251
115
179
301
25
142
98
252
154
188
176
152
271
21
50
15
49
54
283
116
85
22
69
268
270
288
120
57
175
158
286
178
45
67
191
180
296
145
189
48
104
14
163
124
300
40
302
167
36
39
228
194
150
281
217
210
172
58
66
44
212
24
148
151
56
101
253
186
149
219
42
298
280
177
226
47
89
269
216
184
234
105
282
23
306
218
32
125
108
