185
230
18
21
97
254
60
84
64
282
214
87
234
268
102
46
296
232
256
69
283
224
12
95
103
184
27
205
89
220
252
286
23
182
114
271
302
15
192
275
113
22
301
195
197
196
203
66
272
193
292
287
269
121
116
257
208
222
94
68
202
86
120
289
112
212
111
241
191
107
213
125
225
115
186
194
299
243
19
201
262
210
231
281
211
250
228
119
20
17
105
92
62
93
42
303
190
183
223
218
290
13
216
240
61
274
90
263
278
117
85
215
264
255
249
10
260
122
288
247
198
306
239
101
217
56
124
300
14
104
219
295
44
253
109
235
236
108
244
98
251
88
237
206
199
293
106
294
242
204
248
270
189
91
227
273
63
284
285
123
209
304
291
258
7
277
266
307
280
305
57
100
259
200
188
187
279
118
58
110
238
67
207
96
276
47
59
267
233
246
226
43
24
65
11
265
297
229
298
245
221
261
26
99
16
25
