64
289
101
158
56
123
168
187
162
104
159
133
170
154
81
160
224
208
69
221
110
155
42
209
288
291
48
130
190
79
205
181
285
211
49
150
161
45
295
167
198
124
51
202
200
287
296
76
52
201
157
184
199
122
65
125
103
206
195
53
282
299
294
68
83
298
306
212
164
99
141
177
107
97
149
96
129
138
281
98
146
203
290
297
95
44
153
207
88
136
100
70
188
102
307
86
63
43
186
85
93
71
84
218
163
41
214
303
222
73
134
90
178
92
183
143
172
176
156
109
166
54
46
135
300
137
106
175
280
144
147
47
57
169
94
293
67
189
192
223
197
302
108
152
105
78
180
191
216
91
75
140
215
171
58
80
74
292
226
217
284
72
182
116
283
204
59
151
126
286
225
61
66
82
131
213
165
50
89
185
127
173
174
301
77
13
115
60
219
148
179
194
128
305
55
139
220
132
62
304
87
145
196
210
193
142
