221
41
10
108
234
248
40
45
43
83
68
135
116
30
97
86
240
171
305
102
167
101
183
24
155
3
143
28
261
98
211
125
169
220
156
26
94
55
95
67
224
251
213
298
74
295
14
0
195
239
289
290
209
157
226
54
59
293
279
306
23
123
1
99
141
126
225
283
270
124
12
168
13
72
136
252
262
17
87
266
181
227
32
277
247
152
282
212
9
29
214
166
15
268
223
307
281
163
129
280
82
85
254
16
81
100
199
69
109
153
60
178
304
241
39
242
158
238
25
165
198
138
151
182
193
191
127
264
44
137
42
150
130
222
38
196
256
11
265
303
197
180
267
249
46
179
66
185
210
253
149
58
170
206
110
297
140
37
112
296
194
27
278
164
96
250
71
31
57
177
115
292
207
53
291
2
111
255
56
263
84
237
122
192
65
208
236
73
128
269
52
294
114
51
142
80
113
139
18
276
70
235
184
4
154
205
