103
106
228
37
74
137
122
125
124
72
268
133
259
4
264
175
24
16
168
111
279
5
173
65
113
263
142
213
121
13
273
119
224
97
18
165
157
256
23
67
251
260
107
15
114
147
59
159
128
248
166
134
104
180
236
151
38
226
21
20
169
136
81
130
131
255
12
244
56
127
161
265
153
9
50
278
77
145
270
19
1
176
96
245
284
80
26
22
10
227
250
235
181
257
272
172
68
261
139
246
138
233
105
171
101
253
170
60
148
102
254
8
25
144
70
155
108
7
79
140
269
232
78
116
242
17
306
154
174
143
118
230
112
83
123
285
225
252
115
2
61
100
76
267
258
63
6
241
276
156
57
129
266
94
117
150
274
160
239
275
237
109
271
243
73
178
98
126
234
66
262
238
231
62
11
167
163
158
287
110
132
152
229
249
135
247
146
240
141
71
286
164
179
75
69
177
149
64
277
162
82
99
58
3
120
14
