230
82
281
93
250
264
34
90
248
26
41
292
91
220
286
232
77
35
262
118
224
89
95
295
183
244
80
290
121
198
21
76
29
33
247
251
235
202
117
184
122
25
195
79
23
106
298
192
249
16
263
136
231
268
97
225
14
238
255
38
112
73
15
208
94
186
234
239
36
237
185
201
297
114
259
221
271
30
276
207
187
197
288
261
72
223
115
190
107
293
71
260
242
253
20
193
84
213
78
267
258
205
301
116
135
269
85
285
302
299
296
240
233
275
265
31
219
123
124
199
283
206
279
87
273
203
83
229
270
287
294
189
86
149
200
119
218
266
215
182
40
274
204
210
111
284
272
27
241
307
17
300
32
289
110
217
254
18
75
209
226
280
70
257
304
140
81
277
120
282
28
252
39
137
196
211
191
194
212
74
303
188
109
306
245
236
216
227
291
88
113
125
256
24
22
228
96
305
246
278
222
214
243
92
37
19
