330
304
151
762
192
203
1
457
470
450
322
674
827
289
486
660
240
194
679
68
377
673
498
788
363
17
80
384
347
747
413
309
298
426
411
294
542
1021
761
656
601
548
452
47
484
678
258
28
796
786
379
164
517
622
95
509
264
814
472
600
704
41
58
338
260
91
171
389
60
27
329
823
0
155
87
792
324
285
1019
812
992
133
609
869
684
810
287
437
198
512
429
790
1005
215
165
311
623
1027
603
549
152
147
25
366
385
687
364
12
481
146
243
85
358
123
483
159
921
491
297
83
625
988
873
680
785
292
128
305
927
200
31
908
118
892
692
440
870
693
344
958
835
412
669
841
381
319
93
524
468
391
551
30
515
33
530
607
37
504
314
11
52
170
770
831
976
710
853
313
950
715
59
81
169
51
822
462
624
73
172
348
56
29
791
821
195
688
936
602
698
424
336
655
474
211
902
431
241
784
746
783
513
940
5
417
1022
653
685
44
295
64
952
76
104
456
971
148
376
120
787
1001
332
141
713
621
882
419
886
689
471
318
261
492
610
877
663
356
166
335
546
606
451
7
328
990
654
66
967
543
284
361
529
174
920
924
620
923
197
1026
828
1017
652
550
114
55
661
4
63
903
106
444
915
712
599
90
53
705
760
26
768
851
254
847
380
533
181
934
1010
979
217
1004
465
293
374
505
57
605
1023
671
490
527
288
945
989
202
137
993
916
78
844
267
531
771
782
473
438
103
113
100
310
67
42
949
302
430
681
966
453
40
227
402
960
175
925
362
535
383
101
706
35
320
895
378
308
668
323
991
676
173
534
836
77
537
418
1029
501
110
15
672
209
965
813
798
54
351
88
748
544
864
702
82
32
105
370
707
518
489
493
502
150
648
296
427
291
826
1008
69
500
890
119
503
242
61
463
303
423
604
794
357
717
657
156
939
132
337
913
891
496
177
811
400
8
793
455
139
875
286
216
536
494
650
401
506
626
477
262
190
373
703
649
686
321
436
160
49
375
697
18
699
353
797
618
224
981
263
646
495
228
34
432
72
865
833
162
416
359
897
259
954
36
355
210
805
218
677
360
683
199
718
667
189
256
109
372
839
478
350
390
651
983
598
126
214
662
102
848
878
327
157
392
532
955
842
70
79
832
541
65
346
290
980
539
86
371
191
345
9
476
525
953
266
514
99
834
889
659
528
682
443
354
711
695
299
406
439
690
129
369
145
941
696
50
449
39
226
403
829
333
619
998
700
404
694
19
149
352
317
445
469
176
38
142
856
545
516
926
134
466
464
758
658
996
265
315
872
480
6
645
225
124
213
334
479
757
789
268
482
367
984
127
884
326
414
720
540
97
487
46
239
701
475
824
396
978
178
675
665
999
136
201
196
111
143
485
300
497
312
24
2
108
301
997
368
182
3
986
125
365
154
691
382
759
48
935
306
255
20
442
425
719
410
932
62
316
904
947
307
666
860
840
929
918
212
96
617
458
647
43
608
74
749
750
193
708
45
179
862
526
781
930
499
331
405
709
538
14
547
1013
523
664
866
168
938
917
122
13
670
257
488
116
325
388
131
876
23
349
887
