742
147
812
300
663
904
107
953
607
853
341
141
1001
102
551
571
540
87
51
768
460
852
126
867
389
930
594
95
387
433
578
244
342
403
964
748
339
78
720
307
37
94
617
200
71
117
63
558
13
478
254
1020
694
711
443
27
667
3
458
252
54
247
714
625
56
732
325
60
10
833
798
1005
251
41
875
33
186
434
547
190
680
690
799
545
59
879
789
402
500
726
308
658
191
104
951
105
844
169
777
922
676
315
47
790
150
561
1008
441
52
256
505
40
988
849
485
818
393
546
889
989
970
195
971
409
770
492
340
584
140
316
1009
972
610
927
899
614
837
917
423
708
82
257
597
148
716
67
653
456
165
797
439
22
250
28
703
31
679
532
484
309
828
677
84
873
304
728
669
719
937
859
202
462
894
582
942
564
541
755
55
709
622
471
260
112
26
903
201
997
906
196
430
681
166
830
514
42
171
119
661
563
814
772
248
7
48
802
652
14
16
45
499
501
573
482
673
30
721
192
633
936
38
474
39
203
76
25
606
994
568
168
992
731
556
620
991
723
79
687
966
509
19
998
968
787
319
905
122
253
967
323
502
851
481
890
198
35
863
948
672
50
949
164
605
263
1011
467
734
918
124
747
730
29
753
881
383
506
683
255
838
531
915
581
886
486
908
741
925
977
145
712
990
258
510
508
784
907
395
559
120
660
53
819
172
751
542
685
553
642
810
488
131
476
89
65
608
671
699
640
480
891
919
884
657
792
483
475
982
665
794
954
2
909
473
312
392
8
840
507
503
901
692
639
127
548
533
848
641
560
305
626
911
156
928
417
496
324
386
835
1004
785
419
700
245
629
0
382
832
935
320
46
343
1026
180
847
980
543
498
756
914
391
72
143
318
585
616
494
735
701
649
246
934
827
445
302
572
125
939
170
326
776
420
491
23
537
981
969
174
841
592
752
472
882
834
791
490
12
1007
583
97
390
314
1010
986
401
495
811
740
710
898
824
621
926
406
100
176
487
978
825
557
656
178
836
725
327
380
469
110
826
815
301
193
194
549
929
674
932
497
613
58
99
727
479
11
646
151
435
957
313
946
306
618
706
645
788
995
619
410
793
984
609
103
688
961
722
655
985
436
862
993
408
874
876
746
504
1014
702
704
512
921
80
923
769
477
612
691
149
321
858
975
724
996
630
465
43
379
749
6
426
405
962
816
64
447
328
197
831
693
5
397
697
931
596
627
17
947
189
448
820
21
199
806
310
249
158
668
108
885
717
678
829
163
1
142
743
938
715
952
493
1021
154
36
133
394
74
698
454
24
461
670
854
1016
123
446
511
857
20
1024
398
407
943
68
421
317
187
44
864
262
587
135
684
866
733
695
544
73
15
786
634
303
664
81
1006
259
944
101
624
413
422
566
322
912
628
611
659
686
77
452
311
795
432
813
562
415
883
888
118
428
34
146
648
1015
1023
513
796
1019
580
489
153
61
85
707
188
771
538
850
554
987
754
880
817
184
385
57
66
299
945
555
449
963
49
615
869
185
552
750
128
933
130
62
9
32
807
623
773
261
539
839
18
459
666
381
4
173
900
974
729
