259
111
614
927
77
555
781
534
792
856
622
283
362
664
722
143
771
371
519
609
760
423
859
92
864
690
571
766
298
528
586
285
417
966
195
108
851
669
639
403
725
241
527
369
683
776
657
437
86
860
141
573
317
794
364
419
843
890
748
905
648
353
344
265
347
652
1000
288
453
414
714
585
870
782
704
638
681
387
761
784
348
456
540
0
504
948
769
553
392
507
1001
728
327
773
270
404
697
780
537
208
739
140
98
326
696
670
276
384
628
944
713
334
373
744
833
1013
764
685
96
666
577
209
394
132
451
104
680
464
530
82
702
857
789
397
656
605
933
541
691
976
785
426
649
81
205
1018
1009
712
978
646
385
710
316
842
576
427
268
267
257
199
954
568
470
981
393
711
517
613
991
266
903
269
368
767
564
899
983
514
970
422
709
698
618
263
203
799
995
97
499
647
239
587
401
629
204
674
990
885
610
102
738
463
90
107
788
255
271
597
346
433
754
381
416
264
772
617
727
662
466
138
921
462
546
337
240
801
469
279
869
295
724
395
214
692
390
637
314
273
968
402
642
793
532
511
374
1014
755
359
774
442
675
544
319
538
100
224
455
243
943
619
849
630
1028
211
332
545
717
853
749
707
578
937
721
202
877
515
667
580
376
796
219
278
673
604
623
389
762
352
112
737
988
550
461
633
742
286
254
277
1004
429
543
345
592
624
740
797
594
525
411
325
343
450
852
703
405
85
297
795
589
729
757
93
318
907
407
460
109
509
926
535
625
274
779
894
80
215
502
201
275
210
596
503
934
677
567
716
570
367
881
103
574
207
363
583
686
293
620
443
887
529
562
950
434
1008
601
598
838
718
770
500
745
687
206
551
396
256
260
572
777
957
984
918
458
439
379
947
261
520
513
292
734
753
291
631
915
220
468
565
606
430
212
790
508
841
741
280
134
289
591
1027
720
886
144
421
920
388
329
695
891
659
615
457
91
559
679
94
142
431
701
383
561
516
198
632
350
929
791
962
330
765
1010
105
672
640
217
412
438
536
539
435
750
554
510
581
1021
1016
634
331
655
627
294
835
413
923
194
603
139
705
522
844
635
658
110
768
89
506
663
1026
228
420
338
223
333
282
225
465
341
682
216
287
213
87
998
694
834
372
930
660
862
653
440
949
361
651
366
549
505
336
787
575
200
258
874
626
746
410
137
556
84
1017
654
786
992
227
636
999
932
526
935
676
408
945
106
756
847
449
763
424
445
752
76
730
542
501
913
83
751
831
641
595
281
566
715
365
406
758
616
399
708
335
548
552
95
599
861
931
621
607
88
1006
377
557
569
518
398
378
558
99
689
778
521
340
418
242
133
925
699
218
759
693
342
602
700
135
563
375
706
101
735
425
370
197
447
328
830
79
432
643
339
320
684
901
226
732
262
584
747
880
775
668
688
588
723
783
523
290
671
1019
360
448
524
600
222
884
547
272
391
446
459
78
349
974
444
882
579
296
731
940
612
196
987
533
911
645
928
910
650
560
719
593
409
608
665
512
284
964
726
315
644
386
611
743
733
736
136
351
531
678
973
798
436
221
582
661
452
953
