611
742
172
612
599
785
678
528
806
727
587
103
419
136
823
120
86
610
319
93
452
963
160
570
716
619
427
56
474
331
394
770
388
494
523
326
81
886
1008
565
860
338
722
600
110
85
345
702
946
567
537
391
843
899
720
348
44
132
759
324
156
728
300
586
766
817
792
101
670
1021
765
395
486
816
706
811
497
100
296
732
375
969
573
712
580
49
819
175
498
354
615
52
995
161
967
734
871
90
482
164
729
392
130
133
485
646
489
780
539
261
602
468
680
694
674
405
62
834
637
864
298
987
152
64
947
699
92
551
481
709
831
346
641
550
541
68
558
783
794
373
484
555
581
50
330
675
466
414
624
590
813
983
822
371
344
644
760
689
723
733
544
715
676
89
572
41
299
736
707
490
903
108
400
153
748
77
927
737
426
651
666
1007
377
807
119
962
768
842
582
618
679
335
763
154
758
645
536
18
328
170
688
592
301
744
79
14
137
307
714
321
325
830
921
749
649
700
687
547
376
867
360
788
849
653
114
568
701
877
87
55
904
134
83
533
890
138
625
372
913
15
791
978
990
179
639
669
1024
771
38
46
991
151
72
306
560
571
1006
492
105
353
91
465
686
342
157
475
548
21
174
148
708
74
1013
840
142
633
1011
1017
78
361
642
556
597
818
691
215
333
883
596
667
43
584
997
370
574
369
109
566
63
772
406
974
773
393
850
351
998
107
575
721
401
654
838
123
1028
704
626
329
621
752
118
923
776
162
549
1023
177
643
126
623
605
719
180
139
563
761
774
620
988
214
218
125
640
496
958
37
439
725
984
173
96
70
22
495
955
629
527
968
182
532
589
976
579
656
875
613
755
634
525
814
17
954
16
949
905
717
150
35
149
966
20
635
884
672
703
754
906
657
731
315
713
569
374
440
603
217
762
320
545
472
318
647
636
442
131
181
48
891
429
367
176
588
959
84
95
681
856
355
561
47
432
303
168
332
146
915
630
683
488
350
165
787
155
609
940
158
128
658
745
782
183
382
711
583
54
920
826
775
851
950
751
1016
40
628
833
73
308
784
553
102
895
665
53
69
821
746
347
660
992
859
777
106
608
66
810
524
479
297
824
692
655
841
757
594
578
887
115
795
45
67
938
604
789
363
730
809
986
529
585
104
80
790
471
673
738
1026
341
540
815
58
39
19
710
141
652
99
866
638
808
663
552
999
404
900
542
835
314
323
534
111
340
769
892
778
487
697
476
598
82
337
695
302
662
159
349
127
260
334
546
143
122
820
336
825
458
352
113
779
664
59
112
698
416
671
627
743
562
616
535
262
76
135
786
480
216
650
145
1004
259
339
413
491
718
166
57
316
322
356
383
607
368
750
530
1000
526
453
178
601
493
88
65
124
593
477
747
557
378
60
861
741
577
896
591
445
606
622
362
696
559
911
705
317
169
735
682
739
812
473
617
294
793
661
684
564
614
365
685
23
648
531
327
595
478
781
753
147
97
129
668
357
51
767
926
677
631
263
724
632
42
869
171
576
726
295
343
538
366
764
358
483
740
953
756
693
305
116
543
690
1018
364
455
304
554
659
24
359
