647
452
921
667
1000
284
807
764
137
763
223
649
17
512
1015
946
511
456
171
426
755
882
496
380
427
973
752
851
1
582
118
494
134
659
562
673
758
880
18
856
4
789
747
165
478
379
638
718
891
183
153
142
121
746
486
89
888
19
917
54
40
871
154
1027
106
219
85
944
981
766
951
890
708
931
657
206
45
909
483
689
962
556
458
56
806
254
772
374
466
596
530
208
498
956
797
383
540
934
43
79
160
702
910
531
88
507
516
83
911
538
3
351
430
107
479
266
103
167
792
491
469
904
261
798
927
100
751
34
78
227
870
114
598
412
73
129
180
480
439
503
55
827
459
769
258
66
264
96
236
231
682
672
741
735
588
131
472
497
297
47
564
653
1013
7
547
265
816
234
515
665
894
603
761
550
729
660
972
143
903
345
525
228
712
148
162
996
411
734
684
49
867
493
468
63
445
44
9
477
648
215
490
421
994
1023
527
59
762
179
221
292
967
27
377
473
139
828
172
93
164
235
978
957
417
15
866
132
390
105
32
887
601
425
20
22
820
749
406
578
205
592
230
222
12
462
175
933
698
586
109
929
432
945
770
567
138
50
644
485
51
535
748
799
1014
939
25
961
207
182
501
435
226
953
225
703
777
116
353
263
141
595
632
885
194
218
204
16
416
923
113
197
662
846
651
707
825
84
429
720
69
925
65
146
652
785
488
804
112
508
992
732
391
144
130
787
111
376
886
24
756
713
298
410
905
989
883
422
692
348
387
517
375
513
260
835
831
878
537
382
768
771
436
216
857
774
926
442
388
875
201
656
733
643
476
1006
529
837
843
1026
487
555
791
688
900
1018
38
821
589
346
645
181
1028
174
893
136
482
29
999
389
784
928
238
661
11
1003
850
296
123
743
199
1019
166
26
639
465
10
680
196
683
750
397
233
474
394
198
788
706
628
115
980
401
964
495
489
679
378
637
984
604
232
161
695
159
677
80
347
395
830
492
448
685
169
932
963
259
95
124
918
135
460
826
350
464
396
995
386
899
76
654
57
569
256
217
1024
451
506
541
965
290
581
546
440
33
423
700
92
77
528
288
767
67
446
666
157
950
408
433
128
697
968
717
352
790
523
954
705
293
822
691
126
524
170
21
563
709
147
988
484
200
627
802
403
86
6
987
28
833
499
453
122
650
46
983
948
72
220
384
819
773
195
510
152
901
424
450
876
224
561
949
549
796
461
158
257
289
727
849
990
90
409
102
392
696
481
504
255
262
902
760
176
155
924
640
414
267
287
859
475
420
463
935
576
898
881
920
98
600
663
539
730
759
214
438
294
583
437
75
823
151
574
405
817
966
726
552
449
915
714
776
286
455
518
91
536
349
855
716
693
97
786
149
203
602
699
753
631
731
754
832
526
655
599
500
839
471
434
295
13
443
719
1012
229
675
101
668
99
23
742
818
70
125
505
82
858
291
502
145
202
407
119
676
930
108
803
344
728
74
1007
938
177
509
37
2
534
514
385
838
681
842
0
568
168
447
419
862
765
398
757
869
1016
941
943
285
974
68
1008
795
579
268
413
805
715
120
41
393
577
815
