398
575
890
923
346
572
385
83
973
663
1006
348
854
258
844
432
1028
137
974
23
921
351
319
659
900
113
686
699
335
611
242
339
948
609
152
407
592
625
660
246
373
11
570
345
240
302
608
241
349
705
29
657
16
626
879
1020
70
136
851
315
912
369
140
559
808
160
353
59
620
565
1008
396
679
284
277
965
1007
121
557
130
260
326
259
1013
842
276
830
312
820
916
836
664
822
697
880
899
987
108
984
567
250
583
106
843
263
430
718
719
460
983
457
114
310
935
584
904
48
86
419
894
469
534
710
821
704
467
803
547
403
677
167
347
538
586
545
35
248
656
589
796
990
414
804
405
632
859
911
959
606
888
1018
271
1024
546
938
1017
56
182
333
157
903
254
1021
133
399
382
134
845
178
871
577
163
612
946
801
662
878
417
155
671
863
869
857
247
397
1014
376
883
34
445
556
433
13
881
601
824
991
1019
647
594
387
917
819
624
1010
264
1026
332
375
919
940
104
816
21
1015
540
653
909
22
183
320
3
317
342
266
249
379
330
551
274
628
667
275
997
927
50
306
115
279
420
1011
81
585
537
278
961
62
300
441
665
905
595
162
892
173
700
630
574
972
967
918
338
400
440
835
992
1002
897
158
383
907
994
15
344
129
67
406
401
409
588
536
963
428
564
1003
286
415
571
590
798
301
239
1023
66
422
683
1001
343
1004
885
802
701
468
394
910
867
599
976
800
68
605
25
327
902
454
168
161
576
846
995
926
442
887
640
694
63
0
459
549
573
629
823
849
717
470
569
262
650
861
111
702
303
633
587
602
839
381
434
109
928
966
532
255
618
329
812
54
579
51
696
716
875
37
827
287
619
856
877
688
309
977
553
55
243
864
670
456
813
993
127
581
418
915
305
328
850
177
256
698
132
466
374
402
350
627
945
378
580
288
308
874
805
102
621
19
797
416
814
858
978
408
840
870
323
566
388
799
837
267
674
562
340
669
461
623
311
135
446
600
649
110
175
318
960
1000
708
431
676
957
841
443
852
687
596
712
901
939
435
855
806
930
638
795
1009
427
2
709
634
550
372
680
180
793
321
944
24
92
937
384
615
715
891
88
792
395
325
591
631
828
380
304
544
316
270
84
245
866
941
684
337
107
531
282
578
817
956
884
648
707
370
90
636
908
1012
453
682
825
89
711
675
970
265
112
831
818
404
131
334
98
834
893
541
99
582
604
610
153
150
10
914
607
285
617
341
685
886
695
138
314
898
971
616
448
252
896
87
826
322
455
979
996
811
554
371
543
257
810
838
57
139
32
558
429
46
999
637
253
386
639
691
635
654
920
85
377
998
336
862
324
658
116
179
962
988
913
692
641
535
272
154
389
1016
924
548
646
703
622
673
980
159
156
52
71
181
533
981
542
882
933
652
39
847
932
93
853
597
69
794
645
1
655
76
598
280
661
833
299
145
273
447
860
690
614
613
269
94
261
307
91
560
331
713
352
458
568
144
421
720
251
666
563
444
964
561
42
876
603
942
313
982
4
36
968
925
678
807
651
281
689
552
79
539
283
9
593
244
975
268
117
555
122
815
75
951
1027
176
