265
577
33
200
329
2
40
239
666
700
541
353
96
492
629
572
635
78
709
704
963
279
73
685
465
531
362
375
250
482
193
794
971
626
164
502
76
136
174
790
697
103
543
166
520
637
765
599
140
778
762
684
173
552
160
719
415
744
625
345
372
454
562
171
207
100
566
357
217
272
721
501
235
262
179
735
540
41
341
135
86
254
243
304
603
238
429
378
817
958
506
590
30
59
340
368
5
138
814
784
148
761
44
151
285
715
82
640
647
748
122
594
88
62
427
494
189
453
643
598
486
582
80
460
413
282
706
408
347
504
967
66
616
34
751
478
144
798
288
815
338
240
425
593
661
145
491
468
192
232
149
418
573
633
561
29
74
553
406
137
210
738
419
820
182
365
576
474
727
479
178
339
702
350
816
53
686
604
470
28
696
813
98
823
108
477
194
800
417
348
367
13
627
126
31
461
222
484
645
466
614
966
522
169
38
770
114
229
142
81
622
791
620
768
764
714
319
410
147
323
105
668
617
725
124
134
99
475
527
558
556
613
67
349
130
275
832
71
158
85
358
330
455
485
107
170
687
312
25
139
220
621
24
610
6
564
812
131
268
327
310
83
611
245
677
968
793
740
3
568
827
428
267
298
676
295
462
219
84
956
115
788
305
675
515
606
156
90
806
141
659
154
619
496
602
213
821
205
204
689
17
510
618
490
308
826
202
528
514
716
132
302
129
133
318
711
665
649
172
660
574
162
12
476
237
797
795
615
42
508
447
233
102
269
623
64
373
322
49
414
87
248
377
10
284
532
521
8
650
498
457
230
258
198
609
280
787
18
747
580
608
335
218
199
337
277
954
146
294
168
167
188
705
792
422
52
352
128
644
249
464
21
208
559
683
360
481
290
111
97
544
796
314
203
526
586
163
483
307
22
92
252
452
581
15
292
458
259
187
431
547
964
530
263
320
641
722
763
652
297
449
535
159
752
165
47
247
648
7
672
600
707
45
214
68
54
570
91
742
412
717
89
655
772
533
578
355
70
493
209
255
450
110
39
664
411
278
554
273
185
731
509
125
810
223
808
1028
757
729
758
500
112
328
1
197
653
511
605
421
656
754
674
228
585
287
497
161
293
472
175
588
143
549
113
970
155
303
253
456
657
724
225
94
803
242
370
720
184
16
369
563
713
448
11
766
283
72
289
571
489
46
732
579
325
36
23
20
730
423
805
324
646
363
658
407
525
712
26
799
534
631
215
692
234
781
523
416
224
726
212
539
701
463
354
309
774
755
487
344
101
364
690
56
359
529
503
542
445
654
671
180
957
177
507
557
190
315
673
480
409
260
771
426
718
524
55
123
274
19
332
519
35
299
4
969
756
343
651
495
58
75
550
785
51
538
109
61
760
499
374
551
300
181
569
195
584
560
451
57
575
708
227
736
596
152
14
516
819
95
77
43
264
505
60
669
32
512
65
157
50
27
776
430
79
104
48
783
699
334
749
518
93
459
313
317
565
955
513
183
424
106
446
153
583
517
257
63
270
769
469
567
37
333
176
9
746
127
467
342
691
488
150
420
244
734
688
