737
69
1010
279
122
67
721
18
486
168
74
48
989
513
232
907
426
896
277
690
66
31
732
706
700
334
938
1005
356
355
979
294
873
688
870
331
1027
779
756
148
551
222
278
235
534
453
860
587
144
275
281
452
657
255
468
945
947
56
922
680
268
1004
123
802
958
36
895
50
574
540
544
543
54
731
634
361
557
859
1025
53
449
1018
500
22
538
243
582
630
349
653
550
784
223
165
875
727
135
780
662
367
95
959
238
869
592
395
6
126
30
1026
567
854
840
357
713
333
369
68
389
939
207
229
918
436
879
738
641
807
141
15
61
640
423
955
21
343
744
511
102
876
17
353
16
1002
548
750
639
743
742
491
257
778
143
388
589
233
547
487
837
901
147
352
983
220
942
438
158
660
520
729
13
519
75
52
23
9
820
242
431
339
1009
217
1000
978
590
797
373
772
948
542
79
289
219
887
381
65
47
29
889
337
663
685
342
335
554
926
408
371
969
146
96
659
280
643
283
41
370
684
466
775
27
2
40
239
537
120
258
51
93
208
460
781
42
266
974
666
354
852
73
288
987
652
488
236
740
846
237
140
953
722
206
166
808
827
332
121
541
72
196
1021
970
442
198
931
804
514
49
59
382
539
8
853
1014
372
455
790
845
773
770
562
570
351
1013
410
902
241
291
642
916
495
81
866
1006
561
227
848
636
635
903
162
831
782
112
510
726
832
1023
271
667
380
44
213
532
596
724
506
796
493
884
755
1011
752
390
723
628
637
118
171
270
774
267
149
816
440
844
464
920
851
798
850
85
127
697
988
745
496
98
43
751
172
1024
494
215
344
404
834
205
230
788
954
521
368
739
1
64
504
864
552
385
1012
579
169
1019
203
104
509
576
716
806
264
341
24
856
290
490
94
843
358
38
935
536
197
836
199
295
210
167
221
830
204
746
891
857
265
360
826
434
212
1003
735
116
347
984
28
867
287
809
33
142
1016
285
359
1022
489
103
934
63
522
565
20
209
950
754
416
421
0
346
936
923
503
70
366
701
777
966
644
669
330
194
595
915
828
58
131
952
201
336
728
991
231
1001
1017
861
683
409
749
412
981
815
560
748
384
329
505
817
150
200
708
444
508
282
34
12
7
1020
211
818
119
492
76
345
284
803
928
350
933
499
799
678
26
805
397
531
747
546
101
338
963
502
164
946
298
139
535
930
924
507
591
269
383
1008
226
593
734
863
588
403
568
792
714
712
293
994
228
569
195
877
296
25
677
993
451
890
396
425
819
847
725
100
927
629
401
292
386
791
394
77
549
363
776
1029
348
414
457
402
800
362
872
586
753
997
572
921
108
865
5
633
965
882
932
911
906
45
885
273
37
400
900
883
581
564
555
256
892
234
485
577
71
533
825
117
783
986
418
439
632
240
829
3
405
398
985
176
97
19
35
801
145
647
340
668
387
274
904
868
427
693
99
216
730
364
465
254
501
1007
170
218
78
214
741
631
470
365
566
14
154
733
855
429
39
124
272
940
413
849
558
224
862
967
46
964
89
789
202
545
512
736
795
627
448
689
125
597
638
286
163
276
173
695
80
297
447
575
60
180
225
