44
928
1067
445
1516
1063
146
443
338
18
1357
672
149
756
78
1573
478
123
470
1598
388
14
110
242
1326
845
1457
1524
1279
1193
1506
121
477
1233
883
1278
1248
1240
419
499
722
769
1085
1406
339
800
1173
329
1490
482
571
1299
1274
1098
391
512
112
699
557
144
79
494
180
614
374
828
1258
1399
1548
930
594
459
230
1578
1271
867
1549
667
554
1595
1264
1192
60
650
895
527
869
723
24
89
7
1206
890
719
745
257
344
1498
274
1203
1531
706
1161
781
1158
991
785
347
1540
479
866
766
500
314
787
560
848
1191
1119
421
1041
208
1390
686
1434
1442
637
448
42
411
1418
156
1012
1376
863
1186
1346
1068
927
1268
87
505
1432
380
601
61
1597
615
815
1114
1030
341
23
1231
283
598
481
911
603
201
1253
1450
137
792
1058
539
522
252
574
433
335
398
394
1448
1529
1558
177
517
324
1144
384
903
54
649
1053
249
633
1145
1413
368
1272
663
905
1106
19
437
1034
439
973
897
960
1280
493
330
671
37
1569
1155
1225
924
1313
1479
1446
1088
510
1522
1262
1411
881
378
975
1113
999
1441
791
1102
161
887
1136
268
346
884
38
462
53
231
253
1174
77
444
864
1497
28
451
994
1455
575
92
355
1052
717
46
942
962
258
1384
932
64
88
1273
509
35
548
868
639
348
495
1536
86
229
94
556
1440
403
900
280
1314
1195
821
148
17
623
1238
888
1154
281
310
464
31
740
1556
788
325
396
1317
1
1160
383
129
619
995
865
315
1344
450
1335
438
678
307
63
1579
454
309
835
933
677
917
399
536
296
768
935
429
611
786
1325
997
572
653
1470
1407
1166
856
159
158
507
502
20
847
1473
562
1123
998
1159
1404
381
1559
305
582
741
854
655
295
58
910
718
84
1135
397
969
1208
855
964
665
106
794
679
926
585
157
1265
1391
1121
475
949
1530
164
652
1143
4
1565
1061
417
1056
535
1471
56
1157
760
163
597
400
1555
430
904
1364
674
862
367
107
738
240
1489
432
588
114
373
814
561
1436
226
244
1381
1594
1426
187
629
646
345
474
190
1223
1349
360
364
1554
441
300
308
1370
468
1153
922
599
154
496
1300
1362
696
1020
729
858
1047
730
1204
1011
873
737
3
1171
115
1467
188
1561
1252
625
1508
1533
247
954
1453
32
272
1510
656
1133
1521
503
83
1117
1480
402
27
250
1214
1054
140
1242
1249
1582
812
93
1038
1481
936
498
988
486
1035
1377
1017
1100
222
76
860
789
1512
657
591
996
147
893
752
363
133
155
189
1182
919
963
813
370
125
1014
538
581
395
485
1532
33
876
423
645
195
1577
967
1316
1550
878
743
1596
1075
1140
265
127
1560
1484
748
892
1086
1422
1587
191
732
697
1170
1443
1574
1081
1111
286
640
569
446
803
1270
1120
1218
759
425
742
1071
1275
1487
1074
1079
513
168
418
1464
483
21
654
690
1385
1301
853
831
1021
1551
1322
641
684
1491
12
130
332
361
1591
302
795
1360
487
551
1296
801
1137
353
1060
238
943
1259
1557
409
669
596
245
29
1552
183
1162
51
784
920
857
1194
1517
668
1412
1008
1246
95
1541
1477
793
1488
841
1196
545
925
870
1304
126
1478
484
1547
1519
198
1245
861
1059
1454
1373
524
59
1332
91
1055
111
1127
555
369
543
1099
680
1539
200
196
357
1126
945
469
132
874
993
1018
165
1423
1109
1199
651
128
1229
1090
1181
521
728
1323
1544
1261
134
871
616
986
1269
1178
542
1571
426
304
1228
1084
81
136
1416
916
767
902
455
142
987
480
1403
1433
320
1070
98
695
558
1198
514
1486
838
246
1415
829
872
151
1028
100
179
950
779
15
816
1511
67
1324
711
731
643
1095
1319
1372
989
1438
984
1592
692
846
882
1072
1437
700
1334
953
1476
879
1398
901
908
1435
36
809
688
1371
1219
1122
1267
1295
117
358
889
530
52
659
1501
1217
664
1237
80
1089
529
1019
331
844
466
1460
1115
726
1266
796
609
1152
852
636
939
1151
624
830
1116
465
1175
1321
822
907
389
65
181
977
894
386
1051
691
1224
463
899
811
1197
1359
116
362
720
823
642
508
1365
1292
431
377
1040
1247
1092
839
891
22
644
776
1128
66
221
1205
299
948
279
96
833
449
958
511
724
1168
618
1461
1287
1243
979
1474
301
1366
109
842
580
1256
1138
326
906
501
622
1505
145
931
966
390
544
710
1132
50
941
276
1213
471
428
1534
1345
1515
452
1537
1026
1130
859
472
5
523
702
293
1076
1232
1027
734
118
1503
169
681
34
359
676
1149
206
178
877
824
541
333
1015
184
62
721
173
553
701
777
1581
289
1239
610
1226
1165
447
254
604
1333
744
1241
1307
1553
385
1447
537
434
1492
532
214
408
440
1392
442
826
75
90
565
1097
934
617
546
216
733
1080
589
1148
1176
303
525
1129
435
131
135
1284
298
218
393
1057
770
1420
552
212
141
504
241
1050
1260
673
1298
1538
972
1254
199
182
586
990
518
832
1125
233
783
227
1499
849
985
520
727
292
531
266
122
1036
328
937
85
802
775
976
392
1147
0
124
1285
243
1449
406
1445
1082
1250
840
197
340
1209
1410
1327
533
1200
579
278
583
1234
1475
797
45
749
968
294
1009
47
1124
1458
666
1520
375
1389
1409
1593
1013
251
1105
880
1000
407
1514
1472
1465
321
256
1402
1255
923
264
755
366
754
297
205
1066
410
382
1494
160
1414
