982
1474
1460
331
1478
179
353
971
320
1505
514
245
508
1249
368
1446
1556
1313
133
627
1076
1375
1241
619
155
50
280
641
419
846
447
834
329
665
840
1594
1203
1192
606
1356
553
343
1546
346
935
864
507
230
640
202
268
842
1494
1039
278
584
1347
1142
1506
1220
265
1558
442
176
633
1335
1364
339
1288
1221
1194
197
1242
358
1378
48
429
1093
402
727
1574
900
1397
934
511
780
455
41
1525
1523
1470
1399
743
367
467
450
1235
1147
1317
1542
744
285
441
530
466
662
480
1497
301
939
953
914
651
989
590
1374
1314
812
800
832
1547
1527
96
912
475
788
1492
1566
1214
175
571
1034
1442
244
420
700
905
1432
1233
1588
1513
390
148
839
1048
505
504
565
1001
1219
911
76
639
235
693
483
579
1562
30
400
775
481
542
539
785
614
1059
742
1351
949
1047
561
889
1281
1119
1350
1570
1437
890
941
425
709
348
1540
459
794
695
359
827
1302
1447
238
1334
416
1207
833
1452
254
1102
1128
222
1534
637
389
67
1211
1117
1187
1450
1443
509
347
1022
1005
1565
791
295
564
408
191
395
1567
848
1056
159
438
305
609
669
892
1596
1410
1252
851
308
1037
1498
680
1190
1491
779
813
137
733
910
378
292
1270
226
518
1002
1326
768
407
1369
1035
349
1411
711
1094
350
7
818
1224
850
786
937
1516
1569
326
969
1587
423
902
418
624
335
538
906
957
728
52
1061
836
1215
476
1008
555
1439
576
950
1176
403
1181
1255
351
1469
1407
865
1177
460
856
1434
150
28
10
926
1551
1118
529
1159
1362
1161
909
1272
1185
987
1486
1067
1031
1529
1539
1403
838
723
770
497
229
256
517
1114
259
344
40
532
674
1257
534
667
363
1508
119
776
1466
547
1321
1149
1591
1582
653
490
1531
998
454
1262
675
84
1266
524
631
1543
1163
426
1248
1170
271
63
277
1213
1590
291
872
1289
1116
586
396
143
588
89
484
1015
1487
411
878
1465
814
1598
572
574
1125
1075
1095
894
342
462
854
366
1514
1553
999
946
1044
1448
592
942
1461
593
453
457
1168
558
397
1367
1085
875
118
676
691
551
1189
907
523
210
372
1228
502
49
618
212
596
1416
913
1511
3
1348
715
362
885
1115
1390
233
376
1468
1550
1080
1234
983
489
1113
498
1072
1548
1271
575
307
205
421
811
104
1096
1589
871
491
365
636
1028
107
14
44
798
1584
325
203
1107
315
923
732
1239
1413
526
819
643
1440
888
446
908
432
610
1436
357
132
782
1092
520
182
799
658
616
512
1495
1060
1133
1475
1337
1300
970
557
286
297
146
1244
468
12
369
15
299
430
364
802
731
659
591
668
1009
1392
1316
472
1381
1554
516
1394
1398
649
762
721
580
1298
1579
704
975
577
1268
330
550
474
1415
1182
398
581
168
1160
1535
853
622
458
1349
1070
1050
554
506
738
876
601
1158
943
873
1532
978
1484
1010
85
1301
272
860
991
1417
323
756
891
486
1131
980
1261
243
1454
157
215
777
417
473
154
1485
503
1522
1327
615
642
764
129
45
897
1082
1136
1063
1020
414
180
1021
573
849
903
120
289
200
1455
625
1593
1320
845
513
487
1563
485
1309
858
841
1007
1208
1538
1140
144
249
820
761
324
1130
607
656
241
437
1536
1306
97
895
456
1030
1066
1144
1172
996
328
1473
825
1377
94
252
1423
296
257
694
1521
1571
510
519
1209
60
797
125
375
652
525
178
719
174
167
1358
317
1295
312
464
569
250
1126
283
1578
68
608
1019
151
859
1259
394
1178
113
936
1557
25
88
439
501
821
582
445
75
979
1499
679
1581
816
663
478
227
1409
1286
1520
1537
38
556
1043
465
1519
1137
1191
354
1206
867
1129
837
1284
276
1573
1193
945
831
340
1183
1336
866
1585
156
1042
1258
874
470
269
428
1572
993
1311
1227
1157
660
748
31
880
1476
1597
1279
409
196
829
1512
916
131
917
298
1188
568
962
1111
787
495
1088
792
783
355
391
749
77
1052
410
1003
822
795
39
338
377
1265
1583
24
64
1530
1006
765
199
1068
1223
611
1084
435
433
603
294
192
1359
1285
1089
702
549
545
1355
741
319
1184
729
1164
994
1338
701
33
261
370
1297
1414
237
1488
183
886
976
318
1422
336
201
544
181
122
1204
1482
316
392
1225
599
1267
1109
759
381
449
1435
883
1515
587
20
533
1328
1090
686
687
540
771
440
185
1471
1545
1490
34
1322
1389
824
1366
884
1205
1467
1127
65
279
95
646
1524
1510
482
1324
948
938
443
115
341
570
1552
617
1011
310
142
655
739
815
583
444
992
1464
725
1384
697
246
1517
1357
1592
1360
810
471
548
696
698
904
1122
284
1480
595
968
1438
760
1308
1237
293
327
1307
158
657
589
74
535
706
492
1292
59
843
1449
961
781
626
1045
1210
236
650
559
1325
1186
1577
560
56
981
477
406
1049
198
78
861
920
1319
763
541
1526
940
1171
1502
1555
710
488
1123
974
966
1477
1269
164
209
772
863
1346
1121
206
356
1277
699
597
321
184
823
204
986
1143
452
1564
879
1280
83
817
1058
664
714
784
345
1153
527
1175
374
684
531
1154
887
412
1456
1041
766
1503
427
893
963
264
413
1212
745
51
80
578
1444
1124
1489
844
972
166
536
121
479
997
958
240
868
730
670
1151
930
1016
1166
552
956
434
672
1462
1354
1388
1433
984
1333
644
1568
494
1595
562
1344
1105
1195
1250
1027
543
1296
1463
251
1323
