74
1233
1586
71
1583
1411
789
206
1595
903
352
1376
266
360
820
1213
829
1540
1321
1331
1227
1026
303
1591
1406
1002
291
210
1477
1587
819
207
374
225
640
876
130
671
1466
1069
1335
584
1556
292
1334
1537
226
416
1020
826
1454
31
425
673
972
375
657
970
499
466
284
1439
805
531
396
1482
655
41
519
1296
593
824
538
135
1129
691
336
193
209
1486
729
1566
628
580
887
278
1306
1432
81
120
13
802
222
325
227
1246
947
1194
601
1054
315
658
178
517
398
480
1009
1509
735
1316
1481
258
390
977
842
1032
1264
875
393
1507
359
386
424
573
91
1299
744
1005
194
1558
1081
165
567
1220
922
1369
540
925
1119
631
857
110
1396
87
968
960
450
348
274
1496
624
801
762
1022
371
547
1259
936
158
1381
926
938
1094
160
76
1029
358
850
1001
1149
1135
283
324
1472
511
35
1003
201
311
142
414
308
213
709
1301
753
1107
1033
702
570
1399
1511
576
1491
956
550
1392
51
1056
1464
1387
428
1197
333
549
1322
807
1006
689
1320
262
618
1255
971
307
1313
959
828
1258
1144
15
1360
1565
1516
965
596
143
494
197
83
884
871
82
1541
234
154
296
1578
96
522
498
18
814
1237
1579
145
810
485
939
1082
1239
1311
1291
888
1236
516
1584
1087
36
1104
1148
512
6
288
1183
794
451
1365
1494
541
1288
525
171
1012
1073
942
524
441
487
985
42
271
1276
858
589
514
1364
493
696
57
1168
408
1444
1484
679
937
1121
1504
1522
1514
521
698
1585
309
1155
180
1297
1527
412
1270
1498
781
107
221
279
1207
920
285
870
1064
1242
1088
16
216
1000
909
338
943
731
1437
415
146
84
399
533
436
556
280
851
252
1372
208
469
341
97
454
692
585
551
1580
80
1593
1154
1302
832
330
571
962
957
224
685
1067
199
1554
867
553
1285
944
45
563
1283
14
365
463
1338
1203
250
1433
1328
61
1473
92
861
773
1010
1552
1202
996
1091
52
1143
873
293
780
881
951
1110
1581
294
1441
1013
449
1018
1508
447
1367
935
946
1105
1156
1097
361
132
470
1279
437
389
656
534
163
298
1252
1181
30
1489
1178
652
1011
1530
1570
1543
78
1307
1314
1191
1138
552
1160
125
1235
982
1027
1487
659
831
648
1594
345
955
583
1352
1225
109
1201
237
603
608
732
1230
136
834
1539
38
597
214
767
342
133
1133
1438
1366
489
1098
326
749
1008
1337
409
439
1459
1024
566
354
1193
1415
639
1528
555
1131
240
638
1510
33
636
1290
275
1023
1391
872
168
1413
129
156
1358
1175
1284
1455
1217
629
426
1263
12
1546
478
963
140
774
270
232
195
1429
10
1044
1346
405
204
904
476
236
730
1308
1147
217
703
1273
912
1106
1512
1582
372
343
664
812
422
200
1550
1423
809
1219
1116
1295
331
627
663
173
448
11
1260
473
1152
1465
1061
539
1407
994
1228
1468
347
1493
1458
841
683
989
1450
1253
261
1130
830
635
813
468
606
401
728
1117
966
1520
562
1101
131
1182
1461
119
368
164
88
495
1518
545
748
1025
321
155
255
335
1544
467
486
181
1157
1526
806
1588
302
1474
77
967
568
1443
413
1289
418
645
1434
1336
497
353
1436
1359
1440
482
169
483
1095
756
1431
417
400
327
723
332
56
1351
1598
1452
1405
1517
520
152
765
421
1062
505
1374
1483
1384
394
811
958
349
1390
642
745
1014
1305
554
1209
1497
1128
737
64
953
1547
890
1074
147
370
1492
1353
484
997
1166
795
1292
706
1051
835
919
587
1542
1103
680
739
1362
1042
75
1274
986
1371
715
751
235
1059
289
724
167
1221
277
1575
1075
644
46
681
238
282
1555
1506
34
650
833
205
286
1016
708
301
866
594
461
357
465
430
27
1150
983
1574
1045
1317
727
738
1165
310
964
1557
196
397
604
323
911
843
1127
128
1030
1112
643
588
388
395
456
1309
433
1428
44
625
619
1534
1079
1099
1545
776
8
1200
600
783
945
1151
1345
1080
1572
928
736
104
641
515
581
1234
1017
86
752
697
192
855
1146
1475
295
212
836
455
1445
1355
17
595
1409
151
877
699
1569
1408
882
65
1031
952
215
586
1170
346
1532
660
527
350
281
821
1490
910
68
632
532
1386
19
900
362
1070
290
144
1453
108
764
591
1287
797
191
1040
93
340
312
1394
630
1043
1456
47
95
1449
1084
444
518
1122
1215
1053
1055
423
287
1319
1377
1402
54
198
475
1096
491
927
999
690
687
1192
420
115
1412
646
668
1068
651
329
272
265
1350
844
1269
378
1479
118
492
557
429
705
803
203
929
2
701
239
862
1430
22
435
793
1435
300
1125
1460
1100
1
1039
508
247
314
510
513
666
686
750
743
48
1134
1277
1007
1417
141
1488
988
688
759
763
998
1304
228
613
1310
363
579
264
626
170
1469
149
796
1267
1361
526
1083
440
179
1370
633
1471
316
711
121
1114
442
406
1115
839
634
1089
241
578
1177
1548
305
419
172
695
815
1519
675
1286
94
913
607
1589
253
457
885
373
1057
1124
742
1118
1529
924
569
351
114
721
558
1525
614
754
990
1294
242
1142
1426
7
37
185
1476
379
766
407
43
916
161
1111
1109
1052
304
384
230
1244
1126
1169
719
1403
974
1198
777
1451
755
177
818
878
1467
1066
1058
874
1071
978
1373
385
1298
914
1271
761
1076
1108
1086
889
980
157
649
9
1395
647
1185
106
1571
1021
775
542
148
1159
1499
837
808
269
1323
153
