276
887
828
238
289
504
913
1235
582
471
1181
1590
596
521
1151
650
371
1084
1206
237
1408
874
1270
1124
45
299
843
1371
701
144
557
914
17
340
606
1338
1497
1008
888
409
442
1183
1578
1039
565
1261
81
1043
87
1156
1521
120
1489
514
954
978
1125
1139
99
820
1253
674
1440
421
851
1554
336
410
1123
1216
18
55
1586
333
195
1291
1499
1226
773
159
996
1273
273
906
686
1394
397
1421
1067
1061
135
201
1351
1249
357
1534
1445
679
952
1588
1184
656
459
383
747
1081
1222
658
988
1582
604
377
1220
447
449
1488
216
274
428
975
891
1111
59
423
407
190
1426
27
1196
516
526
982
899
454
4
1177
629
220
631
729
1233
304
83
936
1003
859
131
303
898
1085
1165
141
50
918
1107
477
1051
1406
1423
1138
1287
192
1425
864
1227
1533
1137
1344
1260
667
765
420
22
938
949
1021
1014
136
1228
1572
555
399
1176
453
496
1179
1133
1142
424
588
1157
963
246
393
924
831
785
1250
124
1264
543
1237
1584
742
1428
1540
107
198
307
723
503
308
1598
611
41
719
919
1319
610
72
106
122
754
990
1357
1038
893
1236
1269
842
320
1005
353
278
151
126
412
1349
507
0
1303
621
1435
728
1304
1358
976
145
1450
1503
413
1230
161
330
1569
1076
1472
738
208
95
260
1185
267
1474
1399
967
433
1092
175
752
1015
385
1332
1153
1232
1052
233
1268
1566
1538
1258
1208
1221
560
564
1286
140
1057
869
326
65
1066
1055
324
857
648
368
835
599
957
1316
689
800
102
519
659
538
1243
464
461
1223
736
33
1335
222
540
817
143
1348
1199
322
660
1347
569
634
62
1007
130
261
352
1074
97
183
759
37
36
946
1034
327
70
376
474
123
1154
314
1113
1449
109
764
1127
444
1396
1189
524
202
334
244
1490
1568
627
1414
416
796
751
172
692
171
1104
1475
1121
549
544
711
577
240
1259
160
437
958
1192
666
808
626
1020
1256
1317
1587
467
236
74
1023
1424
1087
662
732
365
558
1171
889
594
620
1552
1436
704
794
1168
647
481
581
1082
1493
88
970
443
1434
1507
1593
186
1071
1580
1504
708
1444
703
1455
1558
900
1457
763
1030
1187
331
802
826
1006
1234
593
1194
789
1576
1296
1083
1115
642
1465
1215
24
1417
219
633
509
1118
484
1439
1410
896
298
750
422
539
1042
991
6
688
1282
1596
178
1585
1381
1500
1112
114
1278
803
1514
1544
1103
676
1239
999
1373
1337
387
998
806
280
541
935
673
395
553
1448
546
268
940
1292
912
158
790
1573
1002
312
683
1530
23
125
986
1509
49
1186
853
1078
1072
668
562
760
807
947
1279
1135
731
687
253
335
554
697
44
321
684
771
1328
8
1058
1114
163
585
854
310
1323
698
550
367
748
1346
404
735
258
15
1272
332
256
640
929
132
1336
774
230
1031
1147
118
1102
1453
466
925
1549
497
108
455
117
964
619
199
80
1219
71
217
992
1173
974
426
1099
753
672
1496
1333
716
1387
232
595
580
1427
1048
234
493
491
861
439
1473
295
693
457
1205
1429
1116
636
1044
1242
73
830
529
1131
1032
910
533
1526
907
997
329
892
138
605
1565
1443
1501
239
392
1452
1126
876
110
207
48
47
1592
10
1415
346
951
1211
499
79
1098
203
488
165
727
609
1201
318
229
1275
559
1027
164
103
1370
56
1257
956
338
1167
927
264
850
349
1150
1298
968
654
545
641
867
1122
661
1106
644
20
53
1372
1581
695
1454
247
652
1056
812
1412
323
498
628
1390
1070
761
373
1209
643
879
1229
685
355
1402
1026
730
354
1175
505
462
1198
375
1108
482
435
64
1541
1471
566
1322
852
881
1386
694
1018
769
623
297
243
1134
928
309
1437
306
492
961
60
513
35
944
767
408
818
1432
602
210
313
1331
1515
877
966
515
1204
870
1105
441
860
315
744
1064
1377
911
1290
502
5
1467
948
406
82
941
721
1090
25
1217
360
142
989
1441
680
506
13
218
263
127
1017
932
311
26
380
953
570
510
734
603
226
726
180
170
382
147
1169
840
347
356
386
592
411
463
1395
1293
1416
494
34
57
1464
294
351
1570
1097
571
1311
836
430
1172
715
1267
601
1049
1476
167
671
14
1149
651
21
901
1459
28
720
745
1053
905
176
51
1238
173
792
1550
1360
1000
390
855
401
1132
829
1093
1162
856
495
468
1140
1203
137
1091
746
1120
255
630
1579
637
1271
713
93
480
821
616
977
1160
19
909
341
772
739
1159
1080
384
204
388
1263
1553
305
451
1009
425
1062
1059
1188
1045
916
994
868
791
863
922
590
945
257
813
465
1422
1300
665
811
972
702
1491
1391
1384
1274
325
1174
766
1117
432
61
1068
1547
169
1202
866
66
518
971
398
184
622
733
814
527
741
369
483
1577
696
993
458
950
786
1301
1492
1365
328
838
837
882
712
740
52
235
1295
1190
669
182
1063
119
536
1551
1571
174
189
1284
985
1485
987
523
815
90
1148
431
875
649
1276
805
1136
1463
129
1405
89
1299
1248
1079
188
834
1010
1178
1294
139
528
1119
561
873
1077
378
573
718
962
749
1037
241
1589
1240
1385
883
1141
939
965
1225
756
105
1297
1484
1180
46
1054
517
921
1595
104
587
1477
1451
1307
1302
1309
460
282
1535
1016
500
1255
415
653
737
1525
221
780
1100
915
960
1557
1086
724
655
414
179
181
1575
1254
819
1101
1591
1364
591
1195
556
1321
121
567
1036
501
