1207
1209
1375
888
1448
667
1282
1515
784
253
242
545
506
646
918
1193
718
1164
150
1202
1009
80
261
910
342
472
1126
63
1162
1240
443
327
212
103
742
1482
447
392
161
633
527
196
351
118
1350
1000
393
106
1068
1361
9
121
482
112
1178
494
152
983
962
794
394
743
79
1218
1586
42
728
741
1425
437
1062
458
991
704
1114
890
876
1082
629
1516
388
52
1522
631
643
1539
1475
1367
608
615
318
639
926
987
853
184
1480
1363
1200
1544
436
1181
1409
341
702
802
706
1419
1483
1056
1149
358
908
54
155
314
1421
714
32
305
1454
61
1557
724
904
453
867
88
1508
247
1143
685
45
1076
1497
485
1295
619
1027
384
1183
961
1485
1493
1422
1432
1175
1410
568
834
43
860
201
1084
735
1260
138
1120
418
1572
1069
1464
583
154
308
432
1315
1411
796
581
369
874
972
976
696
826
801
537
851
208
1243
1554
1022
1468
930
289
1396
8
367
1111
811
1370
649
850
554
1474
128
192
1213
1083
345
1117
523
1277
1064
1124
147
164
332
1420
1289
284
1031
1151
1190
973
78
1191
1491
1580
98
468
935
1280
889
934
912
360
560
294
1098
624
526
878
92
899
1225
1005
188
1094
172
903
1578
1011
1216
1513
953
1008
198
39
548
732
678
1561
1
721
1424
461
1455
81
1018
33
1357
1444
495
1330
1184
1182
476
1267
528
1198
1382
597
985
999
1441
861
1237
140
1201
1227
1353
11
1413
955
621
700
503
1588
1052
1418
1133
1269
842
627
438
1283
1090
799
1262
278
365
1559
1261
737
467
1414
1543
1499
228
127
701
558
1334
1144
474
1338
1306
1241
456
1471
285
1490
1452
729
265
1023
986
232
1385
1257
746
316
557
1116
655
1096
225
1077
131
269
1507
157
26
57
1296
1139
347
58
660
659
830
1458
213
1041
1459
1465
1369
744
645
804
1487
6
813
1549
553
1514
808
937
883
304
271
256
997
96
669
752
865
419
20
133
1436
684
44
705
165
423
605
1381
170
1505
274
863
1141
414
993
767
1236
1044
266
663
1057
800
1253
1302
782
698
1115
1232
916
1443
974
589
498
980
413
1481
1239
1061
431
109
770
1504
489
738
1130
909
1021
1030
620
105
638
602
1486
38
982
1101
111
563
477
574
1320
1287
693
1019
1301
1309
417
108
606
21
703
107
282
368
1085
616
457
435
120
1263
280
1583
221
471
323
989
14
747
1435
67
1298
19
243
1293
1371
465
561
1053
487
641
720
1063
524
336
1377
46
587
984
410
122
126
914
674
864
60
143
1129
310
1017
1197
486
1323
1156
1270
463
97
378
343
1387
354
611
1439
1136
1091
522
979
1060
1279
1055
595
1318
159
905
1086
94
944
1527
688
190
1222
53
65
1344
1275
119
1104
970
1408
565
16
1212
484
775
884
525
1412
996
1161
790
1067
1238
141
1346
1003
434
920
1177
541
1186
209
40
1336
68
158
1397
542
672
1445
10
30
12
224
296
1163
880
169
854
819
544
604
1373
1488
1501
1092
946
1147
779
936
921
1383
252
658
1538
145
1358
1429
473
189
1479
464
1348
866
766
1228
1113
1434
1199
499
313
1095
455
1313
875
1492
270
1403
859
1552
1470
592
1010
1415
101
829
1074
562
240
692
1217
971
1529
95
915
480
408
183
699
1256
1337
1451
195
1103
1461
1244
1393
36
894
3
891
1386
1500
690
139
272
1291
7
691
226
809
1029
793
951
1294
1547
607
1546
1502
220
1271
689
1567
994
1290
543
873
207
405
1028
1235
433
317
1400
501
430
215
72
1203
1589
244
379
507
837
1131
887
1174
967
736
185
370
1065
1119
15
1157
948
582
363
647
1401
136
1142
949
321
227
517
156
249
893
1426
1496
353
338
1035
1319
222
1224
731
618
1071
311
1299
676
171
591
652
315
759
1110
412
694
634
584
1154
371
1195
596
82
807
502
402
1394
610
1160
1078
683
1210
1406
124
129
488
762
1512
1173
1211
1072
1523
697
1571
319
1476
1109
1037
977
375
69
515
1252
153
1106
835
1533
1054
1431
322
939
1416
1230
1574
941
740
390
671
1503
1575
1310
86
1099
178
504
130
416
824
1532
1170
1407
820
511
911
508
868
852
29
1024
952
637
1278
1150
17
787
1314
1477
277
1148
1555
1075
549
25
1509
1518
125
710
1563
462
1194
74
1189
400
460
1223
760
1591
307
1118
49
1556
1456
1506
396
1304
1014
777
50
792
420
577
966
1331
1433
516
969
1281
513
1460
1097
956
1107
446
682
1048
481
940
245
257
1399
1214
1352
35
1032
1457
1079
626
1466
786
411
950
493
142
580
144
1081
1169
590
166
48
340
356
806
666
1305
785
71
422
1231
519
651
287
275
975
725
1489
1550
1564
925
711
810
954
947
303
945
211
1146
1347
1108
625
90
567
1251
539
636
843
1478
1188
84
855
733
1172
664
727
151
1059
862
320
1140
1498
932
578
1308
424
942
451
51
89
566
415
1395
1229
56
600
306
1453
768
186
373
1560
1128
1402
547
1234
831
1484
1528
1368
281
219
64
23
1138
798
1049
1438
146
1007
599
1134
491
1127
805
1166
497
771
1158
230
163
913
789
795
1558
181
1329
135
929
200
490
514
882
1372
1196
791
1384
1428
115
998
132
555
255
328
788
839
723
576
1058
1332
856
1322
1521
505
352
550
301
241
483
907
326
892
377
91
1427
1530
1392
312
454
1303
329
1137
293
1276
1288
1080
614
1066
836
556
1562
1020
210
927
879
337
160
772
291
906
673
2
1389
335
