450
731
672
203
1576
1191
16
1242
281
565
1552
33
1172
108
166
486
1429
144
1096
425
1215
146
383
279
872
1500
669
258
531
1275
261
854
782
56
587
249
1303
1189
785
1461
1427
1385
973
776
1572
84
1195
1233
60
921
520
346
225
965
1007
831
482
359
217
173
963
1414
1016
1164
591
1580
528
1402
700
1119
159
68
667
861
938
235
609
1286
479
1447
440
429
954
1588
1017
696
1140
996
67
1078
636
186
1025
19
449
1082
1205
395
1386
1088
942
1192
953
1054
635
1002
1498
843
492
73
391
32
216
180
571
464
470
1206
209
610
1259
1577
454
1308
611
764
612
24
710
1178
1240
1322
415
1160
253
1558
890
1363
986
382
267
1334
236
1571
1401
407
430
653
1034
234
469
627
20
1512
988
1441
671
613
995
555
211
569
1138
345
846
1309
351
1347
847
1079
199
1038
1214
487
319
817
925
1574
15
1277
522
1428
95
646
523
865
1510
1264
857
4
1046
1015
1486
877
1081
1426
850
1112
765
1472
670
1220
993
1403
1449
1219
245
1508
1587
1135
1440
475
222
844
554
1302
1505
252
21
934
160
619
899
1152
940
1332
297
1040
1545
503
894
1293
291
303
34
763
176
1549
747
1369
37
499
975
182
380
1585
169
494
775
122
309
228
30
1228
493
543
1391
57
1032
910
1564
1018
435
1562
1296
1399
1235
379
649
399
3
1516
794
792
629
107
1230
304
991
572
498
1446
1053
1352
432
981
77
1076
1158
1208
753
343
251
1026
1400
1043
247
26
967
656
1244
1312
1156
1117
322
1570
400
301
35
366
1212
706
433
884
7
468
652
155
1445
462
1384
1584
46
1436
633
1248
820
879
1177
869
1533
25
490
1091
786
773
364
497
240
521
350
1179
360
806
551
1329
318
339
841
214
1077
755
1182
1202
152
1295
714
1201
864
1159
1203
608
1143
53
1036
574
1126
1254
687
1497
918
1071
1198
898
686
27
1086
532
1499
947
49
1509
1246
1291
702
370
1148
739
1550
1344
1084
853
1167
374
1395
935
855
757
930
515
1070
1168
849
149
55
1107
1123
1127
997
1301
936
719
1147
1514
1174
563
369
1455
94
74
835
481
968
1162
915
41
1005
616
952
1425
1368
1260
1185
1237
96
1083
289
1458
948
1374
675
829
1373
115
631
187
1358
1021
987
461
863
1278
1098
1578
1238
740
886
1253
201
941
1430
1217
966
1480
1012
1492
1563
224
1294
800
472
1459
1361
13
1305
83
955
651
743
860
1556
1013
992
999
990
891
989
944
1111
293
830
458
393
352
1531
434
44
14
1479
306
917
378
1153
516
837
377
909
504
756
1416
1270
113
185
699
1114
237
1524
1591
1144
321
387
901
1299
47
517
491
174
1239
1283
1478
674
61
489
1554
927
771
455
1331
465
1176
183
732
184
584
1170
172
1060
704
438
1118
266
145
158
1364
1186
647
473
729
506
767
1141
1473
916
701
1068
575
845
422
1566
637
243
1224
589
735
205
547
1442
394
134
664
976
1106
1116
1125
889
639
331
614
676
1318
538
136
724
1065
126
1321
834
1090
1396
70
668
5
137
1481
1188
59
330
280
1113
949
1538
48
168
445
821
317
1187
1313
1421
679
368
777
1057
818
826
206
150
1252
805
408
244
389
1190
272
725
950
1485
1194
1292
125
1067
535
457
1207
852
1484
239
978
161
1100
106
1052
1387
1469
762
320
1314
478
342
246
659
192
913
1080
381
705
426
1323
703
1544
390
1282
712
923
283
600
1417
1001
485
688
1567
403
685
926
663
1494
1433
602
1255
819
1
1539
1320
875
750
1437
722
1234
1020
1063
427
64
341
1183
634
956
250
488
254
684
31
605
1074
436
170
709
509
507
1470
632
1460
814
793
1542
130
713
736
1506
179
937
1149
1586
1218
65
1381
365
789
919
446
870
542
957
419
1221
1175
28
274
1132
840
178
594
878
1055
72
100
123
527
334
1075
1285
883
357
1094
273
1366
1487
349
88
1598
1511
1529
1507
1276
536
851
813
567
257
2
371
1501
269
355
120
914
442
412
920
474
544
1330
78
525
677
778
1258
223
557
746
439
971
1180
560
624
1010
606
931
1028
154
277
583
1145
1232
836
396
1131
1130
477
882
1462
570
265
1062
1551
689
171
758
1150
1355
1589
392
63
232
1279
197
625
1565
881
588
951
109
1241
476
1288
335
50
181
385
298
241
141
483
1261
553
1353
769
1582
405
1044
744
401
1490
200
533
129
1451
929
537
75
1412
69
1406
271
1593
759
1011
372
495
617
287
36
697
1597
774
932
1181
751
1061
453
761
143
1316
1333
900
89
278
1184
328
530
1229
661
1298
423
1089
1223
314
838
1306
1319
71
1405
418
638
1037
1351
76
596
896
1027
795
421
742
480
165
1163
98
441
1108
191
873
972
1307
1023
204
902
856
451
791
1115
1444
566
678
512
12
1310
683
1410
231
1204
1348
698
1553
1504
933
790
1300
1522
296
263
518
1231
673
302
404
1372
716
1073
340
691
1392
1087
510
1557
519
1173
315
307
1290
690
1424
970
1376
1284
848
22
463
1439
645
807
723
974
1008
1408
142
135
1193
893
1249
1209
43
885
1072
862
1483
140
1304
0
227
1467
1134
79
413
1268
1093
1370
858
797
626
1356
29
1463
1541
356
38
911
1035
1263
294
119
1519
198
260
1548
1388
1213
111
615
424
1515
1450
238
1006
998
127
874
1471
259
1528
1419
220
1095
1069
354
1315
726
994
548
1003
526
586
579
1210
256
1064
922
529
299
