409
402
1459
600
1586
1037
1483
869
673
1023
986
242
1021
1445
587
1269
1509
777
1583
1452
697
541
64
1071
535
1493
1227
303
1232
18
1053
742
1009
1028
682
1469
818
284
852
430
700
26
565
20
641
178
678
918
1175
172
970
963
938
850
306
776
1176
615
1294
653
1579
1369
374
652
589
1222
912
637
1438
769
997
1530
1596
1108
46
632
419
1277
1501
1075
542
1408
506
1213
101
806
14
1135
228
361
406
1057
966
1196
225
1383
610
1206
843
1287
176
1078
958
1072
977
375
287
824
585
1035
266
954
755
1522
588
988
309
1552
1487
1070
59
550
1252
593
335
504
524
1005
1521
729
1484
413
1497
782
875
31
212
816
1285
411
1491
634
1332
808
1536
384
973
788
778
567
996
795
768
625
439
1171
971
185
516
286
529
1362
812
1480
1224
161
494
941
666
887
1096
399
1201
1256
1200
1303
328
987
881
175
1193
437
448
1490
820
1074
566
979
127
1152
1455
690
1296
1595
1158
1309
1504
497
240
400
511
897
173
293
488
1254
1426
879
418
263
1492
787
1138
292
151
442
835
1166
1
51
1169
1253
939
817
338
79
727
833
627
1430
738
618
364
65
84
976
21
801
477
789
1215
1288
425
1448
877
468
1500
98
1063
1593
1168
478
1384
1091
526
1548
1533
130
1400
856
1177
1416
760
200
395
1248
354
455
563
88
1394
480
696
245
1444
1528
854
672
452
1045
955
146
174
72
694
410
1191
937
1241
1141
932
1299
1385
684
1043
662
1181
498
1466
800
623
1052
170
874
499
155
645
515
1335
638
702
421
774
544
851
991
16
639
274
152
483
1291
1572
1290
1069
1218
187
456
1167
1418
1598
154
1537
76
1137
307
401
925
612
704
297
160
1351
555
1411
728
1120
1100
992
571
1223
454
734
1326
473
1020
570
129
1486
853
1089
922
269
581
90
323
1381
476
819
55
145
1018
472
143
1086
378
1447
1565
485
964
1081
607
1425
271
1417
974
1010
239
930
1470
540
519
1058
888
431
983
458
1482
104
332
528
201
475
539
985
241
356
669
1255
798
951
1059
982
290
1199
408
1373
1376
965
1518
329
93
157
319
1419
295
1510
1217
743
1441
469
670
1121
1382
50
54
1302
280
667
884
840
1414
1042
1207
689
654
195
227
651
447
372
276
683
999
1017
956
763
1377
761
1128
828
301
626
379
320
206
94
1410
837
1031
317
313
553
1570
1068
914
1132
164
1346
87
451
1127
370
1314
457
923
427
611
961
1588
1067
629
1505
1568
592
1523
106
74
577
1214
886
522
779
665
44
674
517
911
1013
1014
207
1172
445
285
190
1202
126
1130
1524
461
1155
616
594
1393
420
773
1460
799
223
1082
1327
1003
163
636
1022
68
1064
1154
1048
830
1276
1061
487
1145
1421
1084
248
1186
1170
1087
1036
718
1367
1249
1391
759
1235
1401
289
1560
1348
503
1085
466
1156
597
568
481
771
53
258
953
222
807
916
1056
1111
873
1485
43
1150
741
569
1467
85
836
1355
695
646
1174
685
796
1236
42
117
804
731
1134
8
113
1597
1566
1308
438
298
793
1506
693
13
622
1542
36
1435
23
1323
980
495
919
414
560
316
1038
1478
714
1262
1189
1511
775
1322
967
344
376
96
1131
870
1310
479
1047
580
388
723
862
291
1273
1295
278
1090
362
1517
1349
1387
156
415
1080
38
1272
486
579
1110
1083
790
1415
310
1062
624
507
352
124
1149
35
1231
1226
1094
213
872
122
441
660
1406
56
80
314
377
1371
510
701
772
810
45
784
463
396
321
935
305
1350
703
559
265
275
998
842
1119
890
1436
215
440
453
299
1357
995
1465
1461
1503
394
109
1313
369
826
1405
1471
1190
844
538
537
1268
699
1219
436
1439
1472
1499
1001
82
647
1451
909
1129
614
1529
1264
337
234
1388
917
75
366
1212
142
268
1592
256
1160
913
363
15
876
426
602
576
1331
446
1541
343
219
171
1289
635
595
312
1097
308
1060
1464
794
643
910
1046
1293
688
1260
1065
226
326
327
990
1030
716
434
1244
318
1558
975
514
737
1443
464
1106
444
962
952
1395
549
1000
1498
69
523
1489
791
24
1457
92
1584
342
762
347
558
832
1076
1520
1539
1429
1126
177
548
417
1282
575
119
1359
656
561
1420
1589
1112
596
184
1146
509
1594
1098
1402
1334
899
1456
547
1240
209
1281
153
1004
1270
814
322
1280
1055
1580
513
428
921
619
838
1516
1203
739
29
353
536
508
86
968
813
232
783
895
1124
658
725
726
1453
1049
984
671
978
1173
230
574
336
744
908
493
841
1251
584
1590
52
1147
300
97
1422
433
423
871
253
392
467
878
264
1306
91
1077
663
1099
676
1474
150
48
1182
657
471
770
934
883
1305
1032
926
1113
655
482
1039
945
1356
1407
1428
1347
698
386
277
1454
296
365
915
81
885
628
630
1142
598
1095
721
947
805
605
815
194
530
490
270
649
60
1392
1432
1559
1208
809
1581
1079
1187
1507
125
1140
210
288
564
545
1027
907
527
525
181
501
1409
1050
67
341
57
650
1412
345
1109
631
1122
1114
1136
1279
582
249
220
1468
1229
752
1271
281
1386
191
1088
1198
590
193
811
435
1476
781
484
1358
1210
502
1496
1304
969
1585
1148
659
1054
1301
993
315
1389
797
1195
1204
1211
1427
1205
144
33
1197
1458
1185
994
1434
1144
205
1403
591
1574
936
724
89
889
416
972
128
1561
252
1488
562
960
679
1424
710
1344
1250
61
1354
22
1396
