346
167
595
603
986
31
1464
896
166
638
426
1223
605
1206
1444
1374
974
786
784
418
876
1494
1246
215
538
1249
290
149
607
606
438
1052
702
94
642
785
1518
51
150
781
1452
1109
1424
555
185
210
894
277
919
914
1293
470
1370
1270
1500
8
1220
558
903
1582
823
444
214
46
1110
557
696
1579
1177
483
230
1212
269
855
874
1161
319
1251
1477
1294
451
1122
1033
988
374
1378
330
151
1594
1266
719
1439
1435
301
524
695
899
1254
1512
1079
1016
935
523
1176
879
526
307
352
641
1365
1175
1276
1418
1076
632
334
953
1295
44
782
296
802
65
476
425
345
146
563
656
267
936
455
808
1255
941
423
708
640
677
67
446
408
454
1429
1233
830
752
1340
1390
38
394
959
579
992
152
871
206
1056
1508
299
2
119
1162
1060
1160
979
1479
860
489
1148
474
678
911
1316
323
179
398
1097
135
1482
1386
1409
646
1511
1194
353
1481
1178
1321
123
722
1146
1361
770
1347
55
471
178
797
369
586
755
449
1448
1130
720
1309
764
227
907
1426
339
1078
742
409
1112
1038
209
599
473
1498
1495
944
1027
249
1046
560
488
370
1167
554
385
597
810
1228
611
1085
1263
336
405
1436
920
231
1081
70
162
1091
1503
69
205
1428
1442
1282
1553
429
381
572
1342
333
466
898
736
1551
591
679
1115
479
1456
1149
664
818
1258
989
57
1384
743
665
1165
909
294
1387
445
1349
49
1380
317
969
344
527
254
701
589
256
1234
303
304
397
1544
869
320
88
379
282
996
28
242
1322
1209
186
669
1193
226
54
775
561
580
126
383
153
1432
753
1158
940
402
1369
1563
963
158
590
829
1186
1584
239
1438
710
1341
915
1285
929
908
5
1455
1137
246
854
7
238
1202
1467
575
1379
252
699
30
1080
1506
912
1030
844
704
1569
467
509
248
1136
291
1548
885
452
177
1540
1286
1564
726
241
942
1507
1487
1525
570
1121
1394
1396
165
1478
933
850
419
251
1565
676
1509
873
805
663
1425
1538
148
237
63
417
1051
965
1098
643
731
257
276
168
1156
507
484
883
581
66
3
817
531
654
1470
109
635
1578
1269
76
390
121
155
1307
450
1534
619
182
130
131
127
583
1451
140
295
990
1480
396
1190
20
60
220
913
202
12
421
617
518
1336
806
1402
1586
858
881
1182
1013
460
520
556
1353
934
625
602
577
366
593
341
521
1343
1446
56
601
658
156
1032
803
957
400
392
512
517
329
972
910
522
1535
624
1359
364
1135
877
61
197
23
434
1242
1460
280
262
1328
75
1422
1562
268
1420
644
1352
1499
841
335
416
1338
922
827
1067
309
347
0
700
768
958
1102
801
659
1221
962
1037
510
1088
737
1575
1049
463
1019
1181
1189
954
501
433
1250
1017
1260
1471
1474
35
516
98
1214
1045
891
515
1040
1472
481
464
240
1262
502
1154
16
1116
453
647
758
886
653
779
1389
10
674
89
1505
865
762
1265
378
893
1300
631
1570
1526
1463
270
584
113
1292
4
1423
1414
1323
462
1063
117
297
142
856
1557
328
1407
1346
948
1299
1537
703
406
1123
1094
746
1211
1092
1205
1096
1210
1458
1298
680
1550
1070
443
1119
1542
245
175
1517
825
1090
970
718
832
1381
1029
610
1172
1416
1277
437
1064
118
82
1272
951
1231
1371
887
264
285
29
1253
947
783
45
371
1581
19
952
984
36
949
108
995
1127
1061
298
1469
1083
1593
750
84
504
961
937
1475
1192
1576
548
1022
235
1099
689
870
732
349
212
971
1434
1362
1021
1086
326
253
78
604
482
875
157
1020
498
459
236
180
403
828
376
582
793
322
1528
973
47
757
1592
1547
1290
618
1513
706
259
359
465
1010
275
1366
904
519
1398
305
372
888
477
52
1574
1567
728
1062
266
1590
435
1142
85
1454
289
853
1068
1025
660
1543
1224
751
697
1465
756
596
81
839
513
794
851
792
1566
1138
1483
24
1191
1488
780
1066
861
64
199
864
181
200
1124
1410
1303
1259
413
820
18
541
568
357
284
234
1332
393
222
1519
134
1058
358
790
1287
1008
300
1554
550
528
1527
999
1546
1476
955
675
458
692
287
667
1536
201
343
1473
657
1215
1236
111
1183
122
1354
441
1491
822
814
1043
821
1585
1219
1497
1133
363
730
1207
652
902
430
612
842
819
120
161
492
33
288
404
1335
1372
351
1059
1484
272
895
613
261
956
608
1597
1204
897
125
1217
966
132
901
1351
1591
468
144
578
724
258
1595
1241
1317
1319
1556
1504
141
192
592
32
840
562
243
1447
377
491
1107
1392
616
1490
547
754
835
77
143
380
160
573
1108
532
712
1411
1415
1171
1348
310
486
362
574
765
717
833
1344
739
1114
1404
505
173
1117
1301
1530
1274
645
145
1239
1159
1113
74
355
338
747
545
1261
727
456
800
1297
318
668
1291
271
930
559
539
769
1018
136
480
1334
1552
744
302
1252
1089
106
495
514
1147
1462
1238
154
650
1596
1031
96
549
544
1532
485
997
1395
1053
391
709
931
831
129
265
244
286
994
327
1015
565
1208
863
1399
469
1106
1364
946
1520
281
729
662
1531
432
945
1571
811
1279
1461
1529
1492
368
382
688
1339
1267
1237
354
1077
1213
1095
1145
1226
375
968
1568
950
187
1001
278
170
407
472
250
340
807
1
133
1598
985
1489
1337
365
615
356
1587
1087
735
506
1118
1023
198
440
308
342
1296
6
68
395
367
503
690
112
1024
442
1100
564
331
938
