1107
911
1087
1474
944
1014
977
1054
767
272
583
926
1581
866
150
637
626
1144
591
712
386
122
397
910
422
1156
621
640
1596
867
945
466
575
252
213
806
1175
752
1154
190
797
330
1264
276
684
938
1071
821
1326
922
402
888
373
297
828
411
242
562
1484
1022
814
1403
1440
980
919
101
1425
709
889
531
865
1416
1320
704
756
1281
1029
1566
718
489
768
74
884
528
1182
1191
500
778
1259
1256
1151
775
556
573
346
966
1114
1092
504
1235
1562
327
1535
344
917
960
968
1438
630
1494
746
426
566
1459
916
381
1290
367
1027
396
950
941
222
1464
339
720
119
521
864
939
860
1530
1226
21
445
355
695
1076
329
1043
810
667
616
1300
277
488
146
253
206
760
350
1289
1478
450
88
611
1132
872
770
933
510
209
568
469
1188
259
1586
1263
268
1397
1205
1532
716
45
1573
1584
1192
456
1006
1255
148
305
1332
1380
787
544
60
868
1497
631
571
1129
1433
909
1031
570
588
729
1079
687
1323
319
73
475
494
336
1548
35
515
886
997
693
25
1203
1444
784
1348
129
458
1307
1176
321
1108
650
81
38
1207
1512
1575
1287
274
880
1225
415
427
1351
1369
1167
885
1389
199
532
596
815
428
11
739
749
244
394
312
738
654
241
1194
1302
374
1344
1328
1270
364
689
730
457
1443
772
1002
52
142
811
942
1582
483
1137
1168
1569
1053
680
908
1349
953
1032
1408
283
437
1045
1135
744
1355
201
49
782
149
347
509
653
618
391
589
594
560
826
1434
923
366
1162
951
1591
438
530
816
490
1335
724
1555
1091
564
1206
468
453
994
414
1246
1396
699
1430
1025
390
496
398
1339
644
1524
899
1456
1435
1169
813
672
706
747
1483
578
1059
1476
511
1341
1062
400
1177
807
1489
1470
711
601
743
1266
1598
1491
1295
3
548
536
1299
964
432
553
1297
930
1279
1308
1405
1340
607
535
1016
125
989
952
1110
665
1316
1322
210
538
424
440
694
1265
356
131
920
1508
1490
1023
370
335
163
1269
1336
844
57
465
333
593
1250
949
1436
1080
855
861
289
89
1542
1026
1431
1126
84
395
892
382
1041
1407
76
418
1404
313
759
779
896
10
317
1242
963
508
1184
1576
802
1579
636
1017
719
1127
507
1249
1583
479
958
1157
786
642
1509
567
446
345
1007
1450
863
1077
454
144
599
1090
620
753
482
721
1587
524
569
1010
678
1018
837
579
474
310
279
998
1106
302
1224
249
871
986
586
404
628
198
410
737
375
143
1399
501
907
1488
1558
30
1500
805
14
160
1553
554
577
151
1267
502
1546
425
857
1209
378
666
403
1304
581
655
934
1064
1003
1417
230
376
1015
692
232
1103
153
992
1134
1109
1392
9
1061
1280
676
423
1366
574
1067
1243
379
1342
895
1284
905
925
256
116
406
1197
1543
893
1306
1121
455
359
15
80
1101
1536
1377
1239
590
1201
833
123
444
1124
1183
441
1552
794
710
1580
1030
635
517
965
677
852
523
1198
1187
104
470
284
168
617
796
352
733
785
285
829
714
1414
1179
1004
1379
1480
520
34
212
439
134
609
656
1538
48
602
487
338
1578
197
897
605
1337
113
1258
1128
935
1526
205
421
1227
525
604
755
1210
467
436
608
214
476
499
915
1131
459
318
1044
1521
250
1125
748
881
741
295
928
1178
996
1333
584
491
202
522
705
316
368
337
1506
792
417
1567
1066
649
1410
1346
1008
362
1486
1180
506
1161
243
33
546
789
1116
847
308
78
296
409
771
164
124
643
633
990
1499
1495
1000
873
1565
133
870
1327
472
1118
1286
734
1570
1590
1248
1420
1261
152
956
1273
887
529
218
725
1487
1463
1036
1028
948
1217
340
4
1288
603
651
534
1589
641
1146
898
1115
261
946
361
1234
328
1272
291
645
1427
492
549
1150
1424
615
999
480
764
1527
726
1276
486
819
891
1056
223
750
555
1193
539
1395
582
1271
451
1325
625
836
1406
5
552
40
812
1537
1473
392
1130
936
883
1052
565
931
442
460
294
1312
41
0
389
323
1011
1208
1148
937
624
1525
550
383
1498
619
1033
682
1219
1449
1313
1005
1139
512
1550
890
670
288
1471
1122
1563
894
1063
1523
1371
461
1117
1100
765
1422
1384
745
516
576
1070
533
795
478
1211
1376
877
1517
876
924
166
1253
299
580
1347
1514
1055
558
788
691
485
1479
1513
592
311
407
419
1204
320
1060
597
1158
1455
1202
943
1102
503
1338
1309
1212
1111
1074
1095
175
1311
1412
1429
1149
1515
545
290
1503
433
1418
869
1136
1465
1588
798
1597
1375
799
227
348
572
859
388
1181
95
610
1544
1454
1534
354
1296
879
401
961
286
1324
262
882
55
900
343
940
713
985
652
1549
1595
331
298
1594
831
1481
324
540
1104
1240
1098
75
1505
325
1437
1218
661
1492
817
1551
1112
547
1314
982
947
627
954
1390
1040
1228
674
1142
1120
1185
929
543
303
342
351
700
58
585
431
266
384
1138
224
108
413
669
1068
1356
1321
365
385
1432
791
1364
978
51
1238
551
878
292
477
264
94
1171
1374
595
561
269
1078
657
434
1592
832
664
1301
187
12
914
1520
1105
430
1075
1354
675
280
1409
36
307
751
1547
349
1343
245
708
698
1381
1200
1462
1585
353
1303
7
731
983
1545
429
449
1057
326
363
1230
1571
358
39
1564
1081
1119
167
1439
541
1274
988
1475
1477
132
271
54
1215
1292
493
278
1419
1458
559
557
464
1038
221
1298
1085
1237
1024
1452
435
