139
38
735
1221
1304
1333
550
1452
161
888
830
1509
350
1296
1441
194
1263
1514
964
1244
284
880
836
1060
600
717
1217
8
759
665
977
114
9
392
433
1053
1000
372
420
1239
924
217
1567
290
103
1307
1204
240
529
766
938
857
990
976
677
1551
681
627
1023
1048
1408
884
1156
552
594
195
326
801
91
1260
418
1343
954
703
146
930
11
1331
46
357
1494
914
1418
413
1416
1352
88
1597
1319
838
15
1160
700
1563
898
807
1431
1485
255
568
1585
298
978
281
1083
1270
409
662
1489
78
1482
935
1558
736
377
277
213
63
343
1203
1407
25
1582
948
1447
639
96
166
851
727
1501
229
164
940
423
1438
303
855
920
442
1544
473
1208
1310
865
1593
399
286
271
548
1403
522
285
291
707
279
467
188
622
1417
1472
265
89
69
1088
6
986
1286
581
1440
918
671
949
1175
53
1067
1371
193
1179
1543
615
182
272
1206
993
1443
104
1521
1193
361
537
311
1118
1347
815
198
61
169
684
761
546
1385
202
35
1145
1313
1233
1131
991
814
1269
1478
1200
134
214
1399
926
573
1218
289
987
1275
358
45
1349
108
721
44
1190
408
946
929
144
1226
250
560
859
649
1426
209
1397
875
1030
1530
176
366
1112
155
558
619
431
1507
714
1515
827
325
690
1429
342
960
1330
135
791
1419
1502
1366
804
706
1246
502
1216
1445
142
1596
1007
941
1017
1341
340
659
1584
1066
762
1237
268
1591
327
829
33
842
68
424
203
296
247
1205
363
59
41
1373
1027
1401
374
390
347
274
852
1185
1005
1332
569
1197
201
464
482
159
1503
802
31
382
653
128
1556
19
1425
1410
1369
503
719
197
635
245
1006
152
1223
882
570
1087
1201
1437
1052
346
1500
288
1572
226
1346
603
434
18
554
745
486
185
446
1434
1312
624
140
394
1353
528
1487
1424
1378
1559
1504
458
313
364
1085
1467
1361
1102
1080
1134
1449
1382
472
862
799
580
919
448
380
40
812
698
1230
1495
1588
1547
921
607
870
1214
952
835
970
332
1167
1411
405
726
463
750
401
1015
1549
1355
901
534
1028
1261
86
1370
122
748
575
679
492
117
436
1459
244
1002
688
174
819
1191
126
844
216
616
451
606
713
989
1562
211
1409
1181
181
1008
1184
378
1278
248
170
618
379
1569
81
1542
1393
365
1108
101
1524
1492
758
84
14
1402
1079
259
1070
1589
867
732
1376
267
1228
1550
520
1338
602
98
1064
936
967
1018
782
754
1517
1413
1147
1001
504
1473
1075
297
264
400
834
939
1433
1348
1383
747
506
28
493
34
555
427
158
231
210
728
864
124
810
1166
1384
576
950
743
384
1198
1342
1570
320
1350
1049
242
299
589
1068
751
1344
691
994
371
1255
535
55
64
175
232
79
1026
1522
760
162
689
1273
541
1272
1475
186
1323
1516
798
599
1463
1149
334
749
1022
393
837
825
526
485
590
910
385
611
1189
1188
1520
48
252
1392
788
421
1592
381
376
417
775
723
1388
660
4
243
1360
579
840
94
1109
516
127
1057
1061
860
324
1276
1098
1471
369
479
1146
1150
1451
72
481
163
1561
487
160
1186
1293
388
1100
1011
1368
1302
488
426
571
668
1284
489
1202
1345
415
282
1305
1372
239
582
654
1432
958
1106
899
809
352
588
1099
636
430
586
80
1291
425
336
833
866
110
1454
445
1336
1415
13
808
1137
476
678
718
1358
30
1256
877
896
1224
945
339
109
1446
871
1294
1089
832
147
1367
824
980
206
1363
883
1012
318
74
1364
592
1121
344
1439
536
1337
1213
613
501
1220
965
1172
744
692
785
839
335
962
233
221
345
817
672
805
1219
673
663
262
173
1329
1539
1168
167
650
1094
1477
471
1400
1394
738
1096
1042
716
770
1136
499
302
934
715
1356
1564
1295
1141
818
22
1076
682
544
1155
704
1
27
1248
1541
1586
1340
685
1442
530
556
1215
1414
1351
1024
1456
512
73
756
773
280
241
1389
632
1289
1227
772
168
658
1287
309
1298
150
598
1412
725
39
601
0
5
645
494
1152
20
1285
474
1093
125
906
107
1003
971
797
71
1444
1420
720
70
224
1339
893
1051
963
1081
1238
10
1279
774
396
1020
1354
1225
283
341
269
1132
391
1235
909
519
1274
988
523
863
156
527
1574
200
983
491
16
1192
348
438
349
1161
652
1328
1176
338
1317
1334
218
763
1470
879
123
975
151
294
249
746
1271
614
477
204
1058
323
1422
786
278
258
1187
793
465
129
251
1222
141
1301
847
1021
362
1143
37
1122
887
351
1576
507
444
1039
77
712
794
1476
850
483
266
178
1004
1209
1178
625
765
1157
998
1565
868
1375
383
304
800
1264
1322
287
356
637
440
557
1240
856
92
42
902
907
1268
1560
787
153
1129
1314
333
1207
1595
982
1037
854
1158
1257
375
769
515
1590
574
1009
1508
119
83
1126
680
497
386
928
455
657
205
466
57
353
806
741
1162
453
953
389
447
187
1234
1029
656
764
1254
419
387
1097
1405
591
1474
1406
617
771
215
370
1288
1267
120
551
43
1165
7
1107
1043
246
547
1450
82
1435
12
367
90
543
831
1120
757
1038
138
1566
755
872
1374
360
50
1299
1490
683
234
609
422
189
992
878
1016
1032
1182
505
853
306
441
710
276
1448
999
207
154
1180
900
584
789
136
1034
23
106
1510
626
17
925
795
565
1469
729
435
768
796
1010
821
1381
731
1095
753
705
254
65
459
610
105
623
828
199
922
157
