189
832
1108
1057
1325
995
114
905
358
336
342
591
842
589
660
793
1129
969
1490
565
709
170
908
1133
711
295
657
371
1166
268
545
670
14
672
1588
661
879
1134
1078
439
289
1310
451
1112
1242
1285
1358
540
1590
227
203
1418
558
33
1349
949
1047
719
376
1060
811
1540
308
518
587
42
397
836
293
596
1024
900
411
762
1591
1020
128
554
838
1441
1202
1293
734
938
44
1130
253
1374
206
731
1273
401
1028
374
1254
705
337
302
380
127
934
55
465
990
1361
750
1503
62
687
350
1187
625
1132
759
407
1004
488
1493
1037
1163
1582
1447
357
1115
1520
865
443
491
1216
1492
606
1585
932
1459
1185
485
254
986
1545
888
281
325
462
139
1013
683
1480
628
1032
1552
824
489
405
315
34
664
24
1271
135
1434
242
496
1007
1348
837
539
249
1370
817
633
610
607
527
205
353
381
564
634
567
1209
978
913
515
280
1531
1081
919
1046
96
1316
419
662
1404
992
200
1071
857
1110
171
1123
1578
775
1190
1322
1456
18
1298
452
149
1276
860
237
1131
1033
586
84
1269
1077
287
204
1245
1533
1230
555
764
367
161
728
1385
365
1014
706
846
479
57
1428
1386
133
327
981
1026
296
635
847
1238
955
1332
1483
814
1050
1086
912
1458
1170
343
326
1256
1474
1432
395
562
1240
744
276
497
348
1415
288
810
869
1035
458
1373
590
773
532
973
946
1246
266
1356
608
1272
218
622
238
574
1303
101
493
715
191
746
64
624
960
382
1464
106
313
1239
157
648
725
885
547
1479
1392
359
1442
375
1487
1376
169
1010
1279
345
26
984
1581
422
1506
1565
492
1312
89
1509
1347
1138
1228
883
386
733
1559
1536
998
724
1577
140
667
402
457
291
742
1569
20
86
7
1587
566
671
669
543
1338
41
232
1443
372
413
1549
1574
979
1244
841
126
53
446
129
1366
364
789
899
275
11
703
184
1261
1192
10
317
312
1017
354
983
6
1213
329
335
334
509
848
1227
187
502
270
1505
1514
74
1127
323
1421
1140
804
720
1306
930
1095
50
142
631
688
362
556
1061
1448
309
1538
679
151
816
646
855
331
914
1355
1031
165
774
178
225
1156
229
265
442
228
911
198
1453
1396
48
1465
1005
1476
1126
1114
1207
408
690
19
1362
1094
246
1038
404
844
186
1417
1494
1062
314
994
1183
398
868
1341
1268
974
1106
1073
152
1450
864
1496
1045
1102
854
484
747
779
987
427
803
182
230
840
1176
1436
769
760
222
141
923
260
1369
17
1420
801
1537
119
1319
480
1260
680
551
255
61
1253
1008
1579
16
1394
347
1331
1221
1433
108
1323
1327
1309
174
80
693
1128
743
694
454
1034
922
409
1220
109
9
79
1491
1435
538
1167
412
330
1080
1099
878
1168
1072
1576
519
1146
192
258
65
1029
863
383
94
1089
477
700
1471
1198
273
387
1
1203
1059
1161
310
175
410
272
5
83
704
1194
1056
1264
1481
1437
767
145
1003
1282
130
1287
1158
35
1048
403
1257
999
1406
611
666
645
1344
686
263
544
1451
116
993
190
501
559
469
1488
917
1036
954
557
487
766
290
1262
98
1547
752
1173
948
753
594
285
1079
56
695
925
808
1438
910
784
892
437
1342
1395
1337
366
1084
1226
1070
144
208
553
630
1517
93
69
1326
871
283
1410
861
1515
516
450
378
136
653
252
67
434
1500
931
1589
1567
852
1043
240
1598
1011
500
361
1281
54
755
1201
1387
1147
525
942
1412
729
1388
284
282
528
1452
72
1307
173
70
470
1051
1290
1339
1189
1219
1502
39
849
1364
795
274
791
655
1009
937
833
449
692
856
906
250
534
1141
1357
1150
1085
1119
1259
605
718
137
236
710
25
207
429
1018
765
318
1372
1231
22
301
1473
1381
593
1001
989
560
107
461
595
991
1336
15
167
1403
499
618
438
754
1186
632
396
563
147
0
875
1125
1426
1214
620
1280
417
1247
154
549
341
162
251
613
740
1495
1521
31
1236
859
1218
597
303
751
143
880
455
99
504
172
262
658
649
467
406
872
389
363
1224
1425
950
1513
961
1182
971
609
490
211
1270
689
520
1097
38
904
91
495
583
444
269
1074
889
356
944
820
819
592
155
853
156
1311
300
47
486
1353
453
415
215
1457
400
858
160
87
1384
49
665
738
845
815
1446
659
259
850
541
722
977
802
1455
506
835
1328
1143
796
1164
1041
90
726
1113
294
1542
939
428
1286
1181
1296
3
120
235
1340
1116
717
267
712
307
1283
873
231
324
379
1069
1087
1235
349
202
1025
798
1049
678
663
1288
66
1197
1423
685
790
153
673
886
1343
1519
146
721
124
1555
125
368
233
1371
1501
176
494
568
882
1472
271
414
651
1430
727
481
1258
1478
792
321
27
1122
163
1308
1019
1320
1380
40
570
1305
1289
867
741
970
1558
388
183
1117
102
279
916
316
13
887
328
319
945
1379
708
584
526
1445
1174
1151
122
604
1324
278
941
1568
1277
1295
1359
360
346
809
1527
159
578
980
1090
602
297
1200
1560
1470
390
110
1352
164
123
181
691
505
292
929
834
320
261
117
503
698
737
588
988
1321
827
531
552
577
800
1096
1225
28
623
344
510
909
652
1427
1120
351
523
1145
1088
862
1217
1252
1195
332
1593
830
1121
4
12
639
1044
248
420
1135
1165
778
498
1424
81
575
474
825
1241
1539
714
797
903
884
1082
812
338
277
305
707
799
548
851
391
964
621
472
