3508
9820
10123
11868
11205
2644
3841
2131
441
9603
3953
11458
1503
6111
7750
4580
9641
4365
10737
5221
7908
1330
2387
852
3304
3410
6706
5015
9576
2005
7625
668
8371
2270
280
6486
5231
7841
9071
2834
812
9458
843
5631
1882
3845
7532
2009
2261
9117
4374
10437
3413
6081
9429
9457
9837
92
2033
11657
2494
8422
7450
1186
11618
7174
5030
3853
4227
3219
10817
8084
9916
3285
1117
2476
11006
127
6090
1575
8036
3494
11531
3031
7764
11729
9657
7162
3421
4381
4850
7341
4749
10595
10548
4579
5021
10730
5767
5579
5452
2683
8916
5514
7001
10406
8035
6019
8584
2853
6848
10482
2690
8270
6093
2428
9434
1100
1041
6059
8173
10397
8290
2346
4102
1222
10341
2563
11431
11059
5893
4212
7875
4203
7928
11207
10414
3132
1333
6976
3538
2674
6478
9610
7665
6416
3661
6157
6203
8208
4560
11690
4841
9340
6579
6984
5852
9799
2241
1600
5275
2832
978
5077
5670
539
7677
4168
7107
3949
924
325
11260
8309
7848
9107
3781
3069
9072
8926
10333
11877
10521
7481
10253
1062
6453
9303
6171
9817
7571
774
3652
5975
7872
8
9127
4778
10170
5680
10108
10079
3832
10197
3770
2610
693
8021
1989
10028
5285
2157
6675
3320
10176
3554
9128
1312
2935
2294
1144
9505
6113
10275
2600
3015
5725
9560
416
5814
6282
1458
9150
560
7706
7082
4336
11724
2449
1988
9781
2043
10702
6459
6063
6779
10325
474
7046
1061
11286
6464
2112
8164
62
5176
197
2464
2319
7730
6433
3607
11234
10485
11259
5497
1251
2548
8008
8503
4798
4345
3940
2715
4705
2222
965
1249
5255
8567
1529
1798
9263
3989
7507
11871
10537
231
2386
8342
9865
5705
10136
11339
132
11835
6417
8902
11267
8469
8197
9990
7243
7539
11869
3043
1928
3160
4330
2098
713
10352
11268
11095
11708
629
1387
5582
3656
7873
11720
5085
5280
244
1421
9794
2850
5635
8054
7705
1728
9411
8162
299
5246
2257
1765
10681
6666
2769
11088
899
2125
10926
6667
7
533
7935
7371
11827
2099
3033
3971
7857
5641
7945
2295
4065
2944
3206
6723
5364
9629
9240
2178
537
11144
5805
4895
1736
9604
1779
6837
2143
6651
1991
3161
4634
3319
1152
11862
4409
4554
5510
10863
11761
3764
8588
10963
5381
2320
8063
3373
5037
10843
2670
4104
5345
10266
9810
8754
4564
1005
3574
1037
2969
2724
4696
9028
7066
1978
4078
520
1071
647
5804
5109
10590
9720
6227
11438
5453
8277
2771
5094
9089
10874
5856
6271
782
3878
5948
1360
5100
2223
4220
8605
7345
9448
7278
1313
2052
10366
11522
6751
10775
10322
10493
11860
5393
180
502
1781
5892
10842
11562
8963
25
5734
1207
1680
9442
225
3401
3183
10205
8827
10523
8468
2996
11112
2491
9114
285
9449
1187
1826
5875
8126
9766
4173
2967
2042
1178
3158
1699
9037
10024
5202
8722
1343
6986
8289
1424
2187
10927
9623
11445
9406
3179
3420
6181
5858
8683
10118
5663
6802
4356
6635
11423
8296
2576
1905
5797
8694
11547
1500
6253
3086
1403
9540
7111
5028
4885
1919
17
10422
9186
11419
11709
9469
10566
9873
4401
2521
8189
8675
8388
4346
3813
7209
11539
889
9890
3795
10016
8138
8838
3129
5380
11746
2004
11384
9366
9034
3220
3877
3482
5595
4877
8846
4463
7498
10915
3536
8917
4535
772
9825
1629
198
8970
2293
3142
1549
7290
8165
700
8372
5984
9530
3444
5669
2846
3418
45
3732
11931
8115
10114
7974
10212
7352
8351
8918
269
10716
1502
2229
9451
569
4348
7832
3215
8327
3476
7992
9051
9511
5788
8821
11504
11310
8152
5732
10536
11680
1473
8297
1338
2432
2251
10081
243
10412
1367
1834
8272
8125
727
9637
6932
10145
7382
9359
1279
1115
4349
6821
466
7623
11278
8507
5519
9965
7362
4363
7117
7615
11346
4372
5173
1610
10700
10531
484
6534
7342
2279
1871
10315
366
7884
4840
5209
6255
9640
4650
5542
9627
6455
9978
1790
6136
6966
9843
3097
2978
5039
5739
7083
11454
458
1027
6275
2762
11799
8250
4893
6325
5112
2240
11142
10565
377
3376
4533
1595
6389
11171
2027
8326
3454
5254
2278
4219
5888
7980
2558
6983
7652
8137
1107
6550
5218
8370
5694
3597
9450
6192
8930
6954
3480
7017
4627
6380
4835
11197
5721
2185
9452
9502
10441
9126
10141
3455
4626
1420
6517
11887
1465
4555
7666
640
2680
10509
4489
8863
9214
9296
10288
7674
7478
7071
5236
2672
5256
15
9182
3140
5147
2385
4483
1780
6289
6797
9141
9728
5985
8750
10637
10747
4389
8502
8210
3473
5148
771
1828
3300
5597
531
5571
10152
8146
2719
674
1370
6248
6855
5766
9159
836
8224
1341
1106
8183
809
2159
4680
7720
4303
11292
6516
10423
6621
3365
593
6230
4960
11053
6371
9969
1244
10881
7865
854
2239
8313
10405
6604
7226
6000
2545
3329
7093
6221
10711
10878
3492
7783
5941
10042
6363
11616
2130
7530
1018
2997
3935
5921
745
11211
5541
3098
3327
3096
5118
1820
7217
8459
8254
8633
6684
3744
2986
3842
3168
8952
1214
11052
4670
11575
7629
4599
11441
4011
2142
11648
2797
9971
5010
1739
2998
9646
2818
10294
5038
1719
8136
5156
10109
10432
2953
9920
10770
8174
11233
7125
8260
2179
9784
7728
740
4709
785
7580
7476
4240
1702
9515
11621
7955
2862
3746
2557
5614
8043
6747
685
7633
1593
1860
10781
5201
2554
7350
10873
2701
7795
10369
2519
2220
9632
6441
10540
3898
2473
9047
8982
1645
11459
7701
8956
1133
4740
744
888
11386
8361
7686
11256
404
3934
6144
1082
6914
5713
10384
10567
11249
9655
10440
10600
6946
630
7541
9290
4786
6064
3274
6774
4367
2499
3458
8219
11175
5959
8629
5400
6254
1628
10077
4722
1078
3512
6829
4635
11905
566
146
3836
11743
8594
4139
5428
3312
11087
11160
1995
5379
8957
10935
7073
2260
5919
5551
1907
3691
4454
1248
8719
2671
8271
11663
3205
7019
3880
9395
9546
11177
6173
3384
6415
8018
8038
6046
11554
8001
7514
1095
7389
9470
11529
7938
5991
5356
10765
3303
4569
3942
3620
10788
10484
1621
9398
8405
7422
1852
10504
3331
8990
1437
7101
719
9801
4218
3737
5983
2423
1583
10082
9207
8610
7332
3071
9168
250
9191
11150
2168
2302
253
3436
3102
4617
2699
7452
6379
9151
2197
8107
1681
7874
6302
2116
4858
9645
11135
2927
11301
5165
4160
10620
2206
6300
8759
7030
4501
33
1734
2611
8278
5065
9872
3768
9999
4448
8720
5020
5642
10132
7102
4563
8525
153
10233
6633
2976
9756
1923
7516
207
7793
7156
6676
5334
3718
8548
3723
2707
3301
4904
1554
6184
8028
4544
8323
3575
4978
4490
9285
11895
1793
7828
11242
1459
9258
9717
9010
3860
7508
4286
124
7063
7902
7621
10339
1591
11653
476
4915
6885
3736
2517
3679
5553
10680
1536
6977
9899
7985
7687
5370
7882
1140
5515
3012
1322
2612
5129
2383
10005
2634
1015
2456
4902
10529
9727
2833
3682
11661
3861
7525
3985
5832
10329
9063
8479
1870
3148
6318
6163
2790
8055
4830
9180
1510
917
3697
1303
2752
9350
10217
1491
6364
2536
2535
1352
11049
5011
10348
5136
6067
4596
4771
11882
5714
9513
8638
10917
6175
10603
7917
10140
9036
7454
1342
9132
4896
1855
10815
8849
4465
161
10204
1073
6419
10213
9412
10937
7444
178
2949
7936
5616
83
773
1287
7778
5239
457
9910
718
2328
7400
9197
9998
4932
8776
6955
6597
4925
11791
9564
87
5928
4997
7333
11557
3930
3266
7324
8541
11214
2277
11792
9299
7182
3134
4004
900
5912
717
5687
10554
3447
11288
7413
9677
2592
9866
2062
8052
1815
371
6554
8511
7634
731
10708
2968
5320
2665
2689
9268
4796
7098
3048
155
880
3151
7598
7326
6365
11450
7390
10790
6677
8092
6432
1314
7642
1654
2700
9830
5681
2941
317
7434
10645
1782
10429
8089
7298
9555
9791
6148
3583
7398
4110
4716
8395
5101
3350
6866
11448
6875
1150
8251
11699
8640
10351
204
3250
5526
7451
9413
9260
5588
8988
1602
3815
6965
2455
8687
5411
1609
4133
37
6028
9136
11153
9600
1566
1205
1824
4717
9234
6892
6711
2437
4407
7684
98
11583
1485
7094
11527
2747
9960
10070
2718
6102
3923
11700
8442
11312
4186
1522
10331
3088
1964
10450
10619
4715
3251
3777
8187
3834
11851
5824
1968
11836
6856
5505
6648
196
3553
10106
8557
6767
3213
70
6904
9447
1879
10006
10593
8601
2896
925
11508
7130
7811
333
8073
8431
4861
1270
9144
10943
4038
8936
2508
2114
5119
9789
1792
9771
2643
5114
10611
1881
7305
4007
240
9700
342
10313
242
7081
6149
5813
5815
4619
4088
11825
5461
2926
9764
5536
2377
352
6894
524
9605
4399
11906
6487
6887
7658
9955
8336
2457
6392
6842
11736
7200
469
4698
3931
7515
11590
7613
8746
11828
4328
5013
4655
2022
5689
2041
8300
8505
7316
6634
1242
7351
477
6905
5111
4241
303
755
11382
9620
6469
8237
5859
2351
4707
10305
10215
6571
3519
8882
5563
6846
3580
5193
8552
11302
6572
9137
628
3769
9195
4214
2538
4232
7766
1770
9693
1252
9177
6077
398
8579
8305
4806
5660
1745
6822
2071
7190
5311
4931
10235
6263
973
9483
2008
11158
8412
4758
8765
10187
11418
7020
10342
6112
11735
10924
3733
106
9829
2242
9559
8315
839
8828
8470
3310
389
8693
10932
6146
3024
10240
11491
8862
1231
10041
2441
6608
5074
3787
8804
5265
4591
11206
1206
791
2933
7143
10115
10055
5904
8943
10124
6468
11356
3040
6344
6505
10293
3521
4051
9956
2898
2970
5532
2259
56
10655
9512
2006
9252
5262
2007
673
307
8261
3051
1906
11320
7120
9601
6336
825
4573
3503
703
11368
2184
4636
9493
6631
10783
11230
434
2338
11122
7181
4653
3305
5562
11421
3507
10514
9396
11457
5437
10160
11673
4742
8245
11639
2169
1530
3753
8946
7650
944
7719
5643
11004
2808
6198
8966
2081
4807
757
11193
4616
9974
11204
5390
710
5220
10946
151
11635
3060
1302
5123
2436
11285
9344
5463
2483
11
10496
5885
11706
4870
8116
5958
3255
9053
1429
10933
6720
1700
11099
4276
8738
7431
11646
11387
667
3926
8954
4646
2149
4196
8550
10356
10501
935
5132
2655
2151
3159
1032
11447
8614
3237
8156
584
11808
6878
9433
1720
5289
7128
11797
4570
11545
8201
1675
11409
4958
5199
3763
828
8344
8883
3843
5599
8037
7279
9178
2909
2337
6490
7216
3543
4781
9308
1891
6229
11212
8817
5177
5735
7922
8135
5751
8587
7765
6398
6126
1025
2526
6218
4956
3483
1784
4538
2575
494
3363
11770
4588
3472
8065
6801
8992
8890
19
4462
5217
6930
4574
1735
4086
2439
9565
3908
8034
3166
6669
1162
8198
10891
1405
11060
8111
6811
5479
8467
10752
5534
1945
1125
11654
5211
11727
4879
1332
2681
7369
9722
3016
7542
6927
5337
1172
3453
1942
855
8901
3349
3563
10745
3897
5203
5222
11338
2725
9431
7201
10998
8397
5024
7738
10684
10811
6893
8147
11520
9367
4464
2384
1449
11600
2520
1694
1541
2691
4362
4475
9146
6137
7183
270
4438
4589
7787
871
5661
3393
8710
3705
5842
1001
2656
10648
3464
6482
8172
8027
4282
9848
5240
11124
9064
11176
5019
4949
6037
6383
5685
1771
339
1225
2616
5474
10666
7569
11420
3951
3395
493
10810
8287
11629
7982
954
10224
281
9802
11717
9864
2238
3049
10276
8352
6685
8369
170
9681
1311
1835
118
7463
5388
10320
4859
645
1167
1986
820
5362
9105
11304
582
4084
10934
2501
902
10487
11844
8727
413
10135
712
9152
9385
5857
8009
511
2764
11005
2860
6552
612
9719
4502
1783
8497
8721
11198
5451
10465
6462
2096
3683
1627
11634
9342
6129
3385
5634
793
5229
2348
6972
4436
1262
5447
8939
11753
611
8314
5300
4272
2026
5760
1581
8533
6758
866
620
7026
7675
11196
2540
5264
11393
4529
4759
6369
10665
3728
6445
4965
359
321
10604
9169
2016
10825
9422
8999
7391
8935
6193
9368
2688
3913
7595
3975
4894
1559
7084
2025
46
5001
9665
5923
11133
10824
9911
5924
6662
7233
5371
7399
8925
2258
9456
7127
3106
1568
11014
5769
10455
4823
2529
9109
7155
7900
9901
11188
2995
5994
10847
5572
4686
4508
6009
1213
8179
7802
10492
8938
2305
10513
4822
5157
88
6291
7092
530
2679
5328
5292
10953
16
10206
11079
6261
162
9772
7269
11907
638
3185
6847
5208
2877
4183
2582
6164
8295
1810
7588
4056
4817
6470
1927
11755
11745
4930
9497
11168
6408
2475
5949
7767
296
73
8826
9919
3708
4221
6003
6201
74
5407
1744
3979
4987
1683
1369
6533
7921
5325
9933
6586
5087
2727
9596
4176
8910
8894
3386
2365
3466
11637
8757
2053
263
10712
10177
6228
2899
5083
8764
4805
331
6281
10199
9836
5876
2367
10646
5363
3328
5383
4527
11834
11833
846
8794
2945
1962
3653
5257
4491
3428
10257
4867
8745
5942
9115
8394
5636
2537
7235
2565
11726
9506
6235
5480
9523
11689
5779
2374
2922
998
512
3463
6612
5184
3592
9935
6405
11923
1087
6343
7180
9763
10559
5940
11845
3625
6245
8007
2085
2647
1577
9658
5695
7760
1682
10250
5082
3750
3903
2072
10800
8205
4300
1944
6761
116
9125
11698
11360
6055
5622
6722
1466
3228
11781
3439
9621
5033
10574
136
6902
3062
1359
7112
8892
1483
8983
2058
4534
7012
1069
1757
1982
6262
10827
38
3195
11760
6172
8088
1374
4768
11502
1539
4777
2268
1208
7166
6596
637
7584
3330
2915
7576
11098
353
9206
9528
272
9683
5110
7272
4643
6174
6426
5312
1527
8494
3528
8539
4317
9226
2827
6013
2782
2445
5195
6778
1203
3779
7044
1356
315
7346
10261
470
2585
9874
2160
6688
415
9154
10657
11125
2897
5586
4994
9558
970
2511
4633
7409
9522
152
10162
5084
8606
8657
8019
8947
3835
11675
7445
10413
8363
11340
9272
9839
1099
5897
9007
4263
4984
9043
8808
7624
4697
8163
9009
5042
11719
4403
450
10178
1604
7218
5982
7670
9881
3912
2050
7119
1199
5723
1730
919
9893
3050
1754
3345
2987
7751
8090
6749
1043
11915
11305
11548
7847
142
2301
7154
4213
9584
7819
4097
4060
2666
557
5649
6257
5838
2852
9929
5436
6734
666
5470
4520
2736
8127
2076
3570
5219
1411
2150
1883
8368
8696
5091
10268
6653
4745
2837
2951
6319
1890
2706
5968
972
10159
8207
5406
5667
1396
4853
1601
9110
10784
6687
7486
8900
6803
2657
11395
224
11771
800
10626
2410
2863
4736
8844
2347
8790
10388
8709
7013
8773
9270
4114
2607
8154
3809
9510
9440
3239
6283
4293
10577
4273
3157
1916
4471
2653
4068
3539
9593
3066
6678
9019
7920
5149
5748
10613
6121
7983
8718
11250
2274
1664
5492
4429
8425
736
3465
7892
3637
6083
11790
4552
4426
4776
7721
6246
3716
4357
7003
505
10252
10194
1816
11232
1325
2630
7746
8291
8235
10451
5348
1358
5500
5698
1869
10099
1194
1698
171
7800
1126
964
6830
8630
3584
7116
3870
9313
9906
10296
6689
5433
3608
34
4137
10460
10269
8847
3961
6756
920
8385
7585
7110
6504
467
2763
5604
4320
11681
5186
8713
4067
7315
295
1959
18
5429
3672
1177
9314
9686
6472
8973
5127
4014
9704
1747
8199
911
6388
9479
11601
9785
5416
1572
2698
9668
4995
5303
6938
11638
6489
6337
10186
8839
2905
11863
5271
4988
7039
2887
5770
3735
5427
737
3257
6919
6895
10324
807
213
11036
10063
2212
1788
486
1134
2049
6127
4274
10792
11692
6606
4294
6409
4690
7589
9466
9181
1775
42
10332
11900
4121
3321
891
5922
5606
11772
1486
6918
6963
8622
7678
5213
3133
549
7479
9078
6644
7867
208
7425
5615
5743
8955
3742
2693
5506
1952
9108
1709
5913
4750
8975
6968
4392
3006
10323
1464
1113
6041
3959
767
4628
2450
5524
189
6401
7337
7472
8129
9476
5831
6626
1943
11620
4651
10987
3095
8407
11573
10961
4804
442
11754
4609
6176
9694
6532
2845
3294
7317
8426
460
5744
9474
5150
8389
3277
6588
5391
1649
5956
3557
6327
835
308
7040
2035
988
9891
4299
1509
898
1340
5850
982
8934
3467
8676
3471
11303
3080
4876
9052
1404
468
4553
53
1996
11693
145
8079
2454
4615
3125
7334
2737
7703
11266
9582
8433
3122
6936
955
5442
5352
1348
4601
4096
3616
2781
2170
10069
5464
817
2855
665
722
7531
3311
11050
298
7649
3564
9044
5933
9123
5200
695
11067
8532
4966
6239
10809
3346
9879
9602
9432
10457
8434
1756
8928
4366
5029
10117
3259
2617
10379
8106
6883
2312
96
7146
2745
4869
11612
10297
10438
9861
9541
9496
3500
7282
4452
874
10505
9164
8457
10541
11899
10386
3400
7782
6812
2054
5653
3872
821
1663
1383
10586
3610
99
1297
10653
3899
9622
4358
1260
10008
4070
6931
5598
7890
4412
2888
11889
6559
4731
3939
6923
11495
10576
9897
11688
7373
684
5591
9267
989
3950
8831
11203
4500
10089
10270
11733
7606
6833
853
2342
3636
1280
2627
10816
6243
1556
7715
3745
1865
6027
776
5798
9675
11509
8971
9989
1511
4562
10378
9042
1419
1028
2015
9404
5976
5059
9279
8927
4797
2243
2288
28
1422
10735
10393
9892
8223
7165
2315
7823
36
9951
3107
2943
4985
6891
6828
5605
7796
6792
4605
9650
1368
1892
7099
8639
294
7270
8881
2323
3057
10349
10287
9162
5834
7036
277
3915
6776
4419
8070
51
4831
3890
7297
829
10852
9386
4257
8899
306
6815
11710
4752
2108
3188
783
9236
4911
7424
8461
2814
7064
11247
2962
5490
690
11414
2077
8440
5055
1584
2628
2034
10955
3962
3141
1204
479
4590
9235
884
11807
3079
9335
5139
794
7710
4824
7912
11108
8386
5901
1636
9306
2014
7991
6217
4456
1243
1307
10190
7999
8209
11040
2044
2409
8740
6119
1856
5092
11742
8686
7396
4950
8758
11592
4943
6603
9757
1195
11528
7883
7193
971
5318
6
10449
6387
8893
875
461
555
9484
61
9550
10896
5056
8332
10682
7378
8641
7045
10284
10609
1433
4444
9578
6729
11347
9915
9358
7175
3383
3087
4318
8520
9800
8011
3960
6569
7103
3156
1545
4700
1053
10144
10807
1217
4479
6109
1132
9083
3355
11348
10494
1438
5154
11139
10585
2708
2103
8343
6324
4264
6297
4735
1234
4941
5166
2645
9305
9748
6670
6040
6345
2303
1936
4860
6702
623
5163
10420
4977
3665
6427
721
10819
4201
11277
1737
5290
11107
6630
1617
4069
7523
375
10260
475
8367
7461
1797
8000
1738
7803
6542
3814
35
10232
1546
9161
7669
7238
8117
11321
708
7091
11544
1393
2198
8576
1635
134
89
10763
3850
6990
5483
5069
6356
8466
2265
7904
3034
2115
5488
9227
3211
5581
8012
11355
9008
3238
702
11854
1666
2646
8962
2800
11744
1036
8399
10950
927
2126
1703
10473
1306
5546
7022
7758
7604
2566
11475
11914
9259
7560
9215
4808
3922
2095
5960
636
2958
11044
9403
5227
1987
2844
4192
4607
10901
8786
8379
3044
882
726
2530
11248
6045
6183
10500
10828
7021
3042
6920
3646
6075
11022
5697
9938
7076
1999
11076
9143
6940
9672
1829
564
676
11427
289
8981
5121
7749
9204
5051
819
6558
1773
7522
2828
10771
3600
9460
3995
5761
1097
6541
3456
5762
3590
11437
798
4951
7553
3655
10726
406
4042
5392
10169
3806
288
10289
7962
6841
4542
8684
11026
3474
10126
4921
5777
6032
5849
10979
6058
5319
1836
7768
5645
1385
8516
4155
3115
5662
2221
9776
11483
9614
3743
11436
10689
6867
9961
6622
6787
558
5895
5902
10491
3022
4839
6695
7830
2459
9116
6578
1592
3624
4844
4124
1743
215
6929
1482
514
3187
10225
1269
8884
9443
9155
7714
10216
4182
3170
2296
1475
10897
8547
11850
6497
7287
946
3537
6514
4021
7769
4074
11855
6693
873
9944
1833
942
4191
2017
485
1394
9196
1169
3502
4420
278
1116
10622
1384
1647
5435
11913
4166
9808
7810
9190
1105
6436
11220
10981
11337
11652
8830
1548
10357
7153
9618
8448
11329
2340
4157
980
5861
8919
3725
2205
4265
9970
7694
8282
1415
1701
8529
4236
5839
2851
11385
1386
9015
1692
8417
7244
9936
9736
6527
11319
160
1761
4211
909
3278
1072
7027
7661
2648
4129
9001
7639
4671
3690
4113
5573
704
11402
3008
11762
7314
10037
9384
2881
9900
2603
7246
631
5057
6010
11810
540
1232
3789
7327
5974
9927
969
11711
3032
3490
6712
10601
54
11555
5408
6084
8575
1648
3700
9871
7361
3582
6632
100
2414
4209
6839
4238
9918
10608
6874
1684
5784
789
7829
1378
10916
1960
5957
5344
8217
2189
3670
9304
8730
10658
929
621
881
9286
2914
7822
5627
8432
11161
8225
11513
5141
11373
834
7742
1908
1052
2895
11054
9838
5426
6715
4246
5409
11472
3825
9208
2979
3273
11837
8488
11008
10995
4128
10359
5996
11881
11718
4886
5552
1844
9695
1468
2195
9812
2504
5253
459
6703
11313
11034
6280
10221
11872
6858
5145
2105
1711
5969
6716
9465
5688
5703
7605
9092
10631
2230
7958
1108
2574
10189
10466
6742
10556
8110
4083
2931
8682
10861
6211
11780
9713
10027
8864
3849
600
125
9375
2890
1469
11194
2971
9017
8430
7274
1981
1655
5509
9124
11167
3070
11392
65
4103
2580
4968
6491
10888
10387
26
9701
3231
11540
9538
10410
11536
11511
7355
3726
701
6048
11258
8134
323
3112
8566
4321
5753
4047
618
6145
3437
216
3348
5914
8909
10990
2816
7485
3340
6819
7594
3412
9963
9501
3005
10168
11493
1321
1180
8596
8377
9394
5103
2726
10780
7058
934
9529
4446
6707
6786
8974
2180
7323
7755
2402
3013
8244
6732
11323
3970
91
6460
10557
7296
43
9676
10053
9946
2368
5308
3485
7801
10374
8801
9407
119
4437
2753
1807
1528
11229
10298
1007
5640
4769
2864
1226
3394
9298
11238
8953
6560
181
1801
9073
11216
4455
4862
5175
515
7062
11117
4525
11401
1331
7055
3332
1010
7134
1690
4767
5869
5418
11512
3944
3462
10746
5194
287
252
8802
2728
11357
4704
6671
9209
6788
4319
7000
3124
6018
3854
6094
8477
11617
657
6236
6074
4310
7575
11332
863
766
1197
5609
1926
9692
7170
6730
3851
9245
10727
6668
7656
7845
11126
3004
2018
538
6335
9295
529
9739
947
11276
11655
6463
9297
1726
8867
7638
3778
6896
6985
7353
4385
7748
11330
4813
8514
4115
1395
9016
6005
11627
5204
9380
6199
1179
11585
10375
1717
7164
3534
9361
8475
7926
5041
3823
5841
7360
2549
4337
7136
5248
8423
11296
2322
9261
6625
2463
5078
672
2589
6165
1285
9330
10644
2709
4795
4344
3323
186
5048
7310
1024
5507
4322
4408
6813
8857
3917
313
8026
11564
2637
3061
10782
2584
1168
7264
6346
1574
6355
3143
7918
7387
3267
7100
10180
2467
4391
2070
11763
8304
10879
3984
7994
4608
10709
4304
7929
11422
439
937
5266
5717
2711
5281
4788
2859
2186
6370
7215
2330
6414
3609
8269
5335
10365
251
11189
2339
8998
8921
10421
4664
10295
2601
918
6903
6390
4187
4959
3276
483
8854
9889
4034
3121
5329
1467
4148
3489
4499
3223
9321
2032
11166
11925
2356
5122
5578
1054
6210
6945
9405
830
5131
4732
879
2324
1808
3149
2879
9045
9595
9746
144
4281
4524
7477
10307
6823
7307
7612
11403
2842
7837
9213
1953
5559
3269
4669
1059
1450
7965
1622
10050
2468
5327
4146
3887
513
7702
2349
8083
9334
9134
3165
3403
8772
9376
4003
7990
8524
11823
4194
7534
9909
10358
10163
1667
8972
6244
10243
5570
9233
7854
3840
305
5939
6082
4250
1233
4939
6131
3167
4119
1266
3068
8406
11016
6347
1366
11031
4677
2321
8664
11072
991
10662
6471
1729
10860
5946
11897
7973
11351
6562
8228
3573
3647
8669
3392
2097
7776
5987
4714
11662
334
762
8737
9324
268
2518
11809
6680
11782
3111
7397
11265
10520
892
5389
2791
3831
1594
10502
8182
1051
7774
1388
159
3409
7417
6496
8093
1977
1899
1764
10989
2161
8253
11463
6252
10865
1136
403
1151
9945
5031
6351
10061
9339
6660
5802
4376
6869
2373
1376
2045
8593
1727
2841
10113
2531
5950
8558
8133
5462
8200
9317
2512
10377
3402
1809
2977
1114
7386
5434
11223
5446
4979
488
979
10510
4625
3888
1089
3948
8206
4435
7471
3565
209
7512
3906
5357
9231
9754
1934
9539
5338
1042
6950
2682
3635
8493
3526
648
10871
8646
504
9556
3552
4762
3021
3130
3035
5992
6122
279
4079
1748
4329
893
7433
11041
6759
3116
4848
4565
1573
7432
7090
1612
4106
6523
3176
10334
5796
8871
10628
7494
9557
5398
10097
10262
7503
9765
10196
1901
7256
11032
6036
9079
9924
4313
2636
2729
4230
7956
4587
412
11878
5789
11571
9002
3197
5896
3246
2472
5274
4660
9478
7866
1014
568
614
6849
2590
5608
2141
10925
27
10072
5258
3859
1406
9288
1476
80
6488
4416
5707
5294
3696
10944
316
3338
4248
2438
510
915
8460
3699
10402
8288
8775
4138
3435
7724
1843
780
9964
10720
547
8551
9798
11789
421
11311
232
3184
9972
8874
1423
1143
6372
9982
1492
753
10530
9006
7074
11908
8317
683
9370
3445
20
214
4672
2490
3089
7696
5843
8692
9038
7836
8075
10845
7757
10698
11490
3885
5058
11331
522
2013
9702
747
11558
6406
4132
9575
344
4229
10836
2466
11179
9379
451
7242
2297
3611
8047
10546
11842
3717
1518
9323
4938
7713
11467
654
897
11070
5355
8783
3177
7253
11826
7647
1582
2266
7148
7281
3248
9654
6868
9973
2810
7207
990
4290
9856
4637
10592
6661
6585
6865
449
9744
11043
3698
8408
659
681
10951
542
7359
8010
3633
10674
6713
10945
5613
961
10095
7963
3941
7855
5372
7586
3025
6641
9287
10392
10729
9926
8704
6182
10198
10188
5046
10203
8665
11891
3382
9638
10568
739
9907
367
7846
6832
6587
6794
6237
7318
7470
2359
11152
5471
4842
4430
6264
1519
9173
3357
8243
8118
4094
10411
6551
6659
2923
1077
6993
8845
8144
4364
5776
1874
8597
3233
10230
11932
5730
4032
9217
2989
8476
44
6568
1915
10316
6694
1586
9853
6326
664
5307
205
9475
5544
11377
3501
447
578
7495
5679
792
6104
11132
5298
8353
5626
10583
3150
1009
7558
10208
2405
8236
7940
6679
3807
4283
8989
9082
6765
11870
10043
11071
11626
8091
4724
8218
9100
10986
1851
2422
10820
11270
1878
1096
4597
420
6981
5883
11446
8145
11625
7695
10419
9762
7620
10448
6640
4493
5652
1501
11611
1190
3530
2639
10764
3230
4897
9793
7459
10090
11440
1599
3754
2153
11593
107
10431
7261
2134
9726
1320
10693
3968
2663
8559
3894
3688
8731
735
11843
8029
7028
8747
6444
9592
2891
11904
7856
3602
11148
1361
182
431
764
11788
11824
550
7325
1278
11134
8188
5004
11628
6769
10527
11131
11151
10734
2772
9029
10242
6012
332
10773
7551
7227
1127
10971
10385
9189
2805
7712
11933
3932
7864
692
2234
548
9349
2024
304
11287
11465
2710
2500
8398
5851
4510
11283
11644
2123
11042
10107
5633
7543
4024
11023
8262
5140
8586
3701
6543
10907
2133
11213
8064
3662
3724
2332
4659
6128
222
5978
395
7667
936
8623
1447
10799
495
11328
4174
105
385
4623
5456
2779
8685
11000
4016
604
5523
1347
11140
9097
4794
10007
2733
594
8016
8997
6360
3654
3895
1064
6518
5786
8620
11927
4706
11594
10639
7993
1802
10801
7562
4302
7415
5005
11846
8097
4142
3053
8039
10539
1638
5878
6697
11636
2544
430
592
3286
11058
6209
7998
10890
2886
6450
8396
10518
8695
1153
7903
11365
3579
5375
9251
7118
1261
8848
5104
7049
8903
6909
1104
9749
3366
11359
4327
9142
11252
5293
3256
8531
8002
1185
9351
11500
1091
7380
4466
5955
9925
4699
7971
9857
4340
9549
5353
11243
4085
3561
2621
2625
8649
163
11187
6011
4223
10395
8349
8792
69
8800
6001
6135
4898
4519
5247
532
7679
765
6507
4205
10572
11752
2418
8109
9648
8308
4259
396
1460
5499
1819
7548
3030
5778
521
3448
3240
632
2311
9244
358
1937
6540
2854
8739
2166
2090
3996
2366
2960
7152
2331
5310
6290
1791
8062
7733
2207
2761
7449
9241
9981
3788
5676
369
7577
9991
10676
3404
7820
11367
3797
8153
5354
7756
4993
2063
9281
10736
11018
7526
11682
4632
9846
8809
2773
6311
2836
2760
2211
8655
10036
8648
8281
6284
10071
7224
7309
3822
2249
9223
4331
5006
8108
4913
6352
4922
7263
11567
1646
7567
114
11063
8081
3966
4149
1176
1637
11619
7053
9548
4058
9636
2283
10091
5884
6939
4101
11474
10311
9844
1026
3566
3868
10728
7192
10052
9061
7685
5658
5741
7008
8812
8781
649
10476
226
259
10673
11521
5508
3232
4164
10149
10591
601
7080
3869
596
3260
1837
10717
10032
2755
8046
5795
10663
1979
1496
1286
5742
565
6623
7809
6750
11918
9011
7490
4751
4614
10000
1432
10806
10277
10001
1538
11364
8624
7741
10594
7306
7072
1620
6065
2734
3222
11764
5618
422
7597
11404
10321
2341
2213
4679
3147
2509
10226
8561
1160
10060
799
1762
11683
5164
4644
10671
9827
9875
10988
6101
11707
7487
8273
10905
11097
8316
10340
4354
1288
5930
7405
3174
7909
1712
10928
5401
551
10692
6941
8714
9439
10503
2599
2917
5172
4578
5932
8855
11062
4193
1842
8777
5022
2744
3619
9331
2746
7550
8074
2751
5833
4123
10618
1181
1613
1565
429
9056
4668
6247
4821
1880
2171
6973
6982
3546
7462
2106
1532
11215
8991
9533
2620
3336
3786
8381
6617
503
1746
6443
9718
6777
6038
9357
4030
10459
4654
2742
8837
7262
6770
8143
3627
10439
4583
10654
2215
9187
9315
11691
9360
9847
8387
8865
3755
4556
9928
2684
9792
6607
11801
7557
3084
4447
1872
7966
10649
10239
9033
3318
3408
4682
6110
7009
8307
10982
5607
8736
1457
10018
3921
1818
1446
9172
5554
5138
10906
7570
6308
10602
4482
8443
1044
11195
4048
2313
2626
3588
6437
7047
5002
52
8875
11581
4338
9997
5886
4268
2248
7336
7029
492
108
2932
9467
3709
2528
5587
10404
5708
6650
4006
11103
2503
10446
7198
8100
10718
1887
2889
9647
3997
4906
4427
6293
9081
2162
10104
11383
6613
2985
10073
8340
10330
164
8451
5399
7291
10991
3103
6306
9420
10647
5775
1567
9611
2023
2086
2988
115
1349
8233
394
2573
71
4618
11162
497
9862
4256
4425
6266
11378
10017
8421
2934
7561
9062
1520
7630
7191
8569
2502
11574
1294
5973
3669
1448
1131
10855
2806
11374
7504
6076
4760
9018
5877
2770
10087
5226
10185
1250
1505
5825
1212
2906
5060
9054
6804
9547
3816
2562
10167
11017
11656
5840
3339
11546
258
2393
3372
1161
11774
2089
10719
1576
11251
7372
5321
811
8226
63
9416
10241
2654
10098
4785
9065
11322
6373
1864
1375
126
6526
1088
7611
11394
169
803
6307
4687
1221
1023
10181
8359
10195
9826
10244
5498
1451
11737
11503
4120
10383
5537
9583
9934
8632
2401
227
7660
10969
4291
6814
8334
10798
2581
8822
90
7976
2799
827
2158
6410
11094
4957
3426
910
8192
10573
4411
9585
2429
10222
4210
11170
5749
10467
11805
1639
9577
4492
11816
10964
1334
7236
7831
9612
4301
1253
8360
2364
9594
4023
10161
8246
8119
6775
4105
3120
8495
10584
5093
9883
9218
7188
5993
9649
1235
6563
10880
11274
8577
3491
4543
5417
3359
1428
11376
996
3535
3562
11375
2061
4506
1149
9888
11314
8791
9758
3761
10303
528
7283
3201
4012
4852
7579
7089
11898
9811
656
10980
7704
8045
9631
8128
0
1951
3399
3889
4641
2936
7957
10919
6030
7868
8583
2629
3642
117
11396
6605
6446
8255
4546
8889
10707
11324
9035
9870
2486
4600
11756
10051
9691
4245
1961
9542
4961
3680
340
6536
9495
6022
11081
10456
188
11674
2635
97
2404
9699
5623
3039
11468
5525
3475
10248
9271
7711
1196
10864
2564
1657
6649
7388
2285
11814
11306
6100
5625
7607
10401
3862
8331
10757
7533
11519
4140
1430
6731
605
7145
330
1914
6418
4059
2788
5073
10710
2697
7280
2392
9118
1456
6498
10430
6085
6225
4112
6166
8642
4924
9780
4434
6162
4787
7688
5066
10738
1109
9253
6590
7488
1198
6705
8378
6545
8944
4662
6002
1674
9046
6108
7659
847
3309
3114
11841
1142
8872
6338
5931
4355
7300
6288
8621
9415
9674
2904
6524
5820
9000
2059
4744
9845
2350
4857
8504
6805
1998
388
1154
908
8604
7622
5235
9755
7189
3525
1305
11610
387
613
2202
1230
4996
9685
3914
1401
9477
7147
890
10766
3925
6956
4382
11294
10627
7381
10555
3229
4474
3969
5067
10010
5527
2276
8964
9353
11013
9673
443
4582
10127
4878
1402
1124
8674
7489
8540
3431
5911
1118
7139
3980
7964
2959
6784
10207
5317
901
6615
7407
609
7792
1455
5879
9738
5733
3067
7791
6434
1276
926
9348
3498
8666
8543
10564
60
6581
6840
4111
9992
10617
5964
3598
4375
11333
5454
7513
3824
4131
1070
9729
10474
9943
4087
260
6911
4515
9332
2873
6299
3548
206
9619
10100
177
10675
2465
2094
6525
3377
1689
2446
5668
11116
9807
9026
438
10545
3224
541
7245
6056
1970
9587
962
1377
9737
2913
10636
3615
5564
1495
6570
8489
7254
7065
3527
6004
5415
2961
11342
8856
5785
6461
10908
8279
11922
8341
8453
11563
5343
691
379
360
4031
4275
11517
3773
5167
1671
6760
5309
4833
4222
7031
8818
3364
9682
7002
348
11295
5716
6310
8170
4484
1224
11089
7737
8920
3430
8066
11765
6975
8611
2618
11432
10394
10304
6515
10612
5951
10033
8178
501
2817
8651
10667
5410
5821
2598
9818
9277
8647
1716
4691
11456
4645
5706
10312
8523
3805
7467
4335
11672
10960
4141
11917
3017
2826
8660
8151
1547
8462
5659
6099
8570
11549
10483
3367
6057
1442
9488
6451
9884
9574
7731
10343
2269
9712
10249
11602
10629
5560
8191
6317
4498
6696
1955
2661
4418
6652
3322
7137
2292
5469
11645
335
7108
2148
11864
24
199
2492
8619
6167
3907
2916
5237
496
10563
6273
1973
7363
5302
4239
5455
7838
1990
11499
4598
1477
1514
6397
3871
5146
5516
11800
1189
5003
8755
6639
7234
682
3247
1563
8980
4005
11608
6810
3264
195
655
4184
3863
4976
1972
2484
4033
6274
79
425
4347
1079
5478
3381
3510
3772
738
5192
7813
10286
10703
7468
9352
5330
362
9145
10581
11853
9954
3241
7786
9199
837
7568
7641
11832
11630
2284
5650
10870
4551
10086
3626
6947
591
10685
7954
6882
200
4754
11716
3003
6378
9834
2394
808
7499
9074
11818
9425
9586
4258
11572
1827
2780
1523
2583
2608
3356
9333
4814
9487
8478
11466
10834
4592
7048
5617
4547
7075
10014
4092
10656
9326
6959
7210
1933
1055
2638
10522
2513
675
4843
9774
5472
6513
3041
8263
9289
3896
9703
10278
7893
3644
9163
2152
7596
3601
906
2231
3687
8322
3741
9225
9735
3302
7247
5299
6435
3059
10610
5690
2124
4610
1188
5382
6342
587
1017
3265
11143
10664
8723
3422
5929
8907
3556
3194
8911
6219
8280
9254
11297
9980
7416
10045
2431
4066
7229
5920
7469
5577
433
10977
11666
9863
8215
3547
6851
9987
5064
1412
2880
11358
848
7251
3296
7927
5361
405
2819
1763
10838
1800
10044
10856
3593
2233
4312
3368
4178
6329
781
10996
1080
9809
8020
4733
6477
5050
4295
10134
818
1846
233
10630
6686
5794
10034
8691
3293
720
9492
2878
10918
2247
2358
8530
10683
2122
1159
2225
4974
6095
3660
1439
3826
2907
709
8072
10791
1725
2430
8592
1626
11240
9519
6850
11178
3751
650
8795
4308
8961
9098
6937
10172
7876
9486
6301
8668
11566
9520
6138
1954
4015
7931
7521
4780
10478
7406
3673
4511
2481
4309
9393
9711
10403
999
9205
11484
7886
411
9325
7559
9414
8044
10428
2275
6480
4443
3085
322
9060
1897
5868
1215
11411
8155
585
7237
5460
2720
8912
11257
4457
2329
11671
1799
11085
4561
9135
11530
9343
3094
4384
8873
3796
5803
5822
9216
3123
7739
254
5686
8929
6452
6860
414
5316
11817
6757
8603
5545
7037
6642
5722
4277
3481
4866
2250
10532
3681
3804
3077
5589
711
5496
6522
2357
6047
4825
10942
5040
5047
3007
4472
8793
4285
9312
1531
5373
8876
6265
3138
5346
7972
1969
951
6050
3571
9962
6202
6831
790
5420
5482
2869
3852
5273
5425
5086
6752
7163
10854
5419
137
2080
9362
523
801
4040
386
7540
10511
10892
3760
9908
4815
1289
8711
2942
5672
47
11045
2403
150
11664
7775
2310
4907
1685
11413
2882
2140
3287
2567
5190
7126
5731
9423
2333
7220
6500
622
5807
10528
9591
128
9567
10512
357
3628
6309
8160
3876
2375
7443
3337
9819
478
10105
3221
2571
5284
11873
10882
11909
8615
8613
8534
1838
11439
1474
10062
3943
6425
4480
5860
10133
11241
11890
10538
217
1997
4826
397
3427
1910
2069
6922
4790
7747
6721
10973
135
3881
10582
3517
2167
1861
3714
3905
11366
9942
6238
7289
8810
8171
10802
6031
6316
10258
8325
9080
1863
4228
7785
6194
5130
6704
6912
6270
4453
3178
4398
4400
8521
4488
2972
8435
2060
6155
3858
8098
7939
10424
8318
8486
3634
1718
4681
9730
4383
1329
9803
784
775
3493
10789
9816
11728
7404
3347
3952
11643
8840
9628
5276
8749
1351
10701
5787
9773
3131
7643
2482
4992
10
8333
10889
1665
5533
3978
663
1135
1
8142
4200
8415
943
3529
8799
10486
4875
6594
11169
6743
8441
7335
1558
3799
11576
9377
2825
1158
6212
3707
1946
1063
7668
2139
1898
5654
5823
2950
9424
10347
10271
1122
11024
7777
1081
960
9371
997
3780
6783
2232
10962
6967
9099
4284
3790
816
11888
350
3105
658
2999
6738
6140
5244
3214
3026
11859
11159
3544
2144
4526
9613
1098
11535
6992
9441
173
7859
7850
4518
3818
928
10153
6948
7566
6328
1521
465
5374
3374
7171
3152
4507
10808
7408
5212
10753
3023
3844
575
7975
11430
2427
10997
4772
276
6423
4022
9388
10142
8585
938
7202
862
9069
3268
6876
10179
3429
7109
5986
4948
8515
1123
10442
6130
9521
7038
5632
9
1555
3175
3664
3169
7989
519
7370
3078
11924
9378
3446
1941
11157
4175
4713
11121
953
9855
11584
6580
3419
1240
1691
1267
1653
5267
8071
5191
4708
9821
8763
7911
11598
3249
3589
2908
9667
11556
1414
4929
5096
8376
5561
9731
7056
11350
4169
9854
9322
963
4832
10019
5678
6657
756
6499
11886
8512
1478
8549
3555
361
10754
261
7057
11261
7197
7018
11123
7496
3014
4849
2117
4903
7919
10672
8728
6796
845
4052
5938
10046
6901
2395
11149
64
2798
10853
5291
11798
8979
5699
11275
11477
7157
6117
4799
748
8785
11852
5528
10558
10774
218
857
4266
6066
11025
2870
1513
4642
8667
4914
4029
802
5965
1847
6768
865
9133
11141
6020
1693
9402
2981
4889
172
7435
1068
6995
6910
393
9369
11035
8656
7497
3817
10116
424
5283
8264
7004
3358
10350
9690
10122
2924
2447
11738
5445
2448
1676
7517
10744
3052
10970
3833
6023
10231
5915
7054
861
6900
267
6208
4983
3994
8416
2224
7814
7135
2716
6353
10477
10285
5651
6200
7179
6442
5894
6220
6333
7818
10475
8556
810
4390
5489
6561
2918
2040
9659
5816
5075
5793
7948
5272
9249
2135
10844
2355
5282
452
2204
4481
6994
677
6857
1873
6424
2121
179
7602
1258
9504
749
11538
9119
4061
2702
8766
9790
5752
2872
9745
6913
4606
7740
8702
11783
9430
4812
3976
4151
10171
4165
11734
9551
2079
10376
10015
9024
2391
6362
8452
4041
8678
11279
6185
6479
1917
7505
5569
7910
9096
5182
641
5402
7759
8025
11879
1298
10690
5424
1918
101
154
8858
9573
11476
9568
9090
5023
4572
11051
699
2593
11429
2527
3791
11225
1806
8631
2824
9307
9070
10447
7692
5903
8506
6785
1086
10547
8866
5580
2572
4509
5481
9947
1223
956
1766
6964
3283
3390
2440
11526
11725
602
10035
1487
1141
1755
10846
7901
5905
432
1295
6614
5874
5183
1440
5806
1896
4571
546
8324
4020
11603
4254
8602
10096
1257
11104
3998
4942
11607
6072
4461
4661
11239
8227
6279
6354
8286
7784
5245
11027
2692
8017
1259
4725
9200
109
1008
6158
6103
10910
7208
6795
1585
9902
10748
8560
4545
952
9087
8439
2510
11428
6958
8241
2421
5238
3957
5543
8169
3752
7614
7524
2458
9983
11221
2792
1950
2068
11369
4663
2369
2556
8612
6589
4969
9532
907
9569
5155
2774
10338
686
4516
10080
1774
844
8836
1640
6495
9027
11222
6544
1304
6481
3440
11486
5444
1035
10519
2104
3706
9389
9852
5336
8048
11449
6256
916
5384
5966
754
945
3933
3291
5865
4292
1413
8496
2539
10150
6549
8380
3511
9988
9503
3967
3678
10793
10621
6399
384
11815
4517
4952
7723
11553
2591
4204
7930
9835
10835
4247
5185
8565
3438
8259
11080
8782
3375
746
11582
6577
7211
3411
123
2553
11670
4394
5771
1441
8484
5937
4050
5181
10818
168
4185
2754
7651
3734
9171
1365
2789
2990
4947
9242
1033
1889
9055
3457
4237
2783
11391
2286
7252
6506
4158
1504
9494
2287
3879
7895
4884
2485
10725
6021
1708
2031
6999
9276
4912
8485
3581
8345
191
4353
10314
2546
7453
11501
8181
1590
1494
6824
1277
3993
8449
8444
9996
8853
3313
1630
81
8637
448
11916
3710
4267
1163
6957
10023
5568
3986
3759
11269
4473
4763
3674
5758
3509
5263
1611
2952
3977
11796
6864
4688
8413
1397
10059
7804
7172
8835
3391
407
3258
6595
8190
4528
11180
4393
3638
1293
3242
7794
6873
4934
7219
6473
7129
10869
7657
3916
974
1564
8811
3202
8756
7067
6381
2088
8891
1644
1854
4851
2188
2743
4916
11086
11184
576
2474
9294
8741
4678
4923
11861
9485
2036
6974
9747
7839
3689
3771
2
7732
2194
9243
10761
3606
10699
1618
6216
11405
7260
2132
10968
8659
11455
8748
6884
7946
11113
9566
7648
933
10914
11701
11518
10549
1145
1971
6068
6191
7343
1431
694
8774
7418
8232
2067
9684
4789
7436
378
4727
6320
8306
10234
8335
7676
7693
10026
11224
4734
10259
3284
11033
8820
5977
4156
7631
2823
4723
8268
5168
11806
4076
9387
4202
2796
10464
730
11315
3591
1811
6616
7587
6725
3617
9753
4689
8362
2360
312
4624
8099
4255
5128
4167
1339
5724
7308
3924
1603
10721
2954
4039
341
6334
9666
9025
8965
6714
574
223
236
4159
3645
6234
6508
2787
8299
6092
6139
4339
11114
4770
11464
314
9222
627
5995
5113
1753
4402
8030
7255
7632
2177
7184
3808
7368
8701
7544
3076
8784
4537
5076
3520
11412
6207
286
8498
11773
4150
856
1284
4779
1862
245
1963
11482
11293
5812
9828
324
10936
3692
4417
10025
1619
4445
11778
8424
10368
3210
8252
2835
4371
4920
6049
9782
3545
6298
10054
1046
3518
143
2609
6806
290
619
586
5210
4940
8458
5848
5726
5906
2900
2267
9708
8885
7138
10826
9188
11747
4231
2175
10978
8102
3719
1789
10251
3058
7891
2078
3987
9468
11565
5887
5158
6991
7271
2738
9088
10872
6553
1271
10415
7010
5095
4410
10640
55
5068
5517
9979
5473
2809
6567
559
2411
7440
6877
5847
9421
9740
8120
728
5590
7265
4057
8056
864
11485
8003
8705
1484
2412
10898
1323
8813
11591
5487
9459
6039
603
8403
11751
10223
5829
4177
2594
6658
8538
646
8948
11185
4195
8829
6698
3886
10743
2304
5910
1935
8574
3800
3988
4761
2801
6073
190
7319
6949
1316
9280
1817
2376
7427
3618
595
7228
7773
4025
5049
1888
3341
10833
7506
8937
7085
10923
10829
2193
4122
9106
2717
3762
10125
1924
5967
6838
376
9783
6599
4049
7858
8768
10851
5830
883
8180
4967
8578
7460
1171
6598
6740
9721
9531
8729
4741
6793
7206
2555
6292
11481
5230
8404
241
2871
9880
9461
11492
8658
2664
6921
11599
11068
4803
11609
7426
5174
6154
11007
4975
2400
4888
11697
4673
7947
11231
6643
8993
9524
3417
8057
8673
11494
1239
6189
1050
3663
4868
349
6928
1853
9710
7849
7442
1710
10635
10599
9898
6374
10941
5443
3516
1241
2000
3727
4311
10952
11202
10837
5102
6733
11400
2419
5811
2963
6118
133
2176
2652
7379
1925
10691
7603
3196
3275
11896
3204
3572
4816
1090
639
11090
5671
3958
10694
9269
5870
11130
5757
3499
5326
2216
2413
1825
8984
4013
1932
9656
7173
8298
5535
7288
8124
1900
7697
4043
573
4326
4421
11779
3139
8542
838
10495
2619
10900
7881
6391
6226
6153
9198
1275
2477
992
7885
4880
187
7121
1537
7894
3782
10143
7225
5301
4970
8677
7414
1392
2087
9153
4986
6748
3904
7805
6029
7578
10009
1216
2396
11787
6272
10131
82
10360
2314
8101
4905
351
1410
9091
2493
6361
1350
7144
11473
10370
6190
7877
1296
6428
5600
3643
5501
8513
4428
1845
3282
5491
4834
7292
9639
7899
10154
10468
7953
583
6180
5867
8471
3295
5624
1512
2113
10862
8945
11069
370
7199
8628
2861
3104
8354
8700
4130
9179
3484
8487
11589
11061
10550
3292
9262
8242
8595
983
5518
5365
5014
11684
3599
10638
7161
9775
8350
3093
9953
5397
6766
5780
1772
6535
1357
4497
7863
8053
2673
4093
3715
10064
72
1268
78
7549
9341
9232
7949
6739
8908
487
2522
2252
729
7423
2925
11769
10279
11015
10458
2107
872
10999
567
2203
11077
249
5715
1324
1034
1658
7035
380
11115
10575
506
4077
8061
7640
7364
8732
1662
10909
2196
2765
4743
5866
9101
2378
7480
2382
763
6886
5438
1672
9917
10779
297
271
2214
2051
826
4581
5137
7984
3651
1016
1752
5712
6054
6120
11819
11186
10068
8803
4439
7441
556
2868
2778
6576
6156
11106
4380
5159
870
9397
8568
10899
10088
8082
10762
7729
1060
1631
11679
2306
11647
6400
9952
11410
1540
1006
9250
11926
402
5596
6531
7328
981
5740
10772
7552
343
10797
10302
5555
10755
5465
10954
9609
8767
6820
3113
6741
11009
9514
5347
2843
3867
4249
6396
9160
7683
9630
2940
3192
6624
5677
4871
6859
610
2994
110
9020
7458
9709
2420
4718
5644
7821
1707
326
10280
7827
2602
4933
7812
4373
10214
4753
8080
5120
11510
11284
5249
5947
11078
8480
9664
1608
6407
4075
5339
7395
1673
9224
5550
2735
2980
6091
5032
2495
6315
7981
1045
11702
235
1557
9316
456
6509
7937
6382
423
3212
3203
3193
10739
11665
577
10756
7011
11580
10396
8650
1000
5759
11341
2675
3629
1315
9937
8216
234
5366
9278
5704
4147
9537
11096
10267
4095
3314
10306
7354
1550
6454
7616
5696
368
11880
11537
8414
5105
9170
8450
7535
2547
8522
2256
9882
4536
3671
10078
1656
1379
3798
7593
2807
10959
1980
10433
8390
2815
8703
8880
10151
6014
1170
7299
3186
8898
5750
3827
6147
6724
1721
11715
9767
1909
7301
7967
7944
9438
7840
7377
4652
758
8234
11349
3449
1019
8161
10972
10158
4695
10361
2662
29
10887
5228
4887
3354
4002
8712
262
1493
4726
8214
141
987
5768
10469
9663
7722
7273
5012
4470
6086
8819
7913
8358
8196
440
10367
3075
11105
2756
10883
7344
