3295
1167
2907
1079
83
6929
2252
9505
7039
3607
1343
11243
11603
4870
9636
7237
7920
7714
1304
10520
11341
10753
3628
6851
3647
11755
3341
8827
7602
5505
692
6392
9340
11683
10286
10972
6846
6291
2377
4795
10359
8844
3165
7548
3824
2175
11447
8640
821
793
7046
6218
5317
7912
5293
9136
5329
3464
11458
5615
1036
2908
7855
11214
79
7558
3681
1744
4257
9153
5591
11819
6085
6624
7298
2647
9187
1656
414
7423
5685
1654
8001
9144
963
1188
1890
7829
5941
4761
789
6524
3066
2591
11366
3079
11582
306
2967
7640
8088
5607
4195
9811
5811
6905
5057
2492
1844
5896
9384
5839
5643
9052
5767
8146
11150
2693
3980
7200
727
5002
8570
3374
4652
10946
4851
8083
6553
2000
7479
5605
9233
10223
11674
638
10054
1001
7805
710
11557
5373
9891
737
7247
9317
7026
11764
1154
9415
10365
7804
1889
7336
11302
10829
1503
9883
5625
10816
2278
4121
4852
8790
9690
2518
2639
6786
8732
2367
9366
1104
557
7577
7739
6145
10680
5258
3492
1225
7983
7487
2364
10161
11769
8586
7972
794
7486
2180
5969
5155
11717
6702
7469
5284
2665
10747
294
4041
9981
3942
11836
6199
10524
8417
8820
3228
6833
1152
7679
1836
4472
9872
7193
6425
3764
9880
3147
10290
1703
1366
2455
9549
2162
7757
9065
5983
7723
6094
6235
7291
10674
7236
1572
7188
2969
7314
7128
2090
7135
3742
2682
2036
2953
6039
5022
6336
6244
5577
6750
9189
5923
5730
1045
2405
1357
4003
10045
2396
4578
960
5912
3701
8979
3687
1098
2283
8541
10486
4128
2510
4303
9906
11591
6310
6640
7157
5555
4993
7407
9938
6806
9945
316
7823
5573
5416
10178
593
2279
9767
407
9731
4572
1122
11377
8961
3528
2846
11616
2166
7931
9186
7458
9953
861
11898
2035
5608
2313
2202
2697
11204
10721
7395
9857
5075
3269
3349
9106
3105
3611
7945
4502
1991
459
281
10207
1163
4798
8170
873
10341
3709
11716
11688
11927
2743
3395
3345
2976
4527
8190
5636
1565
6220
3674
10699
6316
10783
6992
1864
1636
3277
7820
1675
11567
1055
9987
1284
3797
10748
8845
9223
4859
1289
2737
3906
10766
5428
5168
2195
6207
5256
9694
6246
11162
6882
5327
5807
7414
7656
5516
3223
505
2171
765
10502
6452
11742
3678
8682
4932
6623
9675
6356
9659
8603
4599
6886
7198
8880
7220
11907
6003
4255
7649
5271
11644
8925
4571
4103
2923
3969
5841
1826
7083
10601
4758
5254
5012
9434
8232
10703
3403
3760
11882
3732
10592
5041
4785
528
1423
2
7476
3868
11474
2135
747
11023
5687
10738
7047
3404
9963
11364
999
2717
4822
6803
11288
6659
2756
11045
10280
7325
10168
4239
9773
10609
8425
6667
8892
5868
6743
6795
5173
4753
8855
6102
11482
630
4499
2072
8496
4958
11230
8561
7991
4825
8818
7100
5580
5696
10136
2789
8728
5506
10974
5757
8954
7065
5768
11448
9485
4430
5876
9602
11625
8163
10645
5352
9785
11266
3185
9555
745
107
7045
9134
8390
7310
3527
4481
173
2080
4033
9055
2610
9852
3278
6687
9649
4443
2806
3995
640
9595
9119
6156
10421
9996
2382
541
8774
6185
673
6092
10172
11134
2258
425
1160
2212
1131
7588
3762
7262
3582
5249
9308
2114
10277
7093
511
3022
8120
8398
1982
11337
2675
9062
5778
8830
4835
10992
4560
2248
4952
8962
2880
4770
7904
4043
735
2323
6552
8710
3877
8011
1657
4168
6131
3156
5758
9657
2251
190
3930
6460
8507
8565
11708
3651
8478
4731
9222
10665
8982
10608
5319
4840
6839
43
11796
6849
1910
9306
2707
10087
7787
9971
2572
6657
1538
2340
1043
187
10163
10568
721
10496
3304
5957
7561
1946
3121
5777
16
7881
7884
2493
8678
9964
7058
4518
3976
11549
36
8360
3366
5347
6731
5195
7355
2809
3131
11238
3241
6292
1190
5147
5310
9241
2113
7713
10332
3700
8299
494
3049
1123
357
4079
7028
683
6903
7417
5004
2688
6675
1158
10062
6382
10676
9164
4048
6289
4264
8343
9605
197
9839
614
6677
2747
11843
2293
8246
1878
4336
8568
10636
6464
7153
5994
11900
5227
2464
1843
8683
5141
11906
3112
7971
1926
5399
6397
5732
1307
9181
10689
6977
1833
757
1987
9882
8030
7234
2346
4365
7245
6812
5077
4786
8871
6823
8156
7598
303
6353
7580
5878
1861
1577
10205
4473
2574
4236
1295
6387
10323
10401
2607
9439
4965
6820
5473
10257
5523
9362
7019
449
5847
2332
10
4420
7540
8560
7442
1195
637
8270
7350
3951
3998
4156
2800
2321
10763
5741
7606
7908
11410
7256
5433
6910
5814
10271
1126
9314
339
4519
7975
10621
744
5933
8145
6055
4736
10918
2583
947
2306
4389
11629
9719
8135
5462
5181
1568
6279
10548
10685
11032
10216
10628
11428
4030
6740
3233
1528
5640
11897
11421
9870
8875
322
9028
2782
4337
9639
7346
5714
8379
9611
6704
4167
8759
11842
2527
7981
2305
4646
6770
6855
1270
4637
10259
2234
4313
6679
87
6642
6828
11895
6603
4140
7352
7711
1631
5384
3791
186
1230
8165
6875
8450
6101
4294
7081
4608
2662
9307
1971
10361
2378
8648
114
6847
6551
5379
9802
6209
11788
6876
7426
6455
9350
8378
7657
476
1374
10806
6758
4714
119
7416
5146
8783
1168
10998
5623
2968
8692
5672
998
9587
3690
3170
613
3032
9848
7882
6635
9442
11655
3097
7332
9504
10397
674
4159
7211
11814
8754
10350
9231
9379
5749
375
8054
9813
8107
11914
4727
2556
4922
4587
2877
951
1214
7288
10474
11427
10304
10060
1411
9416
2530
11193
6912
9845
8811
2368
5883
6280
1852
2680
9349
9816
5220
2121
6315
1026
2954
8813
7992
2700
10610
10637
5633
7219
1285
3382
4356
2998
3741
5996
5101
1311
2215
5069
6365
11734
7926
6407
856
2153
872
438
1709
263
4961
241
8000
4371
10762
4232
4697
333
9479
101
5471
3581
4903
10874
10287
2575
9791
10086
2735
7371
559
359
1586
6099
3391
11826
8857
5451
6901
8866
10294
7648
3508
10797
6544
556
775
7569
3565
7695
7845
9387
8747
11817
3795
10843
1743
9456
918
8558
6658
10069
235
4914
2148
6093
9326
8271
3860
9295
7463
8079
2854
8584
9335
2060
558
5123
6949
11607
2896
4340
9494
8947
5965
4843
11216
10906
10411
2625
11736
497
5456
9855
5039
5596
11060
2763
5283
4425
10781
8722
7885
8567
686
1772
5659
6650
5569
2286
3175
10585
9244
7935
5497
596
9407
3753
11693
1963
3220
1136
7072
1053
7784
11827
857
10141
10755
2609
1602
7937
9524
5940
5411
178
10581
1466
7629
8173
1919
1080
4155
4778
1521
9600
7327
307
11027
5348
4390
1097
7246
8587
8039
3501
9393
1298
3053
9092
846
6522
1753
11142
2419
11904
798
8290
6290
11554
4480
2590
3212
11528
10127
9720
4875
5568
1851
3409
3859
9370
11617
9036
11044
2338
7854
9973
4246
10203
231
3215
11485
1891
8612
961
3447
7138
1683
11122
3822
3939
11383
11737
6414
8314
6077
7008
1428
9289
9888
8862
340
10279
10926
9397
5939
11808
11709
3385
5337
10446
8119
573
5686
6810
2630
5967
7994
5892
6596
521
5922
8075
451
3940
6317
8700
8056
7899
9907
11511
5338
1556
10339
8702
2528
5617
9208
133
11694
8361
8259
10367
11438
3006
6514
2013
8516
272
6372
60
8952
9528
5300
8444
8515
2267
4893
7660
6319
7630
2297
3357
1377
10749
11223
7297
991
4853
9556
4374
3247
6909
9195
6865
11422
8111
352
6612
7667
11628
10348
1708
888
1250
4220
2385
7377
10297
1496
11859
10728
1106
6325
2620
756
11112
4475
7670
1249
8183
8487
3498
9425
8349
1008
11492
3246
10334
1107
8225
8245
143
5887
1334
2565
3898
9413
5762
9150
7319
1375
8423
9169
254
10388
1557
9781
4438
10150
7622
2673
2410
6563
5483
3796
8784
1486
7278
8520
7688
8153
3347
655
5550
10143
5364
10540
8548
1559
1170
7982
5852
7641
7721
5849
3679
4105
9838
8828
9979
5537
4886
6254
3003
11297
7526
2823
11574
8469
5532
5265
3778
11215
4400
9893
8957
11797
3480
6576
6639
11014
11933
7965
9506
8846
8187
11908
2672
1388
3636
1468
2941
6075
718
6676
10522
681
8550
8836
2566
7859
1941
1518
6442
8911
2987
7778
2062
8016
9809
4671
458
5102
4114
4888
9000
1853
8117
8480
7566
11391
2933
11553
2239
1532
5581
6379
4583
5420
8577
9566
11580
8498
6435
7432
6968
7801
6536
7333
4597
5974
6181
7756
6633
3798
2503
2926
3807
6117
315
9
8660
467
6505
5798
8812
4020
5524
844
362
3358
1044
5641
5253
2899
8306
4330
9196
9586
1206
5825
2664
11332
5564
10991
3781
1702
3210
5299
6190
7508
2328
4194
9818
4984
6859
7207
5176
7306
1574
10590
2421
6284
1393
2403
9685
3057
8189
3706
8512
10116
11636
1818
3012
11656
1262
55
10024
6739
10064
2520
6297
11025
8155
11521
98
9126
1945
1783
8295
440
11701
5191
11420
9920
4384
6513
1134
2365
7202
2958
10117
1063
1644
11359
9207
2752
3584
11490
9559
1172
5654
11247
5919
980
6084
2708
2689
28
8668
5203
2798
4088
618
3193
5455
1333
9747
5487
5518
10142
4281
11016
8369
11396
5542
645
10140
4879
578
6651
6506
1925
9502
9358
2391
1790
9182
4866
10916
3853
6957
1916
7181
7364
9827
9216
6923
7283
9765
5526
11393
5992
2348
2087
4655
6208
5282
5154
3823
5904
9063
8466
5335
601
5571
9315
2123
3555
9609
1934
8576
5219
3670
82
5785
8633
1793
1828
3519
11070
5202
5651
4102
3645
1386
10333
6441
1385
4038
10824
3904
10952
8990
1622
11558
10451
8416
9794
6911
5303
10005
9548
7108
8174
7812
5491
524
3436
8288
11499
10671
4051
8984
1879
1955
8611
2052
4824
2285
11702
3602
11063
4760
11220
4139
4887
8921
5739
11845
9825
1513
10673
8394
3849
9701
11
145
8043
222
8459
10356
5609
3375
1808
4942
5677
7767
10322
7368
5650
10091
6255
3759
2853
9414
6767
9676
5105
6720
7665
4885
11250
3337
6729
4047
3249
5956
7035
3818
1621
325
2033
3925
11600
11108
6777
5662
11910
9918
1491
3023
474
1510
1034
7173
6166
2699
3606
10883
4834
6568
515
1514
7300
4508
3123
10276
258
6571
3283
394
919
10563
1016
3958
8894
2086
10944
10737
4464
10937
7956
11512
2015
2423
9821
2117
1113
11212
8944
9864
389
5272
1815
11330
3214
2683
8902
10320
10079
6832
6697
8332
8127
8898
1628
1865
11198
6632
4193
982
5137
11846
3717
10351
5663
10572
4589
9447
7054
10413
5150
7477
1960
8988
790
10187
6201
749
3957
8486
10852
10627
1243
2547
3921
3043
3194
10591
2043
7836
3093
2918
7085
2787
1899
1306
7287
4050
11430
7074
5514
7507
3772
10053
11052
8179
10483
3413
938
3294
10185
7265
11706
7209
11637
1846
9054
1897
3329
2188
9431
7307
4596
2197
7895
3616
883
11348
10269
9105
1268
8918
736
10653
2301
3654
5014
4228
2329
6597
11476
3196
11671
3320
2513
10566
8822
8142
3394
11684
7335
10251
3463
7616
5114
1601
816
6558
7037
8260
11892
3626
4979
3715
11080
5906
7309
10519
906
7075
4248
945
7575
11265
6990
8435
10133
595
11217
11834
2448
7445
7381
3197
2432
1260
8377
6202
4211
4969
5775
2818
11432
809
6212
11351
560
396
8539
10487
3390
10788
4627
11365
4535
3411
4745
2927
3790
7693
8493
10485
11328
260
2413
6103
5266
10882
1052
9584
7514
6693
7658
6819
8596
8279
506
9492
11761
8522
8900
7444
5950
8038
7425
567
8540
5843
276
3354
8928
11881
5366
8169
6174
4024
11115
10134
5047
2837
4826
6022
6669
10123
163
11697
1536
9025
1973
2916
9107
2259
731
5723
2152
11294
3547
2441
5401
18
11439
11123
11931
7290
5704
8595
5194
8007
11143
6480
9812
4709
9514
4762
7489
8604
8003
9213
10014
2501
3039
1204
7938
4609
6210
7822
11824
4763
4364
964
3428
11367
6391
722
10267
5172
8775
8993
10559
6059
1736
7270
295
10869
10810
8741
1951
8817
6434
4686
2032
11274
9758
10780
3629
2401
2386
4951
4741
7255
2375
8488
8160
8286
8125
2567
4317
5712
1342
8128
2193
533
6972
7559
4687
1612
1990
3620
2431
10430
2122
1969
8809
6857
2160
3204
3242
7800
33
5001
11715
10420
9807
1492
1765
7053
9412
7659
8992
8017
10307
6126
5321
2603
6275
10538
3071
4779
1241
3184
3660
1205
972
11610
3491
1842
65
3365
9191
10115
11376
4907
1629
6445
6162
5978
250
7440
2573
11324
5770
5870
11179
5832
7730
10774
619
5092
5415
3908
7777
9017
5606
4839
411
6217
8226
11405
10881
3161
5879
10239
6165
925
3166
9729
7643
11167
2438
1313
5658
10441
8333
465
5498
11816
1639
3583
2774
10106
3526
11860
11222
1005
73
8291
6154
11806
1640
2475
5354
6335
5285
2097
1019
4205
10740
10604
3538
7317
2628
9829
2005
1500
9394
3736
4123
6266
56
5391
11510
6579
5472
8116
10260
2670
8578
7891
4516
8890
4561
9974
6958
7436
7190
2654
9263
583
7238
11571
2706
8434
701
10899
3024
996
11400
565
8772
1105
4968
8514
393
11058
3427
9168
11779
1726
431
4087
4146
9249
4725
2476
9710
1361
11161
2366
9245
6338
542
5239
3402
5096
10331
6783
3915
10752
5217
11467
405
3637
11590
5914
11140
9546
7858
5985
702
69
5744
719
6894
800
9154
4490
11630
386
7191
6688
8280
7921
4515
11517
1162
1494
4470
7857
4605
9488
4921
9593
1276
4626
10240
9530
10514
4184
7522
5859
4213
10315
486
8831
6028
4311
4895
9313
8837
3867
4912
11807
11698
2935
9866
3346
6748
62
1567
11589
5622
2985
4186
9042
2126
9411
7018
600
150
2599
10284
7073
5562
10595
9385
8336
5670
249
7182
1286
6247
7467
5786
1474
2359
8281
1232
6200
9565
1394
11527
9218
6630
11411
3257
343
9522
483
9466
8171
2314
457
5363
8028
2216
7148
8269
2943
6478
10230
5103
10979
7499
10393
6792
7242
2580
1293
1721
1050
4562
11392
6716
4419
2869
8324
4112
2531
4682
9109
6110
8045
5362
4362
4592
9127
10423
1555
2054
413
5136
2369
10072
1549
6577
785
11547
8935
1458
5190
4816
10424
54
3116
10988
8908
9137
4698
3107
9712
622
8134
10303
3627
891
10475
2483
6712
10214
7323
1077
6203
253
5995
9666
11654
6355
9695
871
9323
3273
11285
7893
280
4221
3728
124
7595
6884
4690
6541
4392
3466
699
8731
6064
5065
684
8406
11339
9010
1086
852
4029
11530
5578
9243
8371
8651
136
3769
8261
3051
3420
9151
5679
676
3953
10037
2159
6945
3322
5938
9135
9749
9250
8641
3179
3889
8840
4138
1340
6073
1406
11609
10521
11178
2495
5267
5834
1943
5536
10009
6550
8206
10950
8649
11009
4528
7747
5627
11087
2130
11160
7175
8215
7063
9321
4520
3195
4200
11679
7989
6419
9628
358
6329
312
1095
348
10586
11097
6939
4781
7668
8792
9064
6587
10063
8829
10494
11772
1887
531
5158
161
1376
7639
9278
8296
3879
7117
1739
2485
4110
15
7199
1725
10167
8070
10456
1352
7130
11205
1329
7337
8592
5156
9717
35
4780
836
8161
4500
8316
8010
2256
2428
7004
5829
5865
3799
8451
8439
4772
5510
10403
8899
44
3431
8449
8974
663
2445
8602
2106
2050
3323
4265
6932
11059
9484
7701
9952
8223
2734
820
8965
1212
9332
461
10792
9348
6936
8719
3597
7773
2888
6225
10447
8424
8367
1487
6390
5616
3960
11818
5264
7341
902
1033
1986
7450
7125
2656
11493
954
6616
10114
4015
10983
8396
4978
5797
6523
2225
6966
4231
8460
11374
11071
1658
2897
9079
2769
6994
2895
10908
5390
1690
8326
7604
5614
5426
11463
3782
7243
3719
5731
6842
1547
11256
6959
2006
7206
7471
2016
1370
1028
1484
5699
10990
2203
3844
1825
8012
1441
2702
582
9380
415
6940
10108
3476
1681
304
3484
9702
4142
6139
10808
8297
5010
10791
4275
11851
1979
6892
11828
3449
10879
6451
4789
4545
11403
11202
3608
8963
4699
7939
6362
2945
4021
7163
8532
1369
8029
11349
5597
4158
2942
5418
8667
5893
2635
1242
3716
7027
4157
2104
11085
5986
5660
1997
5689
1781
6542
2729
7831
8945
9961
8018
4653
6462
10018
3013
564
9276
879
1297
4428
5320
10529
10833
11664
7872
8865
10194
1540
11572
4700
321
10352
10890
7318
1717
4132
9296
3806
11267
8412
344
11770
838
4321
5958
8071
7126
6840
10880
11413
1493
5676
6518
11503
10700
8989
4619
3287
6489
9448
5866
3167
5875
9046
3264
3445
8583
3168
7020
9656
9433
4301
6891
9089
10491
1928
8694
11105
1142
9991
5642
8138
10577
7084
11275
2179
9432
1006
5021
2004
11170
8282
9722
7498
3077
7919
7272
10959
9799
4743
4230
6027
11535
3410
1412
9047
4104
4636
6858
2486
3096
953
9541
5802
8997
10960
2764
8404
4178
8782
10842
2638
10820
3103
10873
11196
1694
10719
3986
4276
1600
1179
1653
10730
7082
4282
3948
11148
2959
8619
2324
5955
4403
6216
2185
8405
6037
2952
3418
8781
3905
1611
8656
6472
11718
9236
3561
6320
6707
667
182
8745
3114
3635
11373
9450
9071
6714
7010
8118
9116
7316
8035
7949
1132
6370
4115
11141
2481
7535
4915
8684
6
10618
753
4664
11594
2932
5750
8872
10827
11744
11833
6401
10545
8345
11771
7468
4445
1799
9251
4718
7378
11375
11026
1127
2652
4214
9558
4078
1177
1519
5545
10158
4788
6507
5273
2347
2295
1448
3206
2040
6432
11518
7387
8453
1061
5015
3566
3851
3907
6173
7254
7631
7953
1064
8475
8207
6163
1440
2842
1673
2292
10357
11886
4372
8048
9038
11789
6219
6410
7328
6595
3355
6545
11013
11081
10235
11491
1989
100
2140
10987
10070
4277
4643
1091
11384
3285
2710
11477
4319
10942
4273
4850
2780
2549
1610
1280
5820
4075
5398
7094
512
910
11225
5753
4925
1117
9458
10838
591
10385
10655
6327
4732
685
8847
297
5572
647
6444
8441
974
5263
6396
11832
11667
9655
3133
5508
5895
3183
2041
2022
6155
1880
2817
10870
4014
7155
11565
11194
8886
1090
4209
5976
4794
7900
10861
10177
6860
739
8981
7551
10059
6742
1800
690
5085
6020
6344
4806
7225
7002
2537
2553
962
7837
1603
2681
5318
10442
3761
5911
11871
501
9667
3462
7746
9614
8533
8934
4957
5850
236
11144
8129
8387
4707
3098
746
4830
2337
1017
4844
8426
11024
1015
2511
135
5238
2836
7803
10756
8666
6389
3871
5093
4187
4283
4526
4465
3805
209
969
8341
10907
8152
5424
11652
2223
5815
1504
2963
5019
2571
7724
10312
7586
2862
10415
5618
9209
2521
1419
8948
6029
1222
2600
1203
5316
10962
4749
9582
2355
61
2418
3052
204
10555
4447
8756
952
6605
3350
7109
9910
11747
7289
5533
3831
9935
9567
10374
420
7632
8502
8025
3517
3124
8335
973
2859
1288
6885
4122
3808
1996
9386
4849
2490
7748
6751
4133
5139
9061
3665
11224
10131
9520
929
1315
7738
584
3437
7390
1771
1439
7795
1403
11891
3680
154
4977
4931
10692
492
2909
10550
10396
2753
7523
6500
4869
10047
7758
9217
7400
1009
7386
9990
3422
4249
9532
4057
2167
1573
11782
1151
4733
3894
5560
9312
3178
10405
6189
4601
6482
11125
1118
10422
812
6532
2925
11331
4896
3714
9468
6041
7461
10658
3696
3485
7029
1564
2275
1816
10160
1320
6549
3359
7062
1215
6108
10981
1862
9357
115
8199
3835
1464
5226
6534
3291
9980
125
8767
8650
6417
9919
4375
11035
6815
398
4113
8263
5230
349
6490
9873
4650
6686
11584
2504
9783
11681
9235
1023
1060
5365
5406
7136
10872
11917
1998
1541
2971
6433
979
1735
8430
1685
11680
2357
8674
1351
10089
6066
6831
8777
1430
9180
153
7279
9574
1405
11401
1338
3068
11870
11646
2311
7118
10638
9188
3490
9828
10097
7827
659
7785
5112
3044
3804
11513
5824
641
2014
11724
4077
9646
6724
1359
2383
9440
1908
8471
5813
1025
8863
4241
10989
1404
5074
8081
9396
3158
10784
9837
4229
10593
7766
10871
4452
10036
8047
8623
2944
10547
1944
3453
8856
2170
7876
10215
1791
243
11153
10986
9242
5631
3744
5443
6083
4339
11743
8268
3203
4304
10252
188
9989
10855
6082
6775
1870
8701
11385
11896
216
8613
7512
2555
245
8738
10368
1558
10513
10028
7056
6562
2026
432
7611
1856
926
10458
9461
11889
3088
4590
8664
4291
4691
4813
88
6706
252
1501
7362
2517
6333
4976
7121
5302
6567
1807
3348
8696
4551
550
2562
9160
5966
10051
865
8315
8677
118
1838
4040
1054
8723
5357
1646
3363
3310
1194
4947
4049
11226
205
9568
7720
7013
3435
11746
10099
4625
8597
10052
360
1837
10531
4326
8457
134
1583
3580
8718
6324
7651
2653
10098
830
11504
4768
1088
6238
11915
6406
6418
11188
2143
6252
9650
2891
1617
4574
10431
6019
1187
9287
2270
9673
244
909
11563
5544
3150
8327
4862
7810
8289
6730
3633
10945
2025
9677
3115
4310
10818
10905
3971
3705
10619
9252
4803
6342
5561
9640
9933
1584
9115
11054
2522
3888
6470
441
5959
10506
9232
8251
10077
2807
6766
5361
8920
1626
5632
1802
6256
9019
10558
466
10793
694
2096
6508
2024
11592
9072
2184
6065
0
3723
10693
519
8407
5604
4060
10969
11268
9262
10932
2799
2447
11175
5924
4569
9333
10647
7957
10311
6721
9645
11620
6986
9962
555
7534
8034
3590
9360
3836
6561
460
5453
6282
6050
8476
2491
2053
11171
2951
764
4065
11692
8574
11466
7732
5167
7164
2268
7505
7999
10672
9629
5688
2761
10387
11378
8443
7967
7697
7710
9424
164
9753
3917
1762
946
1888
6373
11711
1467
7424
3187
8513
9272
4210
7913
1059
3240
7928
2851
6661
8638
5725
3988
10718
9610
6829
1477
9152
10329
10557
6076
4987
2277
1223
8358
7786
8236
430
3833
11666
7847
6002
5209
5454
3176
208
3510
9647
11418
4222
3544
7846
5236
8712
7765
2294
3481
7435
6685
1829
2563
8468
9826
11790
11386
2593
1847
5175
6146
7902
8901
9006
7742
4355
2999
9197
1730
1277
10295
1531
433
11599
9926
897
675
11575
917
7687
334
6067
1413
9908
2063
2860
37
10293
4606
200
7017
6873
6380
5276
4938
7431
8713
6821
9285
7705
9856
9944
8748
11887
5517
3754
11152
4510
9234
6030
7775
11690
1774
8323
3148
2845
10515
7841
8053
4704
3975
9793
2247
2978
7894
1258
1874
6963
6787
5848
4807
6617
703
10224
11284
8363
2950
1100
9037
8739
6283
5086
128
11728
5816
4137
8676
9551
5200
3033
4327
547
7521
2970
10190
1330
1809
8090
1961
4066
6991
2412
5408
11460
1959
7345
7343
7494
6695
1712
3050
7694
10414
4777
10169
1537
2077
9420
10518
10026
2456
5795
5330
8037
7344
11208
8917
1896
3205
5703
6838
9776
7832
3259
1907
6453
6535
3076
10800
7516
9281
5721
3615
3618
4670
10927
1078
4320
3412
4564
7910
2187
11429
11445
11015
513
6928
6191
4943
9810
7462
11901
5262
6738
11880
7048
1224
9942
9294
7769
376
1915
6756
4678
10176
1457
6914
144
305
2287
1854
11260
3725
4427
323
1433
748
10924
1792
7112
308
4016
8489
5389
6446
7189
10145
4986
3465
1349
7675
9529
2645
8252
10386
1176
3169
7260
6867
2618
10330
8386
3997
6540
767
1882
6119
713
782
9478
469
632
3545
5681
4871
4353
6293
8197
2554
5833
2637
8073
11774
224
380
11169
3408
1069
11495
9001
2204
2887
7596
2089
10537
7030
5374
2771
4695
4525
4498
11382
5345
168
5964
3745
11251
7227
2350
1585
10096
9299
180
4083
8628
2512
4939
10455
4421
7669
5149
845
5434
1401
4913
7003
908
7443
6111
10109
4056
8126
2940
1145
3572
11483
11279
8442
1294
1465
1942
3219
2873
2648
2221
4434
4591
2755
10465
213
8277
4858
6262
11878
4821
11394
6426
11611
7706
5857
11313
11233
665
9322
2387
7593
5932
8182
1027
1414
8147
412
11601
10035
7515
8673
3467
8605
9510
6757
10736
9588
4237
2719
6590
7661
8821
6473
8063
2781
9664
4401
387
2558
7504
8593
4751
6463
3922
6641
8630
6409
4254
11423
7875
7370
171
9009
4039
4203
1070
9098
7830
4097
4812
11149
8849
11799
1455
691
9674
2266
42
6309
5652
1546
8351
3619
11868
5553
7865
695
2581
10613
3474
1266
1917
10761
10126
4517
8763
10775
3031
863
1592
7692
784
5131
5185
10630
1647
9078
11710
4880
233
8750
8575
6243
711
5492
1962
2161
8511
10536
47
9225
1314
7702
7614
3499
7040
7389
11043
2584
5982
5444
5068
1710
1824
8884
11319
3260
10739
8810
3663
7137
9899
10478
4177
5177
11098
9540
7012
11635
10584
11369
2099
4398
729
3935
2392
8272
6509
4857
10631
8615
901
5118
5235
4416
10509
4013
4293
3174
7985
7930
2663
9523
6428
9632
7228
9727
4309
5582
8233
5897
8308
9339
11643
3386
5042
664
429
8955
223
7776
71
1820
826
9486
3314
7620
6918
10635
6128
9267
5973
10549
11919
2922
9780
1437
4411
9069
11520
5626
5307
11402
3141
11787
6794
4556
10541
9343
9008
2989
10611
2058
1278
2585
7666
4380
9579
4790
7901
5695
3556
2031
1667
9099
2178
9955
8354
5355
9369
10225
1332
11158
3292
2746
8953
3021
5371
5005
11566
6273
2905
5083
10151
4092
2882
6230
8408
5480
2149
8495
7404
10811
7866
11815
3034
1663
10656
11661
7049
1566
6662
3239
7613
1207
4292
11825
2881
9801
11446
3643
7274
2815
5599
11342
7405
421
6778
11733
6298
442
6237
434
11593
8188
9044
829
11501
3733
8002
6167
5559
720
1476
9686
9792
8304
10342
5064
3897
6263
5715
6180
8657
10919
3689
2067
7737
6931
1582
9703
132
9298
11735
3563
10709
566
10662
7755
7490
5037
9288
10891
5145
4318
8632
11088
9881
7760
6919
1384
5600
808
8853
2762
11437
2646
6450
5339
3984
10278
11295
650
7868
11810
3331
9474
6776
11700
4444
9965
2962
7759
2189
10034
4906
6761
3843
1068
9141
11303
3274
9280
9542
1231
6354
11464
5946
10056
9929
1171
11189
3718
9790
5743
8020
10936
2810
8556
5869
8639
8585
1316
9594
1746
6424
6138
9429
2351
1368
9503
5507
4734
1718
594
7603
9755
9775
2176
3008
4483
10892
8124
1918
6040
1140
4173
3202
4328
5028
10743
6983
5091
6930
5551
1789
10242
1630
5240
1906
11440
5048
8610
1619
313
7480
10779
2150
2142
3548
10825
5735
10971
2906
1421
10125
1402
8943
5598
4147
4563
3993
6982
4482
3330
4052
3120
1613
19
3788
6652
539
3419
5308
6120
605
2070
8102
6228
2612
6848
7369
5993
11329
3553
5644
837
10955
10429
3688
3440
9748
5613
378
9375
11854
4744
9378
6257
416
3305
2374
7399
5886
7607
287
9123
495
6948
10033
89
983
8089
3142
4588
2931
3104
1339
5766
6047
7922
11139
4997
9683
6715
2241
46
1511
8317
5787
1581
10817
6804
1927
7261
1734
367
7184
4308
8705
8181
11234
4363
8137
1645
8036
5595
9269
2508
6416
7382
6666
326
4349
8100
3832
1752
7541
7579
10107
2824
5204
7022
5186
7513
6749
2981
9771
7145
9015
6643
1835
2112
1267
2850
928
8180
5717
5669
5382
4547
4841
8972
24
116
2134
11404
8057
3916
3421
7918
1365
11791
6135
6057
353
3473
7154
3211
2459
5334
6606
5951
6443
5884
2900
4012
8675
7497
1770
4005
11242
5120
893
7850
5840
3943
8278
5915
7874
9258
11762
8224
11481
5400
10900
4491
11311
7929
2186
10082
2535
4331
3401
8099
6741
3132
1321
6722
2598
11925
7793
2711
10198
1766
10180
2979
10105
10837
3085
3534
8757
6307
9601
3268
10801
10599
3393
11199
7811
3683
8009
629
2801
8838
10275
9969
4902
8695
2141
11763
5353
7517
3446
6648
8074
9682
7927
1257
11072
1755
9331
11078
8080
10383
9170
5803
9754
11213
3771
8227
9947
2666
5634
2124
5528
4474
9900
9915
2724
5913
3903
11877
10248
9511
1153
2805
1347
4227
4959
10556
530
6956
10197
7984
5501
2889
4511
9359
1367
9495
4924
3557
6779
4950
2151
11305
439
10649
3471
9016
80
3015
10384
9073
4245
1671
9330
11040
9817
10100
835
5138
10281
11103
3726
5858
11508
9351
6032
8242
10834
1178
2071
6499
5392
198
1505
10510
2230
2116
2636
7380
6883
11509
10771
3157
5861
8521
5482
443
6497
1007
1881
11314
1784
10694
4429
6614
96
10933
6613
3489
4290
2779
4688
2539
11539
7877
5645
7909
9844
5470
6811
7098
11455
8061
2868
1114
8956
9367
5678
1593
4552
8237
4267
11658
4285
3221
8808
4689
91
2467
8340
9708
8219
936
3994
199
3869
538
10439
7936
9026
9045
162
5425
262
1248
1261
10690
627
10910
10995
7460
6415
70
7544
1608
470
8621
11301
9020
4633
10433
11229
7179
1024
11090
8534
7434
7183
574
1676
11753
4106
2395
4354
9613
1475
738
880
7964
9774
11257
10241
3229
1892
10104
6526
6533
11918
4949
11350
4934
6383
7685
4493
2602
9513
6723
8909
11751
3809
2450
4988
5231
9215
1424
447
10376
11801
10366
3537
3518
1037
8729
2061
623
7139
11000
6148
5733
8907
10410
10681
1672
3662
10153
5192
206
10845
9924
981
2915
6877
9226
7116
11545
10469
3472
5724
6046
2709
5930
5661
1312
8542
5905
9304
1756
11441
1953
9146
11077
9737
5452
488
7553
9757
5257
7963
7107
7749
9943
1509
5003
1124
5515
11033
6122
6608
4408
10973
97
8854
5100
10802
11720
11685
10856
7856
10639
1977
8064
6559
8403
6759
7398
6621
3237
10464
8026
610
4439
1898
1239
11206
10664
3529
9637
5784
2224
6468
10467
3664
3186
1149
4120
7064
8253
289
11454
52
51
3570
3989
4150
1099
3075
8243
404
1933
6398
3399
4805
3870
227
10195
2242
6785
8655
10863
8440
25
2994
6653
3966
2502
11240
10504
3763
2196
9402
5740
8421
8055
523
9916
7406
10835
8927
2870
11062
7549
10914
7980
6950
9125
8523
3448
2017
6153
7958
1648
7570
10708
9863
6993
10073
8422
11050
3708
3923
3655
3384
866
11494
3309
5463
8362
3698
3516
11729
146
1693
1096
7873
10113
1197
6589
6822
8919
6713
8359
7224
9286
7292
1415
11195
3863
1665
5804
2240
2320
2231
2576
3058
5409
2079
3755
9033
9303
5289
10600
2726
4466
7273
11823
920
11346
3383
11053
8693
3140
4797
4776
9619
10377
10170
11306
4867
9763
11312
3669
4022
9798
8549
1924
7459
3539
754
2855
4402
8300
9726
11673
3061
9459
639
4610
1169
1522
7201
603
10698
10081
8964
10188
1719
3834
8848
7605
5789
7091
6343
11888
5726
3751
3151
2376
4376
4129
9341
2023
9874
6001
5058
3780
7038
9668
2049
4681
10711
569
9117
810
2499
2843
8415
4696
9389
10046
10684
38
3961
7057
9623
314
5874
5397
989
6253
2045
11647
10132
10258
510
648
8368
9173
10828
8802
5794
577
6136
5328
9060
4960
285
9177
4868
7525
3106
5402
2356
10402
3634
5208
11540
839
2657
11207
3941
8305
4804
658
7031
5087
5830
2832
3455
1252
3503
11442
8484
11576
10582
5073
2458
7532
7218
9575
477
397
11355
9081
5410
7990
6045
6081
1711
6000
8072
11320
3482
11619
6733
2243
4706
10917
3129
6973
5375
456
4059
4723
3327
9596
10213
8350
1779
3591
6696
6171
11564
214
10943
11338
9550
10296
369
2852
5157
8874
4956
2177
1728
2760
1180
4635
3878
10934
9909
2544
3777
9190
1548
5667
9172
6164
4461
8669
2742
11638
11042
1901
4357
7838
8021
3319
10495
9465
5742
2797
4002
604
10629
5084
9056
1208
10941
6271
6594
4607
4992
10457
8799
6531
2042
10025
9928
9583
8727
1811
4860
4025
8372
6981
10901
8273
5635
11879
5032
1431
8973
3007
2720
2474
2095
7594
7530
3854
4501
3048
7883
915
10000
592
9663
9352
3311
870
2546
10716
8665
9800
126
7170
2233
802
755
10135
1196
4366
6023
7495
11008
3880
8766
9735
10603
11663
6302
10735
10450
853
6896
5780
7080
7280
4346
548
1860
10612
3493
9090
10149
6112
10878
9854
8637
7359
2701
9353
10186
4742
5867
11132
6920
11765
9927
2996
4130
1620
6732
6427
5344
6837
11248
1143
105
7634
10234
4095
783
3625
4250
3256
8462
3338
10288
628
11725
10440
10789
6895
10729
712
10181
9133
2913
7478
9766
970
475
11252
5029
5734
10745
8136
10935
4796
335
884
8703
5023
10851
10657
4219
5183
2788
8101
6516
5903
2232
791
3593
7305
1251
20
487
4042
2617
5552
2988
3134
987
5356
2644
5541
2589
10250
3862
4660
7686
406
10773
2257
11076
6856
3588
8998
5460
740
7892
5437
8234
11409
3872
2548
2132
646
259
10404
10482
10460
2526
2538
502
5694
9132
4641
1692
3949
992
6437
3426
1429
532
7427
10726
379
10001
9622
3599
6063
5076
1699
7071
10262
11890
4672
7472
2105
4740
1422
4713
1073
10734
3646
2835
3332
2302
7296
9475
9853
11473
11187
3293
4600
3813
10232
10015
10970
6299
9537
11304
9736
1269
8062
4662
2449
11203
3950
9728
6517
8530
7782
2330
1873
2626
2373
11114
4295
4175
3511
771
11754
4715
766
11419
942
717
7226
7623
4889
8191
1244
514
3787
8720
11358
7360
2158
10675
9739
7452
10860
7192
6423
10208
529
3914
11726
5182
81
11773
11357
1116
9404
1666
1954
10042
2108
4985
3373
10016
9422
11699
4085
9902
2778
10968
11648
6009
9007
10954
11117
3735
11855
7361
10865
1449
11283
4533
7299
2733
3858
4923
6797
8773
3094
1978
3417
9533
3912
9531
7712
965
11844
3886
843
2540
2081
6459
6211
7612
11923
1594
5280
4383
1591
2477
11259
4546
7715
6626
503
2529
6625
10055
10996
11645
3457
4373
2430
3952
10476
6479
6670
11315
7315
10887
7719
5812
7251
1035
6967
7684
1159
5388
8307
3624
4258
762
1609
5417
7422
9699
11850
4930
11261
10325
3896
704
801
2249
4004
2360
9892
9403
9083
1125
4131
9324
10473
817
6760
8143
5122
5213
11293
10897
10270
4615
2169
1451
3592
7794
324
9713
3301
10019
8839
9745
3282
3122
3600
11905
92
5255
2621
9519
4166
10043
11166
9070
3530
6157
1909
1141
899
1529
6784
4876
6245
1041
2009
8758
7103
4165
2454
261
7962
11099
4645
4941
7271
8287
2834
6705
6525
5148
3817
7351
7101
2319
4679
4358
10124
11562
1684
2205
9764
1108
9240
8255
540
4286
7264
5788
7676
5436
9612
11292
9998
9114
5429
1655
874
955
6236
7372
10378
5722
270
9155
279
2068
7741
3987
6172
8477
11157
11347
649
8264
6801
8819
1323
10492
8876
11707
3138
6796
7955
4149
6694
4894
818
11486
181
5842
6012
10809
1905
5821
10314
7567
6680
3340
9467
5059
10928
11835
267
2863
8552
1554
2997
3152
11760
1761
2207
5469
6578
7993
4169
2765
2990
7998
2436
9992
7408
6802
6121
5247
8704
4659
2690
1545
3691
1995
7948
2890
2288
2457
3336
5221
3671
7000
485
5713
5383
8044
7728
9591
1900
10340
8801
6265
6765
3483
8235
776
2206
9641
4898
10321
6947
2198
10667
9835
6841
10432
179
8115
11323
1213
2691
5716
6814
11184
7485
4385
11131
6144
8098
6922
8991
10896
11133
2728
10691
5947
9163
2844
4724
1150
8470
7216
9521
2904
8557
8531
8479
9035
5110
11106
4831
5246
6580
8110
1664
4268
11529
11017
9487
5060
7539
1817
388
424
6864
1936
2269
11211
368
1970
892
9002
5987
8642
123
9700
2715
4832
1604
3231
3699
6301
8620
5478
11249
5427
2582
8579
3932
2034
9368
4878
9096
299
3727
2220
6615
8027
6486
9999
6985
2744
854
403
1087
2107
3125
6261
2634
4634
1863
11333
2986
654
1387
3014
2608
990
268
5050
2310
3201
29
4031
8881
2833
10554
6900
3535
9270
10539
196
232
1855
4642
5920
9956
10754
7090
3579
11573
11221
9937
5960
2679
53
2500
11096
6965
10546
1447
10412
4202
3977
3005
9405
4394
11457
286
3656
3931
10663
9398
10212
11036
10244
10528
9449
8903
2482
7733
11095
9836
4471
3266
7235
3652
7011
290
2773
4929
4767
997
8647
1217
1788
10369
1871
10370
4436
5119
4817
7642
4555
11837
9162
2886
11909
1115
3814
3885
1674
763
5055
8983
6644
6361
4769
8178
520
4446
8926
5588
10008
11861
4192
8172
9684
2404
8254
9261
8916
9027
2871
2864
8262
5527
4616
11662
7764
4553
9493
5393
5535
10854
4543
1302
10395
5011
5752
6194
726
9884
10982
7488
2519
8093
1576
7560
6004
8826
1234
4618
371
2936
602
8065
8241
3876
207
7001
4814
1446
4204
3661
8631
4506
4632
7562
5049
672
5902
10964
1729
3978
10799
2914
8
7162
7650
1801
3826
730
11089
3800
9206
10617
6941
10807
5806
5968
7911
4223
10523
8200
11340
4086
8740
2315
8485
9618
9011
7044
4507
11186
6072
7308
4617
2274
1575
377
11621
5046
6021
2211
151
2661
9204
63
7524
450
5095
5587
11873
10862
4247
3368
1775
8793
708
3968
3089
5586
8970
6337
4201
6364
4463
11459
803
3574
5888
1450
10844
8228
1520
6874
6436
6887
1341
9576
3509
2261
5326
2144
7111
10626
6698
11258
1512
774
7848
9034
6272
2465
8192
3276
11809
10068
10819
8646
6090
8538
10152
4335
4897
1279
1360
7531
6554
9648
522
8543
2429
2736
2770
9101
3887
8559
7783
2339
5056
4299
7120
9271
3562
7740
7180
8939
8201
11232
10313
9110
5649
6678
11926
9621
7589
4680
7409
6239
3302
9762
9721
9970
3996
8331
9451
5274
1590
8800
1051
7813
1144
4124
11007
8768
8937
10343
1745
4933
11852
4256
10702
5488
10710
2446
4151
11745
682
7774
4842
7413
1198
568
8971
3959
8891
332
4300
5163
3924
6381
10080
5212
1046
7974
11738
10853
7750
4787
9592
9053
11780
11781
7009
7584
3454
5707
2051
6634
9846
2972
5174
10243
3265
3458
2265
2751
11544
3564
978
3372
11270
587
4970
4344
9496
3881
2879
11639
3429
1637
9100
3230
5159
9080
4074
10707
2629
2427
1988
6976
9423
862
7976
11752
11522
6198
3707
251
7282
8804
10061
8749
317
10285
3062
6175
10727
2872
7252
5006
4492
4457
5372
2400
11018
4661
677
7818
4905
7143
8164
4920
1253
4754
7633
1635
8389
9452
8938
1618
8547
889
8452
9631
468
504
10654
4076
9982
10379
1952
10746
6334
8250
3188
9344
5796
4995
2557
1700
11449
1972
90
2131
5761
4916
11276
620
10448
5823
11475
2088
4011
7172
6599
3392
7903
1392
10997
9934
5534
10023
5290
9744
7751
3642
5245
7363
9476
10438
10358
6399
780
6703
3850
1072
5901
6572
4544
9316
2304
8721
2619
9718
9097
234
3601
1199
8737
8342
7161
11872
3070
11665
4381
3543
9577
5519
2018
5111
4068
4453
549
3102
2509
6248
6725
1459
10909
6400
423
7886
3926
8687
7796
11862
6469
2027
10720
4084
9443
11691
1754
177
10071
10574
4529
6649
11519
5570
10027
8504
6604
6270
7571
6938
4164
2828
7621
10217
5525
4580
1698
9051
11502
9847
6086
9547
7809
9693
6995
6496
8162
9469
2611
10226
4410
9512
10171
217
10915
6560
3899
4174
6813
2384
1410
141
1495
370
189
4488
10682
6570
8893
3617
1189
4218
1018
3890
10575
11546
9501
7197
17
8873
402
9627
7391
8397
7550
9143
9879
5671
8883
9569
6904
4093
9539
3768
10622
8217
5546
10010
10503
10770
6229
5759
881
2076
1689
10477
9087
11657
935
7269
7342
2825
5479
6515
3095
3970
7802
1259
1782
2069
4437
10375
3985
27
2472
6308
7839
7147
668
5380
2214
8344
7281
1798
10196
8764
7379
10953
3004
3035
4524
6974
4705
9585
7415
8388
7397
7
8966
8019
2494
9704
7055
8370
1235
7821
7174
11556
72
288
6543
11049
4966
6014
2168
195
6937
8208
9730
9145
3750
7449
5509
8889
10815
3842
10826
9911
546
240
8803
5697
1456
5822
10951
5668
4799
5447
5127
4614
4479
3381
5921
2783
11433
1221
10159
159
9178
9862
9259
1707
2692
3773
9214
10006
9936
8503
11719
2463
3139
2420
6408
8791
6288
5464
9297
7433
6048
6793
5066
10017
11627
7678
6660
4148
9822
4484
7840
9830
271
5977
5748
10512
11863
7674
8505
5129
6318
611
2422
298
4497
10302
9159
3224
9477
6130
3841
3059
5948
3255
10222
10564
191
1186
10888
9260
9377
9406
45
9388
1595
4536
5769
8414
3025
7418
9875
296
10466
7152
4094
3502
3376
8936
847
6461
9946
792
3159
5760
11612
5856
551
9018
1378
11451
6182
11031
4579
4345
8658
11124
10846
2627
11412
8606
5033
5481
9161
2059
8525
5490
11239
9604
6306
10484
9789
10505
4534
9171
3852
7864
4644
10338
3552
9865
3610
11051
11296
7533
5309
5013
269
4974
8691
11899
9421
10249
11672
3913
2044
10305
8082
834
1181
6226
4111
3816
2674
7703
4322
1485
6137
2194
4426
5130
4007
5030
3697
8910
2473
10095
10772
2276
8746
4735
7021
277
9890
8309
8084
4312
7146
1914
7036
864
5128
5442
1082
6668
7217
5336
7792
160
2745
7731
385
2133
331
7652
848
8624
11608
6622
9772
3143
5624
11180
6068
1932
4329
11932
1350
10078
6588
8524
226
3933
11079
11006
636
3078
3962
7683
9108
6352
656
10717
3815
169
11653
9756
5078
5690
1379
9268
907
3494
6049
8413
350
5928
5419
10758
11598
6598
6631
11034
1950
64
5877
3456
9277
2342
6104
7890
609
5465
4069
3861
5705
7171
1691
4454
7814
2322
11531
1482
10459
9603
5275
2655
3525
9803
10493
2725
1981
7819
8930
8588
1089
1469
4182
4726
971
6868
5489
8776
8334
1216
10298
2439
9438
6074
11126
5831
10798
11676
5311
3060
8864
4096
9672
9654
11800
4994
8209
827
3377
5851
6184
11436
11395
3439
8685
2358
11414
4823
448
933
10041
8458
6975
4677
1845
4624
11121
3444
8395
4347
7119
3087
5228
6689
6504
6374
1720
366
8885
5589
7301
11176
5199
5244
3017
1303
1109
155
4771
4877
7576
3130
7849
6095
1358
7253
10118
11086
4967
6378
2125
1042
1135
3113
3944
7966
1502
4759
4904
5211
5184
34
772
10261
11231
4407
11322
2466
7353
6118
1834
478
9483
9224
6058
9681
10501
934
6176
11472
4651
7244
4435
6388
9954
10790
2790
9205
9960
3710
1395
6774
4455
5038
10764
4399
5031
6684
10602
9988
4573
5292
5563
4808
3040
7543
2312
4240
10620
8218
5121
11197
916
3160
6913
9538
4975
8614
6010
8151
11468
10204
10530
3653
11241
218
5113
7625
10428
8214
1185
1287
3752
11287
2814
8765
9457
3520
7396
6363
1716
6193
10306
621
10583
2409
5942
4489
109
4663
657
2754
4582
1550
11778
10189
5771
8097
5929
3041
7373
9901
8929
11356
5805
2303
4382
3313
2213
7076
5298
11548
3845
10268
728
4983
1727
11869
7134
5346
6147
11168
1420
3149
10221
6902
7127
5210
8216
6768
4070
5082
3086
3364
4628
11269
11792
1738
11618
6326
8353
11924
9124
1797
911
3267
6769
4623
5166
2094
6481
2917
11727
10527
5975
7973
11310
5910
6036
7917
4554
11116
10360
10392
6227
7578
10999
330
4160
11450
9997
9024
5496
6328
1478
1081
2698
10032
6607
384
7568
127
825
2402
1397
7451
10162
11626
4673
944
8569
278
10349
395
9199
9638
11864
5461
484
7615
5067
2238
8594
3248
7506
1161
3673
9371
3825
1523
5885
3786
11061
2414
7481
6274
11177
10088
10765
1937
11113
8497
11104
4565
8946
26
4542
10532
8858
758
3827
3275
4448
3554
1748
6495
7129
2393
10757
5164
10511
811
7263
170
6054
4183
6091
11536
7647
6113
9361
537
7067
11602
3111
1322
8109
2601
9515
9820
11913
9254
10253
6866
3232
8912
1275
1662
988
11159
1964
5237
9692
11634
2995
6805
773
6999
890
9430
9497
9074
9578
6127
10576
9925
9897
4263
7638
6581
1763
3251
4581
6405
452
2980
6018
1869
1331
7946
142
4238
6955
7089
1240
8325
9198
10044
956
2394
10007
9460
6747
2411
11916
8882
9573
4058
1014
361
3770
9395
666
8066
6264
2157
2791
7828
3303
11321
8380
479
700
3430
11360
10347
10683
3026
6569
3318
10233
9889
8709
2861
4212
6491
4409
6100
7166
4391
7208
9029
8494
6192
1968
2977
7334
3644
9782
4393
6893
7092
1348
4668
1226
11798
4722
4284
10406
10977
1383
5860
5109
7557
8786
1935
422
4119
7470
5445
6347
74
9819
5474
2284
10179
2924
8835
1980
6005
11538
152
7954
3222
9470
11583
8313
4338
4418
1682
10144
5751
1438
9658
7944
10394
3979
4996
1883
3367
575
7388
6711
8601
9620
8795
5435
1999
8659
11484
7791
6927
3672
10847
5094
7099
3967
8046
11928
8352
4412
3734
7768
1747
4348
5708
5325
10324
3934
7947
5024
9091
8133
7454
9200
11022
6488
1827
2671
1032
10289
10154
5931
5370
5020
7354
11041
10836
3692
4272
6031
4815
1780
7102
6346
5838
6824
2898
4367
10565
1010
7722
5343
1473
10468
7677
927
1356
9082
10640
5291
8686
2716
6964
5499
5590
8431
3512
8467
11094
10644
4274
3724
9711
4067
1483
3286
10646
1527
4101
4570
5698
4259
4654
3258
11670
8714
5104
10449
9951
10419
6056
10923
807
5894
6471
3356
2098
5051
6946
9630
7704
493
4196
3016
3080
11368
882
3598
9227
6586
10199
3250
11004
5193
7863
7585
9142
3589
7229
1325
9917
6011
2827
7210
11068
5554
78
11456
2536
9290
3300
2564
5222
11107
10744
1806
1233
137
172
2078
8867
5579
11537
7144
7453
9709
3296
99
693
10725
5680
6869
10206
3895
9738
10122
10231
110
9834
2808
2643
3575
2222
8144
1923
7503
5281
6830
10050
6878
10648
8736
612
709
8975
943
10090
3638
4191
2738
5500
7441
4940
7156
11581
5140
10701
7696
3328
1432
9983
4884
2333
8052
10573
8629
11135
8730
11278
2139
5653
5446
8318
1649
1563
7324
8399
2296
2341
4456
9043
8755
7215
1442
8322
3213
3682
10980
10961
5779
10437
6140
9441
6671
7867
5793
4185
1701
5937
6158
3573
8106
225
9560
11185
799
6345
8980
2841
3475
4752
4417
10963
898
2085
2819
9871
1324
7233
6234
5040
4023
7729
8298
7165
4750
11130
2440
8198
5706
3339
2468
10316
2949
5132
6752
106
4708
6221
6300
4716
8432
5301
11555
5294
3743
1737
8506
8622
8385
4717
8566
8092
6984
2545
496
11431
3737
4141
11805
6585
8205
10889
924
9334
9861
9665
8381
9253
4462
11387
9179
11069
9740
2960
11526
11500
8794
3571
1599
4302
3030
1810
781
900
4861
4948
9972
3284
2008
11756
9325
8108
10782
6921
6038
3500
6281
6129
3321
6149
1396
9557
11841
9128
4598
11585
341
8244
8711
3192
9342
8433
3238
10500
8529
6788
7587
3042
3084
2816
7542
7624
8008
6734
1133
11277
6850
10898
937
5218
9784
242
8785
11682
10864
875
2103
3840
3779
7326
9746
9118
9564
4911
4176
2594
5984
9279
6351
6013
4538
7940
1627
2616
2796
10712
10594
1757
6527
5438
5381
9898
2792
1819
8154
1460
2331
8999
5949
10266
3746
215
5776
2684
6498
8461
6487
6371
4034
11689
8196
4061
4848
9808
10567
6454
11067
2260
3609
5312
6109
11286
9691
11922
7110
586
8091
7066
11783
4833
6369
3400
9376
10666
11853
6954
3536
5229
8448
1680
9843
10978
1
7597
6311
10925
9978
11675
1271
2437
3507
2229
4537
5165
6477
5991
8376
6183
3067
4669
2878
3521
11465
11005
8551
631
1000
2772
3177
8210
9088
5248
5407
2934
5201
7496
4006
5543
9305
855
7552
11151
6360
