5049
8287
8766
11888
8134
1522
4842
6831
10487
53
73
4709
4727
3602
11387
2144
7641
7702
8118
10376
9819
4106
8494
1045
10181
6200
1964
7138
5869
9234
3726
2430
3103
8279
9331
8333
10133
7787
4327
5381
10334
8169
2125
2269
9134
5643
11154
3979
2105
592
1089
5077
10307
9091
843
1196
874
2963
532
10974
3762
3177
4659
1167
2257
9025
4184
10771
2581
10970
1979
7423
9879
6617
3274
5479
10681
2976
1412
11796
758
1279
11446
3687
3202
3463
8342
2296
1996
3912
10891
9817
7454
9710
11112
182
9348
511
1690
4159
10673
468
62
9560
4859
6491
11458
10997
5129
10214
971
3818
10686
4120
1054
7310
8529
11026
2891
2207
2529
1692
1485
5707
11673
9368
7775
5951
10261
5805
7072
5524
8876
10105
433
2648
8102
10846
10664
6328
10914
9942
82
6369
4114
5425
9250
5870
5217
5371
2017
10550
10987
7739
3476
11184
7993
11896
1259
8210
6543
11639
5443
11482
4011
2720
9847
3168
736
11406
10479
4002
3554
1117
4624
4696
4357
11859
10322
9492
9090
6281
9162
2995
9350
1070
983
4516
6524
7549
2798
942
1428
1748
7046
10159
7588
2859
8713
9989
3997
4385
7261
774
10672
7893
2575
9521
5748
2610
10320
2844
3917
8748
11914
825
6531
6391
10379
2043
1095
6000
9530
8802
2765
5334
137
7945
2634
11193
2485
4551
3205
10788
4609
2710
7464
7651
6013
7796
11224
7560
7917
3490
8107
9855
8696
9404
8460
8362
8982
9658
8973
4888
2761
1215
10556
9512
1833
10942
7814
3339
1239
1590
9763
11835
7400
11915
8944
2817
1261
7082
1250
5622
2851
1141
7633
4123
7431
6020
10483
6875
10567
11883
2116
9748
7288
6868
9079
10609
8999
7219
6390
2580
4824
6293
5658
9622
5420
11105
10394
6856
5048
308
4988
4641
6579
3652
11770
5974
5001
1986
2925
3544
10820
145
3373
8476
9540
5136
4265
7900
5240
8668
6289
9495
3176
3768
3147
7831
1784
10972
9755
3266
298
9137
10790
3714
1952
7963
3862
4930
1059
1303
5469
3124
5508
11502
8165
2590
7975
3815
9
9593
9873
8836
1680
9093
11852
738
3294
7327
663
7209
1161
1206
1628
11088
4185
1645
10520
9324
5985
10447
3170
492
3383
4920
1999
8424
4637
11423
6567
376
9309
6280
10423
5543
9551
9132
9362
1107
2261
6459
3359
11562
1585
8467
4482
5830
2825
1655
8624
7290
3340
9066
5282
7000
8448
204
9803
10781
9287
11240
4902
10443
5276
8313
422
9450
9052
809
10603
6374
3925
4021
10762
3885
11050
4240
2490
6319
6372
1402
5762
2555
6922
8740
9415
6050
528
11548
317
10495
6995
5632
4041
5051
4715
529
1951
3158
3492
9982
11277
5326
7872
7009
1798
7692
9371
2574
11167
3428
5888
618
4885
11665
10007
10927
8739
9276
1513
9485
7805
119
10206
10089
5631
11258
1442
6337
10537
7531
3237
7757
4870
7206
11924
7440
11122
11481
8273
10243
1312
5735
5672
2549
10559
7981
6499
9288
6964
4673
7499
1836
7585
11717
9433
6326
5758
1262
1567
2346
101
5101
5139
1621
1492
11870
2313
11598
10594
11895
214
7148
2671
3301
11230
7045
6353
4931
8530
4312
5969
8453
2603
3219
2647
421
881
8549
10640
4258
8542
10871
7901
2544
1116
3096
344
5105
3382
2691
7517
6714
2432
8297
6977
7380
1495
245
1397
9305
10530
6632
5209
8828
5148
4372
8719
8358
2492
7940
1289
11592
1919
524
7804
504
8323
7154
1440
395
7103
9071
5717
7220
9892
10213
4191
7260
9646
9102
9970
502
11472
4896
5311
7982
5248
10782
739
8983
11351
5329
11081
8867
7287
1277
4187
9692
4651
8223
6031
11932
10034
8416
11451
9621
5922
8205
6911
709
4731
9503
6311
776
1572
5976
4897
1548
10050
3494
4750
10269
5581
7242
1486
7010
3969
3035
2728
6434
7215
7760
9960
2323
2951
3500
7566
7478
6297
29
6910
3040
2715
4506
10020
6946
6821
11734
3079
1015
9063
2513
6345
3160
10954
9791
2629
8841
1771
1514
2275
1162
4354
8048
5713
10622
7188
7315
7496
4858
10938
6103
1208
10494
917
7890
5274
11322
8324
4390
10197
6262
5066
1540
7111
314
4402
5245
11152
7909
8126
9856
340
11898
10485
3537
2987
668
10675
935
10090
10793
1672
4627
9441
11466
3023
11661
8057
4664
1231
7013
8502
953
4056
3708
10710
6607
4996
5958
10171
3834
3940
9636
3903
9218
7729
9813
1899
286
11114
224
8646
6815
7984
11535
6703
7473
8184
7514
7562
5086
5002
5956
3042
10142
987
188
807
6317
6517
6639
3319
8282
10711
18
1316
11385
6029
91
3760
5014
2843
4561
5361
4718
11450
3453
7075
7361
1035
3935
4544
924
10952
4581
3779
6806
10239
558
7544
1991
5923
6680
4644
3445
1961
10289
8127
6292
2
11431
7994
2684
11856
513
6363
11455
2405
11527
387
7931
10511
11424
1770
11684
2782
8079
3624
11809
11208
1367
2456
2357
8080
5267
8052
3728
8335
10304
6739
9839
8560
5813
9657
206
11403
1577
10595
6802
6147
3619
6027
10440
4880
9739
4500
6716
1726
5933
2880
4033
7937
1197
8621
10293
7742
2977
1635
5353
5577
6545
9899
3746
11456
11275
5336
2846
10737
11620
7658
2454
4077
2914
10881
4104
1118
34
6210
6965
8507
2783
7910
9880
3114
396
9378
10749
659
5651
8763
9552
3049
6550
2997
11756
7570
5465
1356
3367
4714
11545
6191
448
9520
5742
10998
3293
1055
4932
8539
1557
4200
6338
8750
9754
2331
5775
9501
11798
2337
2078
8702
10461
503
11834
10735
9209
4682
3113
8286
9766
10268
2706
3787
10045
6568
8921
10198
6976
8174
4356
1080
9801
5397
7639
9163
6104
6604
2872
982
8738
3448
11131
10756
1032
8918
9001
116
4542
4573
510
7342
3386
6245
5732
1863
11925
11626
846
2522
569
8000
11700
8064
8695
11054
574
425
2897
2256
10758
2895
639
1819
11847
5185
8090
573
5983
11609
1691
2863
6445
4031
853
6631
11492
861
9054
9510
8115
2339
2436
5150
9152
4292
7716
6130
5339
11519
5716
9236
911
7395
7922
10644
9690
9573
241
10313
5914
11735
4335
6076
8119
4772
8984
3427
1963
5398
4186
2034
8850
9205
11913
9543
8820
10113
10869
2044
11485
164
1168
9800
7053
9673
8674
8253
5966
3908
7614
5416
657
2557
343
10041
8343
4362
1441
8433
11692
6859
7661
8712
11509
1639
2103
5390
8567
6725
240
3629
4733
8435
3580
720
10944
5787
10676
11313
4691
3399
7755
8136
3440
2854
217
4663
9991
11143
11077
9656
10032
11583
222
9974
2076
4650
7382
3041
11891
4591
3618
7112
8459
5650
11909
2158
11296
8207
4148
2707
1365
404
70
6055
11716
5453
3806
7774
10888
3518
362
8881
4493
5447
11204
2682
8235
6742
10270
5753
1673
3795
6551
5357
9214
9525
9281
4193
7334
4853
10951
3125
10223
3338
2781
1424
5065
9699
1600
2565
4776
2653
10636
1997
7967
2143
735
7873
7152
5327
4841
3222
9782
4732
3005
8948
6857
7120
159
8998
6509
5609
168
11395
4310
6284
11709
10297
10968
10115
7409
4744
9746
2519
5379
5031
2268
3808
7948
4934
10753
6137
8872
4417
11764
5462
7004
11314
8757
1581
5509
654
1653
6309
4843
7829
7783
8036
1797
3727
817
6518
405
8909
7218
10662
3511
3034
1351
4985
11676
8622
992
2628
906
1896
8611
11071
3853
9537
189
6902
1235
2508
4835
2394
11782
11113
4814
8747
7354
4823
7539
9790
3095
8232
8935
4263
1097
10817
6508
4205
10367
5419
8308
2320
11736
3994
6174
5860
10826
297
4761
9223
5020
4616
11206
2022
9475
8154
6558
3161
4178
5921
11328
7414
6884
3025
9564
8495
1224
8415
3417
3392
9776
8551
8142
10619
2665
1783
6198
6327
973
4237
4762
11743
10836
1681
9494
9685
11710
1808
2196
7044
11359
4183
11763
10277
10775
1187
5444
8540
10097
2520
9259
7127
7504
5757
8628
6095
6900
852
7298
5438
1891
10999
5093
7489
4203
4219
4796
10349
7145
10195
1456
3824
2612
8066
7462
8650
7954
10792
10599
11283
11018
8101
9506
1295
2015
9342
3292
3510
5699
1860
5128
6828
4571
10179
5669
397
1350
11125
549
3975
8418
7773
7341
431
5751
6697
371
15
6145
9667
11269
2494
5964
2607
7156
5856
4654
1288
7399
3682
2377
5220
9268
9496
10466
3223
8892
3817
9294
11603
3502
259
7102
7733
7296
2585
5777
8452
2990
10773
7107
10257
888
10081
4698
3030
3467
1349
4970
11610
8640
10217
7711
5069
7877
4156
7377
7165
3706
8730
1977
8623
11567
4832
6536
9865
8008
263
5569
8691
9935
10231
5776
9154
8710
7390
2871
11905
7117
476
883
2482
4375
6165
4121
1194
2609
578
1879
8868
10630
10923
10303
6299
8749
9073
3210
2764
1348
7580
7782
4218
10433
7472
3310
2618
9756
2726
9100
7667
6823
11604
6010
5541
6464
11284
2917
4267
4952
6344
10929
658
11410
631
438
4940
6049
10854
4642
6927
10412
8558
3615
4812
2149
7274
870
11337
2132
6397
10262
693
6045
2206
2437
5785
5302
141
7066
1010
11355
11124
8477
1366
2999
267
3723
7980
11919
3538
3718
4741
6643
10618
667
999
9386
10872
5363
11041
1835
7262
7458
8409
11126
6569
9759
8187
6417
10082
6427
11222
4723
8801
1477
8489
4168
9024
3464
5824
11631
5598
11357
10581
2365
11787
4448
3259
11287
927
6587
3637
4337
2027
4916
4043
936
2312
1001
6220
11607
4834
10302
5705
10044
2468
258
9829
5679
6343
11599
5375
11369
7166
3655
5685
9204
8930
10899
11670
11864
2962
5523
4169
10612
114
9550
7689
11161
54
2620
9084
5158
3896
7391
11518
11729
4799
8493
5897
6784
4979
4484
4463
11540
1721
10798
11613
9010
3503
6675
4726
393
5939
5932
72
5946
2699
8975
8574
2879
1709
9952
10856
1429
6246
2391
11429
11035
731
6842
4196
5960
7282
1314
5165
1926
7081
2385
9585
7956
8047
4545
11402
5884
10276
8587
6864
6075
10540
8497
9249
10645
1469
6253
5533
1090
2681
4328
6572
7596
8370
4490
10538
4088
4562
11261
8863
2792
5254
10377
9317
8652
11727
4067
4124
522
6221
1393
10010
2455
4273
2760
9745
8289
11053
6360
2745
4778
2378
8506
4014
7234
7776
9665
3627
4606
8583
11231
6686
10739
2806
8576
9586
1333
4596
4887
7707
9576
3861
10738
7314
3593
3346
3465
10149
11707
10865
3958
3250
6380
8569
5687
1667
10227
5901
11360
9835
5391
3575
8137
920
9771
7094
2944
2374
5885
9579
10456
1249
1556
7255
6623
2861
7712
4319
9298
4628
4436
4826
6990
3241
9240
4570
4338
4475
5120
9119
6506
7939
11585
11892
8030
10143
3484
8233
3662
5273
5184
6425
4677
6956
1204
1725
7199
3167
10405
3813
9629
4825
10528
6184
6731
10386
11494
1865
1618
2260
2351
7031
6373
11536
7668
9997
2989
8170
4556
11629
9470
8615
4007
3771
7497
8643
10245
3368
6734
7252
3961
7830
11121
2288
3331
2809
10406
2512
8388
1135
6110
5181
2898
11694
630
7333
10591
7226
5490
1960
1132
3545
367
2042
5825
11636
10100
3067
3507
8970
4572
6514
3852
11376
11013
8767
2059
10455
4445
3734
4473
10947
3372
10721
3347
11116
9207
8395
7848
9367
5222
6527
5588
547
1329
8296
1586
6779
11215
3526
1878
10909
11783
9097
3899
9416
1810
6796
6905
3583
649
8538
10576
6283
6597
3968
11194
146
8018
9375
9260
4813
6758
9114
2887
1478
369
9036
3097
7612
1100
4555
3152
8
10529
7054
3485
8511
11513
5919
4250
10736
11762
3777
10730
1241
718
11217
8559
3705
7389
7777
11052
5427
5877
4110
11652
8196
5156
8694
2384
9155
2203
1928
5761
9027
2656
248
11285
11880
3410
8189
3690
9577
2276
11089
1757
3850
3671
10709
8386
6218
4771
3142
4030
5176
9808
2122
6919
8155
6252
3075
10199
676
11899
7768
6065
4070
8731
7962
10323
10095
2270
8693
4264
3017
8431
5253
520
11877
9584
1554
10350
7253
5174
5280
497
4949
8907
11539
5380
4554
6724
4997
359
8827
1933
2799
10996
11085
8793
8811
6904
3754
8631
6991
7297
3458
352
614
3600
5766
7480
9792
1313
1636
6606
2711
9161
3778
1883
1068
10883
10161
1449
11072
5551
7498
11846
11158
2619
8754
11205
10879
11212
9820
3611
745
407
1888
3987
8595
5532
586
8776
3913
5064
3183
1253
9222
10055
8908
11321
5527
3951
2978
1763
9056
10369
11379
7647
6561
3385
10080
424
11861
10311
4281
5446
8607
2211
6972
9647
7503
8019
8634
7283
6666
3689
7386
9906
5109
7683
7171
11595
11142
3889
8845
11836
10484
7425
2528
10087
5831
1944
7379
8818
4304
1788
7756
11581
7162
4960
10671
8692
4087
11682
6614
9836
8993
1918
10467
9882
5265
6381
303
5204
5434
3805
6549
1790
593
11310
2888
3133
207
728
9080
5310
2531
10230
10410
10387
1494
6847
4672
9397
8071
7416
9758
5794
9793
6255
8874
5266
2130
10518
126
7216
5798
7108
1159
3843
9934
4707
7810
2923
1008
11166
11906
5488
8352
1792
4608
11392
10691
3692
10078
44
2672
7424
1955
2178
2779
5671
4129
5487
2135
9479
610
5906
9016
9555
4285
9738
6999
1251
11162
2510
1905
1151
2762
3337
8053
1018
6783
5739
10383
2411
1133
441
7406
5042
9321
2234
7999
8378
3089
9909
6830
10154
6081
7040
10267
8441
1073
2160
10906
3907
2418
1323
8648
3528
6237
6450
2278
9351
6688
11751
7190
4068
9053
11000
997
4038
11844
1609
10979
4309
3409
555
7665
6068
3112
4779
11788
6470
10955
2189
9937
6947
4921
10718
6949
2166
4804
4735
6963
7858
7198
7289
439
5301
5050
2414
9017
11384
2932
4346
6702
3854
1685
4272
4155
7675
754
2333
1629
9497
3993
10878
775
5401
11266
7532
1869
10151
2050
11306
9844
1420
9762
5821
9674
4587
8737
3845
8714
9722
3493
2419
1016
11220
8880
6931
7210
5848
7359
9547
5483
10582
1330
6983
3483
5024
3840
11347
294
11024
6840
6441
7100
8246
7453
5032
980
11172
1595
5415
7955
6661
7476
9109
348
8216
2274
6730
2503
10393
6562
2315
4850
1647
5608
10908
4147
5604
4669
11672
8073
3411
2131
6505
10835
5492
5501
11826
4749
10847
9747
403
5481
10577
3888
10136
7941
7642
6085
11917
7071
11197
5482
5175
7129
3106
8035
11096
5767
11278
11094
9216
5938
10950
681
583
1376
11242
151
3941
379
4831
928
6306
6685
8877
2943
7388
1026
1729
7715
8360
4313
9675
4024
6634
10458
1150
3825
3644
8218
9232
3482
10023
2369
548
9978
1401
811
11625
1520
2918
5102
1754
7615
557
5984
577
10254
6216
9261
1637
8160
934
9231
9893
4457
5499
10018
6064
9406
10772
9396
2971
134
899
1518
475
1448
5344
7928
2717
199
9558
9980
11820
2216
243
2247
3149
9519
1720
8496
10098
1689
9387
8676
4202
4768
7841
8314
8902
9252
4394
5320
8790
4781
4057
11602
10285
11427
7467
8381
10655
7624
4938
7143
9528
2752
4005
6553
5515
1036
6378
9969
2905
7486
5778
726
8990
8727
5661
8369
9263
11824
3203
6468
11350
10216
5284
4501
7859
2796
1791
857
9740
3061
2841
11409
3446
5030
10960
6074
8794
7571
3472
8831
7468
7233
5400
11865
8298
3302
9029
1756
8919
5131
4957
8701
1019
6732
8585
4004
7685
8647
11294
11637
9954
9385
1370
9414
7678
10900
1727
10342
2842
3950
331
5429
7164
8847
9848
863
7809
7119
11195
2045
9700
6659
7811
118
4301
6099
7631
3255
6036
10973
9513
10843
3755
4806
4339
10905
2949
998
5167
1627
1747
11591
3318
10631
3870
8756
7686
6389
1861
3283
9802
9280
1123
3788
4453
11797
5534
9627
11765
5991
2449
8552
9330
1430
3835
4547
9614
10628
124
2051
11838
8133
6895
6480
2412
10608
9241
9206
11181
2186
9594
9721
9422
10188
8399
9442
11580
10332
10755
10401
3384
6740
9098
1248
9524
10248
125
450
2724
4347
11340
7144
5730
11769
7926
568
8578
6678
11439
6923
8669
9164
2069
8462
2360
3215
9070
2238
7362
6955
1205
8777
8613
8810
6563
9116
9804
1538
14
6595
8911
5006
8412
4740
5992
2936
7126
3418
1017
8376
10488
11438
10005
9034
4569
27
11330
10510
8379
872
7065
9145
3535
6851
296
4922
1874
8044
2954
5865
2675
2823
11753
707
5191
5740
6581
7723
3859
4915
10160
11058
10027
6229
9717
6406
3400
5703
5812
7990
1684
110
9566
954
3664
3003
11358
8952
519
474
208
3633
7973
3573
6265
7418
3905
2287
11449
541
566
5383
2737
4780
515
9890
1230
394
9384
9411
11702
9548
10280
11301
7157
11733
4437
1873
411
3742
7912
1942
9567
4790
7012
5307
10740
11556
9296
1700
2294
11495
10359
7026
5510
2637
6481
11004
3656
7818
7883
7027
9062
5596
2087
10131
10008
6067
7172
6157
8592
8171
5
595
4877
10653
10668
6984
9785
2576
5122
6392
10935
3070
5041
7057
9082
8368
8010
11667
9300
9845
6973
2521
6433
5455
9312
3823
5731
4803
5579
11638
836
8002
704
7846
10536
5868
9484
4399
2850
5635
4533
11718
11259
6513
6671
10978
6554
7958
11780
3320
3356
6162
430
1258
8423
10325
6383
8550
3943
8804
3403
7136
7856
415
10232
9217
11927
3797
11090
4700
6797
8098
10838
11067
2689
2666
6263
9226
5092
10474
8307
10242
3130
763
915
10638
6021
11546
789
11772
7855
5138
1384
847
10448
2481
1550
1221
3679
4795
8426
6315
1719
10941
7730
3635
7974
2459
10704
933
4770
622
3589
5227
3743
11486
4751
2053
4363
4950
3717
3157
9575
10392
5688
6460
3931
5013
9781
4941
3750
10329
2023
2536
10852
7791
2599
981
6722
3782
3165
7731
8981
11799
8765
5075
10061
11388
6122
4518
2828
2994
2763
10422
9180
2306
2070
3480
5496
9361
2179
1658
636
6994
3566
8700
5308
11616
11810
3836
7746
6667
2193
7442
6778
3323
11483
2899
3878
6189
7885
6571
10851
9718
1153
1189
7445
9569
1980
9253
5858
8901
6757
5298
4529
8844
6810
3876
7116
1717
11448
1558
970
602
1406
8853
10685
7602
11829
6723
11364
1475
11006
2243
5091
4101
7747
6164
8759
24
11698
1307
9354
7351
4248
9074
6274
7652
2000
1214
8566
7704
7784
2594
1576
5784
5264
6482
2735
9901
7593
2922
6398
10358
1806
623
3273
9826
702
10902
6695
7793
10898
2428
7598
3552
5752
611
4295
7208
9749
1970
242
8890
7927
81
8191
839
6805
7822
4329
684
8632
9898
5291
7622
7369
9821
9020
7238
10572
2005
9015
9529
1969
1512
276
9984
11564
473
10765
2864
2652
10719
9146
8081
4615
8074
9843
8466
88
10834
8442
8768
9477
9534
3933
1169
5721
375
4699
1341
3088
11530
10819
4614
1233
9352
7408
2801
2556
9664
7751
9649
11553
10708
2869
11789
3570
8602
8316
10855
8225
1244
4157
9487
10677
6912
1604
9936
11511
2404
9189
11297
2141
7567
3206
582
916
9061
8606
4686
6649
11386
1564
4947
6166
178
9353
8533
2934
6909
6175
389
3256
8655
8514
8722
443
3971
9461
3536
2546
4421
2708
7228
9243
6866
9645
1545
4716
3764
1541
10882
8405
8396
7693
8163
10977
10523
7812
2600
6776
3691
699
5194
5793
10266
10446
10388
7911
2277
11251
11728
11582
6658
8928
6640
1941
996
11270
2035
9115
531
5283
4536
11247
10009
3048
9188
9458
9344
6346
5028
4767
10186
6507
4461
11148
2635
7659
2383
5834
6785
5677
9111
9379
8637
5795
1186
5343
609
11477
7605
7417
5452
6234
5652
7802
727
11042
791
8354
1593
5393
4462
11833
5905
11882
6930
7247
3232
10141
9019
5325
4588
1845
11916
3517
4058
5678
4724
8421
9101
9096
4175
17
7985
5838
8439
10457
143
7947
909
844
5977
8786
10158
3349
1503
10548
2223
7522
414
6418
3967
3579
4645
6243
4464
1989
10722
459
7919
4967
2535
9075
7587
3886
1297
8916
10506
5586
8803
10915
9703
8215
4479
5221
2285
11023
8161
5272
11430
6354
5959
2980
6155
6712
4408
8709
2303
10015
4364
10918
5982
8515
10450
10663
2540
7741
456
10086
1439
3212
3953
2868
5915
179
6121
11044
8125
11324
4348
11726
8147
7597
466
2517
5668
6677
458
7018
1510
251
7530
9173
1122
1511
10509
2151
10700
304
952
11816
10694
3192
6958
2636
6957
9227
11851
2133
4465
8642
2755
10863
6696
3251
5435
290
5994
8093
9946
4546
11517
3032
3107
10259
546
9568
4446
9522
4317
2472
6707
10716
5734
10897
2221
8390
10429
11493
11130
9888
3116
2080
10452
3228
8387
10844
4146
2063
9809
2305
4452
1599
4583
3530
3355
2778
3960
11467
5271
5573
7656
7558
656
4911
5212
7632
8046
10341
8244
5012
629
8197
10514
8208
10802
1744
6414
9474
9171
6500
8488
11031
370
9709
2744
9767
10118
10493
5528
8148
7170
3584
10734
9432
8116
2860
4643
384
2773
1981
1405
7360
4194
8371
3175
5912
1887
4849
1474
7092
10635
2441
5244
10295
2168
170
501
6100
6869
799
3890
7989
9772
7217
11436
11853
591
2150
7471
7767
8291
6486
5226
2981
2395
11563
873
4456
209
8106
6711
2198
11341
9730
1484
1917
1665
4428
8153
5786
2756
9278
11382
6515
7227
4084
7485
6670
1493
5005
11279
4435
613
8398
1243
1953
8746
5930
10861
8883
1046
6211
7128
1712
6443
8561
5345
9737
8259
1352
9124
6022
5256
2697
1491
4228
7364
250
2447
1232
495
1421
1880
4688
9366
11442
8774
7701
3867
907
8007
5239
4884
6011
1799
154
5887
9601
11418
9812
6442
5040
827
11886
3015
7121
4679
10932
1394
6038
9799
11160
7863
10907
5553
10000
4454
7559
2177
1240
5768
5807
3698
4025
288
9630
239
429
7063
8523
7426
3475
1676
11375
10925
5437
6542
10701
10109
2645
816
10431
4879
5947
5517
388
4096
5384
8557
11681
3816
8955
512
10933
2249
8604
9620
3134
10059
1702
8336
7281
10926
11445
467
8055
186
4221
8334
5460
2889
3466
3033
8449
2476
8936
2664
10176
1332
8871
11792
6624
10874
10712
7180
3796
9875
2945
596
11499
3978
3053
8525
10763
5741
8469
5228
5480
2571
249
8524
8111
7235
3264
1127
2420
2626
11738
4597
2457
9846
9693
5218
4331
2233
9924
4907
7819
325
11933
3105
5803
3421
782
6580
4632
6657
2197
8243
10056
3094
2998
4840
1361
10853
4862
6248
9907
8242
5149
1041
2279
11874
2108
5015
6715
3357
10513
10123
1897
3408
7620
6738
4111
677
7868
10168
97
8226
3934
4403
3868
9811
9439
4610
11248
7965
5309
7370
96
10791
829
6301
3456
10403
1347
6896
628
1217
1028
6046
5021
8457
1934
1774
6129
10278
9993
8054
1925
3860
3007
11675
2968
2940
5038
8199
4511
7278
3678
9394
2725
8775
3247
10713
4247
2061
3345
3562
1820
7028
1818
7748
4060
4381
4787
11366
11594
5546
575
11049
6819
1190
4293
6037
339
9069
2465
4912
2194
6966
10432
7084
5640
5491
3952
1267
8855
8252
11635
5019
1954
11432
10693
6138
2771
7625
5219
6893
5192
10519
4013
9783
10764
6236
9900
7353
4526
8718
3374
10497
8129
10943
1837
1871
10801
10244
7345
7650
2916
9413
1268
9780
5526
4759
2213
7387
5155
9917
10189
3572
4177
10583
6012
1410
5590
7251
897
2330
2908
10338
10420
9928
9123
8964
765
11653
3282
5201
4236
5389
11457
7908
11790
4393
2473
7248
2690
6462
3608
943
11843
4075
78
3305
6190
10558
1617
7273
11132
4308
8601
3322
353
3786
11928
2729
1069
1906
5894
603
4914
784
866
5257
9089
8666
3598
10988
7005
4176
2266
8262
171
8603
10937
4893
5642
4438
6689
2878
9897
7153
2375
8091
10707
11823
8979
8083
8838
3665
7953
1829
1415
6914
11825
3104
9582
10298
9853
8039
5878
7201
2104
5281
8963
11373
7039
8340
8361
972
10415
5696
11745
1392
5096
11801
11828
3022
6018
4012
10290
6351
9713
10800
3606
6058
5704
11036
10178
5163
8179
10774
11504
8309
5373
5760
4132
2107
11508
11761
6014
2258
4662
2816
10019
564
6362
3420
8322
4051
3295
7603
7433
6829
6967
2024
7991
655
6453
4777
6235
10880
3807
6874
11575
8785
6780
11180
9169
9286
1340
10126
9570
5113
11807
3804
1766
10104
2788
2446
6552
1487
2123
9672
5011
3311
5454
5570
8043
10404
11752
6487
2176
4138
5937
1693
10754
7407
5203
638
4592
9711
5624
416
11413
4282
9731
10060
7173
1468
1563
7048
1216
10468
10770
10779
11907
3376
6451
11349
7352
4318
470
2941
5046
11643
10352
9420
89
8209
11127
7847
6774
10025
6559
5681
3021
9035
965
11144
5815
1549
6154
323
1051
11554
3809
5820
3520
2329
7193
8345
1284
10807
4517
3051
5445
10042
6108
7130
4660
800
2429
5564
6982
3014
9979
5137
8394
9395
8954
2401
9008
7224
5238
5697
5085
8377
3194
6705
8799
8280
8372
2060
8272
4105
6342
3026
5087
9486
5554
6473
5110
10134
8937
1950
9870
7688
4164
6009
5578
10305
6615
8206
10780
11600
2328
11377
2742
2079
4353
9215
1547
6094
8183
6913
2474
8070
11742
4472
4173
1266
4128
962
7840
1050
1864
9996
10017
11243
8237
5406
10920
6811
10892
2935
6325
8962
9854
1359
6435
9117
2187
7435
152
9051
3391
3143
11680
10016
6684
10356
4366
5409
7508
11441
5940
10226
1568
11890
460
380
2376
9476
7697
5365
3773
9744
8965
6535
2805
7306
11356
10818
4725
3597
1962
5127
2654
10604
10366
8781
9612
2548
9262
737
3328
3329
7881
11679
2562
5606
8889
1082
3350
1034
9565
6118
4878
4410
285
4491
4239
2886
162
1523
6813
8300
10047
3059
4498
7058
3444
6382
4358
1501
8251
2077
5654
8016
11060
4670
1185
7595
5715
10360
692
6594
9600
5010
4742
9695
5003
10397
2986
4115
9358
4222
8956
4653
38
4042
1968
4470
7674
9182
8484
7413
1005
2140
3377
5928
2853
4048
2348
5993
4507
8417
10983
1683
5182
9999
1898
10783
8584
6279
9459
9816
9925
10989
11267
10539
8277
8344
1325
838
3753
2787
3233
8926
10748
1890
6334
1800
9199
1854
10172
4680
7197
4430
11032
3008
4574
1298
0
666
9242
322
7921
7865
8299
9973
11034
3616
1140
11250
4968
9065
7801
8124
8945
5293
11881
195
6876
1582
11331
6302
2188
7064
8151
1375
6625
10284
8451
8326
9864
9335
11520
9092
11203
9225
4987
10424
7415
3737
1745
7666
6208
6230
2627
3257
6892
1762
4434
9449
9640
7405
10099
11163
8605
3249
5519
7629
4020
2985
10460
10702
9726
3150
1842
11188
2114
1915
321
1630
8593
10726
10746
8422
5514
36
3565
7463
7328
9704
4489
1663
3989
7521
5770
2582
3187
6428
4797
3242
9465
749
4763
4722
9874
4447
7020
10163
9289
1972
11526
10731
6128
10006
6786
11123
5258
1115
10532
115
2096
6837
7174
11268
5840
7891
9135
9018
4984
1109
10052
11617
5802
11216
1024
11178
802
4137
8088
7932
8575
8664
9753
26
11098
5695
2834
79
10674
9285
3336
1743
5941
7874
8620
2747
5474
2013
3529
947
11045
3736
6589
205
7920
3473
4959
7067
3563
7820
3674
10306
5199
4786
8639
11070
740
11664
9559
5950
2959
902
9196
11393
11601
357
9323
10833
1662
5392
1862
7837
3364
7854
2673
11177
1087
7434
2824
6307
2184
2356
4094
4086
5659
9011
8443
9918
8875
3039
565
6523
5039
7698
6974
11288
3508
11863
1536
862
11622
10071
2431
10637
9224
9177
11367
8200
9682
11701
3221
612
5418
4636
8027
4284
324
1846
20
7035
5157
2350
8720
8380
6887
5788
11169
6599
128
4661
10124
6030
5686
1225
6063
5607
4049
7542
1172
647
10240
2591
11189
2716
6839
4142
305
7604
11233
5744
5676
1343
7316
8835
11338
1573
755
5910
4061
1646
4133
2670
1802
3948
10889
7832
8884
4939
3590
4223
332
10475
1383
7864
7239
6436
6148
1761
713
9838
621
3966
6894
7950
10374
11234
963
8882
6002
10249
5407
197
3260
6318
3741
11005
4943
7534
5059
7606
5145
9120
8891
11213
2518
826
8414
9998
1324
8082
694
1395
4160
7299
5186
9357
6901
5177
9483
10873
7091
2554
5119
1892
9505
278
4497
5605
7526
434
8486
11647
8407
7019
7524
4789
2310
5159
8278
650
11897
7586
1737
9488
11528
4857
8577
11257
5424
270
6001
9719
10962
9007
3539
6676
8475
7703
9370
10593
2743
9992
9143
3214
7494
5247
9834
974
3313
2890
1827
9088
9343
4848
1126
2026
10347
9037
5464
11558
5100
4961
272
1450
196
213
4283
4906
11538
8009
3822
4978
5004
3050
6855
9561
6086
9457
6704
9359
3735
7237
4074
7845
5084
1736
3985
7436
5886
5338
757
3651
4078
7350
3115
9623
7098
4758
3489
11319
2284
6522
9412
10236
11644
7557
1152
341
7882
856
10648
7093
160
3375
3916
10152
8772
3422
2862
5995
4102
1379
3949
10011
11211
8269
10896
2780
1675
7184
2113
7192
7795
10051
9038
4600
9981
9106
7946
4623
9944
7913
11612
7459
9325
1594
6119
1431
8929
11252
8791
9303
979
10002
620
447
10845
8920
6396
5644
6463
10928
4034
9592
8479
16
10204
4794
5317
5076
4220
10218
6603
9628
3842
7823
7038
6149
523
6004
8020
8992
9881
2295
1502
5104
5587
10667
9827
542
1388
1592
5132
5410
10180
1701
155
3547
4508
10024
8685
11465
4538
2563
3499
9322
231
4093
10491
7738
7326
6370
2230
10079
7838
1378
2006
2504
945
4788
2126
7183
5299
880
6959
9825
7062
4745
9810
1824
10271
7758
4336
7451
5689
11771
3395
10411
9235
6936
7616
3610
7291
10666
3814
1734
8331
2304
2229
9327
1666
358
3224
2598
8425
8579
9591
10365
6605
10646
6760
9987
2499
1838
1738
10260
9681
5806
5478
2979
5623
2386
9153
5634
1271
9389
9046
7630
8721
1149
8917
4634
10069
4113
7055
3141
3121
8351
11706
4349
6648
11394
3591
8072
4006
9659
8677
8224
7336
1212
61
2242
10207
1207
8864
402
3501
3086
8894
6941
5366
2593
3607
9060
8684
169
9784
9430
5561
2185
10361
9602
7899
11370
3404
3123
7568
11051
5545
280
1342
6488
6929
627
3895
9026
6365
200
2215
4769
4079
8432
9964
6454
5347
3211
7244
8461
10203
420
2967
3869
80
5645
260
2225
5895
4528
1807
9200
4311
8391
2643
8597
1555
9160
1188
1537
2410
3592
1907
7155
5022
4929
4412
4601
349
8037
4227
11186
11586
461
8516
5967
7372
1374
8854
9108
4249
11069
8830
6921
10368
10321
1179
5230
10745
7346
1170
9448
3278
8304
711
4131
11428
6860
6040
5911
10864
11274
3276
5473
929
10590
10205
9197
1387
2008
3238
4141
9213
2098
11015
6090
10789
5662
9683
11396
10747
7992
10502
3599
5262
11411
6588
2368
2913
8723
6497
11547
5057
1990
9478
4050
11510
7449
5055
215
9466
10815
9916
7191
8430
10153
10953
6059
11198
7371
3188
2180
9244
8045
10505
1145
6039
11099
9272
3574
5141
10252
1154
1937
1304
2205
2392
7450
1565
8856
8953
8729
2855
10725
6112
11097
2463
8270
1358
3527
9668
4167
9318
7732
9118
3521
7488
744
11059
9128
9632
9297
5516
1699
9421
6608
5861
11157
801
7983
9081
8173
11576
8295
1061
1014
6217
11232
5904
5563
6490
8972
2117
6644
5506
7254
4817
11923
6752
7923
10486
3791
10956
11141
1815
8903
10990
11087
10063
2467
3287
7638
5600
7803
3976
9613
762
5211
6479
5037
9136
8912
4687
918
11454
4958
11522
9638
3744
1104
701
1086
6968
1889
3291
7460
4367
10091
10936
3166
5722
521
3178
9774
6472
11593
2464
4527
9178
7903
6257
2445
7611
5931
5275
11573
1321
6193
3628
5231
2438
3044
7516
11196
2319
3080
11447
3258
1789
10449
198
47
1198
834
8678
5095
8099
1591
11332
3120
10639
11845
3230
10627
4993
10824
781
3148
3696
330
10108
7576
299
7634
3930
8612
2572
8638
6751
8468
6111
3831
1959
673
6073
5832
8784
5749
11818
8588
4092
11719
9684
1801
9768
550
10654
4211
855
9150
11404
5498
9798
11419
7279
8849
10837
10911
4429
1042
3923
2033
10945
3159
4590
8458
6272
10441
5436
8404
9650
3474
835
3431
794
6706
9951
9926
514
11179
3716
10586
2527
5550
10554
6932
8188
3174
2058
8306
7902
9107
223
1079
506
3959
6126
11086
2500
3179
3709
6777
10185
2332
5779
7161
4717
1242
11014
5047
8687
9064
3661
8703
1433
3043
11292
3087
1716
123
6841
1180
7344
2837
2232
8656
2807
2293
4409
6172
6171
2413
6713
8629
9639
3519
6478
9794
8138
5348
100
4635
9910
1413
2014
551
1995
1674
6273
10971
4582
2342
10167
71
2095
5335
8034
4015
991
7839
5082
7713
1322
5555
6577
3330
6091
9694
5641
11908
9861
2539
3715
5525
7857
10657
8711
11529
5372
4344
1825
11611
7515
3185
5712
361
901
2942
10752
871
1134
6795
2746
2088
2121
6733
5029
6496
4059
3077
9190
7949
4851
8504
812
307
9795
7481
9313
2564
4425
335
6729
7759
7432
9541
9666
2538
9789
35
6239
2341
7207
10316
6814
898
7577
2501
6948
1908
2367
1072
8317
1910
432
9044
6598
5289
1106
10649
4365
6072
3239
11571
2688
11239
5544
8522
10224
6526
1584
8547
5843
8217
6136
10585
11878
3998
2988
5663
7584
60
2818
5789
11690
8444
8198
10995
9440
9773
3240
4326
10564
8625
2639
4439
4668
5235
11475
4003
11365
11815
8254
3267
5559
8400
10680
9514
5841
2040
6399
9429
10070
5599
92
3058
11433
10521
2097
2240
10370
8683
9955
5987
4119
4976
1114
3849
2814
5876
4276
9269
4889
7269
9712
964
10862
4525
8503
6585
2881
10073
1334
9045
9295
7867
729
5083
7452
11484
11464
5146
4398
7944
8846
11305
8440
7309
5568
3138
10917
5968
1708
9447
2202
3309
9407
7792
4302
5851
6356
10557
1973
1644
889
10253
6324
6824
11862
1052
7998
7256
4257
8305
3393
6986
6419
9915
10684
3111
9574
7607
8097
7363
2423
1438
4607
6275
11503
3184
8839
540
9603
4245
5750
683
4552
2969
6469
8682
11008
5842
10744
5255
10573
10565
5290
8263
5399
1007
4619
793
4483
7202
8021
11779
11850
604
2810
5316
9159
7317
11323
10439
6651
10566
2072
4229
938
5164
10135
11437
10413
8100
9883
8341
10333
4241
6992
4965
8271
2162
1234
7332
8056
8974
10351
9583
9110
4471
10340
2222
7828
2099
1828
9168
11490
9920
10799
4426
5892
3877
6891
3413
8397
1620
1566
1504
7904
11107
6247
9871
9191
1473
8660
9837
10808
9818
9456
252
6878
4515
6761
9676
1610
2896
7579
11628
8900
2440
1649
11468
7482
3800
556
3763
4861
919
7175
10428
7243
1779
64
5536
4543
7014
11153
494
11887
2996
6264
2421
6320
4443
3131
4519
287
11819
9648
8480
8084
9340
5743
2387
6066
493
1901
6135
7001
5780
9006
533
10125
2248
4320
9072
7750
10492
3995
7324
9757
10286
4052
4384
9270
11918
5292
10470
7849
9828
5618
747
1466
8026
4256
9181
3772
11225
5193
4689
2655
11473
6101
7135
6019
2927
9729
5965
289
6144
10037
5500
3872
798
106
1023
7687
10980
2877
10208
2283
1612
6641
10728
1276
488
6848
8812
6371
2589
11901
6139
1932
4671
2265
10046
2900
8332
6720
2159
8382
8120
5068
10992
5636
180
10144
7875
10459
7271
1077
9078
8181
890
173
8117
11078
8182
3858
1226
11608
316
8943
3016
10757
2214
8478
1711
2950
1496
10378
10357
3977
5924
6687
7786
10496
2827
9830
10402
144
10396
5660
6650
7246
8857
1252
5263
818
7794
8596
2409
5613
9702
2239
4681
5166
1772
9172
4977
1935
559
2692
11618
45
3745
4580
9727
7569
7182
3481
753
530
1455
2644
11832
2547
56
10064
11214
6694
268
7535
4371
2924
7836
2736
7695
9523
1064
926
1809
766
7513
7728
4904
153
7323
7487
6693
8143
177
5617
413
11134
11900
7935
6756
8108
2094
4589
7705
11808
10150
6804
1113
8821
10515
3921
11175
11295
2753
10312
9953
4321
2958
2085
7850
2683
1853
3169
8534
6238
2169
7373
1943
1698
11814
4564
11691
7533
6310
7319
6950
11837
8315
9938
4201
9170
8065
10442
2693
8667
5535
4995
9943
2906
6477
1377
7110
9857
8028
7594
87
4839
1851
792
10036
10504
7368
4480
10077
5130
4268
10053
2819
9691
7083
6093
9962
10500
7495
10811
3669
5847
9326
2915
8755
10946
9339
11841
4894
10699
9198
10324
2630
5690
645
8175
1626
2297
1125
2175
10419
10028
3932
10695
9308
11657
6023
6766
6662
2909
127
1631
4974
3341
2907
9720
8255
4713
2195
6938
5370
11383
7325
6424
4286
9333
5456
3617
7200
5552
109
4563
3132
2553
4069
7543
9388
960
3213
9493
6749
11531
10162
4195
10547
3471
10934
3363
640
6590
11889
1176
5822
6140
4524
10501
5560
1622
9245
4047
7886
6792
6329
11879
10225
1142
11421
5670
11645
7056
2791
7090
9502
6180
7918
1971
4389
9127
3304
11621
107
1000
3449
1294
605
9775
1181
1834
7929
8172
386
11095
6113
910
1780
6954
1826
8758
11699
11151
1613
4499
9316
9083
5319
9467
10574
5973
11333
6308
2733
4905
2602
5033
3012
4706
539
10258
8946
10620
3688
11854
3435
1270
8808
7089
2314
2680
1682
7396
5893
7696
3701
10626
11276
1260
1816
4382
1855
5388
4510
4578
218
9055
1656
1213
9531
9028
5140
4903
11043
11655
2161
1280
8675
4209
6254
6586
2081
2566
7800
7225
2204
8470
2062
9609
5942
10549
4537
11400
6945
10062
2324
8512
3986
4975
1171
783
4016
11016
4697
5173
6405
8012
1467
11256
5811
9929
8657
8288
2157
11501
11781
3358
5866
9945
7640
2663
1602
893
3068
4427
2142
2089
4736
1519
4876
6400
225
6812
6865
8991
6769
3129
10717
7181
136
4274
3645
10816
9208
9619
6544
11133
1982
2873
2004
9002
7964
10629
5078
9919
6771
8327
7099
11663
6256
6416
1775
11774
4942
1457
11221
7189
2621
1278
313
7821
4391
234
2545
4210
1320
8325
2355
1856
8003
9872
4652
10235
10682
6668
11265
7525
3724
9403
6541
10683
4695
4139
1422
2321
7398
6028
4083
4418
3498
6750
10689
8938
7355
65
1414
10038
7660
11500
5694
6489
6770
7714
2751
8659
3402
1458
11817
7404
7740
5725
161
9637
4076
11033
7076
8947
2702
10611
6117
8997
5210
1385
2301
11574
11693
10919
4808
7074
10743
5355
5518
1529
1505
2674
5213
5726
1619
5929
3841
10072
2134
9315
11378
6928
3863
7029
4886
8649
10610
2041
3296
5505
11106
457
3201
1143
6873
10473
9765
3426
6333
8234
3269
11329
7766
6822
8236
11459
105
2833
7163
10665
3626
9443
7308
6939
10658
11040
7134
6364
4259
3512
8089
7548
5236
8062
7469
4097
11414
11715
8389
2662
9511
11649
4933
4466
10703
1583
6185
2267
4380
8162
7477
9965
1927
5849
3732
6613
11646
2171
8190
11555
11440
8800
7551
6576
4618
3085
601
11176
1009
8520
6775
10477
3543
7444
1793
5615
6173
9451
4605
3057
8898
9538
9267
3556
1460
10421
8498
1923
10348
4182
5733
8665
8025
3557
9279
11405
8809
925
2052
6803
1844
3229
3609
8061
2584
3700
51
8144
8363
1037
10314
8548
5653
6388
3922
1945
5114
632
9862
2754
5168
133
3710
1528
8413
11079
5902
7305
9393
11361
11017
11260
4599
7966
7037
4300
1177
5903
9663
10088
3581
7971
11007
10969
9341
9990
163
3926
11139
2292
6312
465
1509
11320
10964
978
1483
7179
5330
4151
988
7378
700
7648
10503
2152
6041
7270
7427
1302
10464
11199
3673
3314
3670
1108
2009
961
11397
7930
4625
4411
6084
8616
1437
11027
4805
5374
7505
1396
7147
6452
9434
2448
7008
3098
11926
10315
8673
8792
8989
2558
11286
10106
2322
7972
9604
9345
7561
648
10437
3004
719
6747
1465
2450
11249
2611
2018
7300
672
3638
43
1710
7047
1360
637
5796
6850
7778
8813
3286
4866
25
10096
181
6261
9087
1091
6347
377
7721
9863
5354
1852
10982
5364
969
6336
10196
9452
5920
9587
6005
11076
281
4924
884
5294
9187
11145
11346
10476
135
6244
8885
5986
2366
10575
3770
449
3196
4655
4150
6498
2502
4040
452
4983
8840
11549
4291
9532
6423
2701
2616
5195
710
7030
3980
6146
4401
891
11827
8260
4492
6616
10766
4407
9764
8848
11869
1124
691
2495
875
10221
10563
9314
1096
4103
8359
1847
6794
4213
10385
1640
3348
7264
10294
406
1936
11150
3719
6642
7657
11171
10842
9141
2427
10592
8038
1728
9142
3879
2393
11061
2231
11491
2530
9610
1269
9251
2112
7080
5839
8156
5724
4956
3759
334
584
9431
8826
9546
7335
7706
1718
560
3052
142
6765
8268
6156
1464
11185
10127
7894
8704
10116
9933
5147
4830
2790
2400
7684
9701
951
1603
7785
1914
1222
6630
8157
10250
4122
6679
1765
7490
9099
8318
8075
7884
6570
7765
4898
4212
11873
10656
7813
6199
7552
7137
5111
5023
33
11412
3534
4816
8866
10602
4166
8227
69
1203
8764
5352
6981
6082
9971
4708
11666
2458
98
2153
8228
3625
11855
11420
11589
1608
1078
486
600
7272
10692
830
9000
10233
9151
1163
3751
2608
11689
11159
7669
4254
2832
664
5833
6820
479
9438
8619
10339
4231
2032
11744
11619
5627
10035
764
5058
1648
7343
4994
3725
11238
8817
9983
7749
6877
477
10014
6767
11302
3437
7541
1419
5507
11339
9195
1978
10043
2347
4130
3571
6560
8532
10887
780
11103
6504
6288
4290
8819
5202
10187
366
11136
4760
150
11149
674
3898
1781
10727
254
10430
3683
10469
5591
6054
879
3031
4844
1006
5771
7540
2068
5537
11068
7073
11062
6194
10296
9398
6181
4065
6083
8859
10546
8773
6201
9468
6212
3197
5597
1357
1657
3733
3642
7
7021
4192
3151
7443
2486
11063
8001
3321
1063
11640
5633
5067
5804
10465
722
6596
1338
7003
10524
483
3962
3455
10698
682
3156
808
10222
3525
908
7827
9822
5356
7507
5172
8858
3066
1575
11627
2086
8145
10961
3122
2031
9369
7441
5200
8745
2734
4821
748
4633
11654
10981
10272
6652
4734
900
956
3366
3071
11671
5698
7938
7575
350
11117
5074
1451
10114
9539
756
42
11080
6838
11805
5112
11584
4951
5121
4598
7710
7578
6228
821
1482
10527
9360
2698
7470
10784
8957
8450
4277
8029
3851
9655
11565
3769
5426
11720
641
4246
3988
505
11658
4474
1746
9133
6379
2124
7292
9866
8686
5867
3193
11223
8152
3139
485
7895
306
4925
8541
7670
2719
7676
5442
9807
8728
9125
5428
4085
8245
10522
9578
11760
4646
11207
7211
10033
3457
4174
1043
11737
772
5614
9588
4705
6409
6626
785
7422
3781
216
8513
9961
6109
7230
2870
10375
63
5408
8927
10482
233
3390
9777
2212
8641
4948
3093
5208
4875
854
9179
8568
2800
767
11634
7301
9460
8961
5857
8531
10478
6741
10809
3620
10621
6387
1611
5680
5237
9332
1369
695
2036
8971
10541
2772
10395
8988
11791
4815
11724
10810
990
3647
1368
7049
6401
8556
11187
4966
10281
10279
619
2364
8434
6446
4871
9556
5649
3582
10965
412
9884
6202
11683
4355
9277
423
7318
10343
1158
10924
1060
8630
3284
3646
8633
3509
8910
11115
5056
10234
2836
5913
4345
7085
312
3904
5879
5154
9596
368
7523
9972
9947
1924
2573
1339
10330
277
1735
11476
5955
9963
10029
3006
7307
6801
8219
4066
7679
1315
3880
2148
4913
690
1843
10720
11009
10241
6225
8164
6120
1306
3231
6167
5303
4895
8865
10531
11022
9233
10584
9605
1574
9641
9557
11170
3327
10910
3024
9424
11315
1900
11910
7022
315
4165
10729
5183
1331
2646
11778
708
9988
8178
8980
3761
385
2526
74
2511
4029
1476
10145
7722
1752
236
1446
5402
8367
9423
2422
2054
9405
7263
6432
4416
9631
1257
6883
1909
8505
484
8350
3833
10545
8110
8925
3887
2286
6882
8135
6163
1707
11140
6077
11135
790
11662
9515
5667
11800
3564
9852
2537
5875
279
8201
11708
11348
11685
8403
8565
9377
4579
6532
8261
1559
187
9254
451
9186
10331
5060
9033
3697
6918
1423
3871
4039
1411
10001
11630
587
4565
11460
2882
11871
2617
9677
8966
4204
7936
3636
2774
4852
11391
11190
6219
7118
7506
6833
864
1664
3588
10860
5626
7649
3248
1160
11648
6226
7589
4502
2769
10829
4112
7381
10512
4753
9786
6227
9144
9290
9307
2302
11842
5714
5975
5246
3894
9902
3412
10991
3454
2661
8934
10617
6335
2933
5073
4238
8862
7719
1654
10828
8570
11401
11108
2657
6352
1817
848
4230
4322
6793
8610
1275
10414
7621
2439
5978
11725
11773
6920
6698
9336
7724
11202
11590
5769
2931
3790
8092
6316
10275
4535
4969
4553
4232
6207
4678
2224
9334
190
2700
3561
1527
3798
9105
1870
3462
3826
4376
4833
4214
5996
6653
10117
3394
3654
9927
9611
326
11
1386
5123
191
11806
9009
5471
3653
2509
1136
11303
6612
5362
10825
2167
746
10797
8822
1916
7550
1730
6471
6461
2049
10901
845
11754
8886
378
8893
3643
3491
8408
3439
11747
9304
8290
8732
5118
1081
5572
7229
10806
3430
2396
9376
4560
226
1088
3939
6721
6355
440
1293
3084
10568
1447
3265
6975
1199
3076
11415
6455
7892
11293
3663
7769
5249
6102
4294
442
11656
2797
2625
2403
11474
9271
3365
1027
3102
3553
6858
10194
3062
9402
1033
5896
10384
4992
6748
2770
6127
1223
2815
4488
3548
4923
10068
10288
1882
8180
1105
10251
3914
7139
1403
5542
1459
10600
892
11872
7461
944
8899
5874
6849
6546
2845
8214
3984
7957
9891
2090
2311
10555
6533
4754
2338
3381
8281
1144
4481
9425
8017
9299
2170
5451
227
11557
4455
3300
1671
11304
7694
10986
5850
4690
6298
11537
4330
2373
3752
8614
8783
646
2402
8241
2251
3275
5829
7109
1098
7720
2679
9956
2483
9533
7280
9542
537
771
5321
5461
11374
5797
11168
4400
11512
1500
6886
3516
9728
3220
7036
1753
11868
2738
7737
6266
9686
1025
398
5816
8349
6056
5318
8736
3277
1531
3634
5948
8471
1546
269
3844
11368
7643
2220
3996
1703
1311
3013
6937
10451
3957
9126
665
5300
7337
7017
10177
11755
8837
6832
8166
7677
4373
3942
3881
1811
686
6415
6158
4822
11572
10827
4095
8487
3354
5411
6092
6437
2382
4520
9736
1988
4420
1601
4785
5497
11025
2953
11746
882
803
3246
5708
8146
3660
3680
2926
4704
5190
3285
132
8406
3799
8939
1286
4419
9595
2638
11904
8521
10107
5759
4798
3832
8264
8543
9047
52
5883
9618
6271
3419
11711
11312
4868
6203
1739
6444
4867
9735
2491
10263
8795
717
6408
8705
6633
9258
7764
6846
4299
6153
6788
8353
3436
6361
11860
6787
2789
6
10169
7976
9043
10601
10170
2904
11544
295
8873
10647
989
6660
2808
10916
8011
10613
538
9380
9654
7101
8741
6622
6621
10963
11226
8128
6495
6290
83
6270
7265
2567
3944
4444
3332
1432
1178
6047
6176
2067
10287
3827
10690
10054
5470
8385
8782
4340
10959
6867
10122
820
8594
232
5595
6407
1099
2852
8651
10140
9889
2960
5433
3401
10438
11422
5723
7553
7876
6578
10215
1285
6003
9908
4255
3970
5957
261
7397
11566
10890
6182
9349
10212
6743
4534
172
3699
7125
5589
9504
10190
11311
9469
5852
1195
5489
1694
11241
8192
6131
9708
3601
9911
8250
2139
1131
11521
8063
6985
6410
10132
2252
7512
11342
11104
6885
6540
4303
685
6940
4807
6635
2071
11674
10870
675
773
2359
3268
6209
6032
3140
9042
8658
2972
7613
1946
8485
1987
5417
2477
865
5312
1532
3707
4022
5582
5285
10761
