6215
7224
1146
5934
4929
6482
8280
6243
809
7204
10946
1182
5830
7733
8132
4340
8001
926
8378
3476
4182
6031
3084
3013
10938
8433
3929
5334
6180
4942
6469
8554
7260
7438
1476
4934
207
3935
4955
8365
7121
6065
3885
4627
4037
7715
860
4278
5111
7689
4307
8160
10554
5035
3199
7588
6478
8403
8552
1415
1082
1377
7581
6177
11610
3292
7401
5166
5939
8888
10592
3793
4523
10942
3187
4122
944
7308
6166
1392
901
7889
1169
8294
8080
7518
7507
7418
3901
6803
7064
5591
8441
3940
4819
7668
7716
6259
7728
4343
5410
4153
71
5549
874
785
7500
5488
7793
10616
7908
11036
760
7817
930
3043
5387
3678
3324
5525
5514
1424
4636
4489
259
6357
4342
11712
7949
8532
8047
3824
925
3207
7377
4714
3056
4321
3473
58
3879
10649
4052
7030
8834
11127
7866
10478
5784
3588
5639
11057
11112
6883
6174
7011
5460
5614
3927
5267
5557
11602
10509
1029
6246
766
3064
3103
8764
4772
4383
3429
11708
3652
4635
4038
10455
7854
6861
304
4705
3732
3719
11743
4889
3725
11671
8213
1064
7136
7717
11673
8225
4499
4879
7761
6634
10940
3828
6953
6989
3245
8759
7693
3321
11167
5357
1446
8377
10824
319
10836
8206
8881
994
900
7990
4540
8692
11169
11106
4950
11017
749
4301
8285
8324
3723
6196
10835
946
5043
3849
6752
352
8640
8585
7549
10662
3479
1105
6264
290
1028
747
3976
5814
8044
3809
11018
10543
5412
5840
7530
3808
11663
6526
3784
11085
6294
7131
8553
7589
8670
1131
222
6654
4916
4536
7566
6138
6635
3412
997
1049
10739
10610
6724
10568
10605
5033
5608
7001
5861
7650
4812
4882
797
4505
7749
3575
7458
4121
11685
10730
8313
8426
7484
6279
6911
6075
1316
5447
7199
4093
4991
916
7227
6723
1337
6309
7959
8628
10926
1423
5133
1180
953
3665
11718
3937
6546
8770
3307
3713
276
1189
7488
7529
7510
4577
3786
10780
773
7546
11008
6876
8746
10654
10484
3257
7770
750
4753
4755
3830
5958
6933
10963
5553
4144
3119
6618
10718
7767
8035
10515
4470
4325
10750
8831
8745
7569
5155
1440
11056
4367
4862
8905
826
8535
838
5100
54
3262
1104
8098
11611
7050
8794
11089
3599
1254
8303
10746
5759
5963
7259
5107
3022
3014
9
3380
7019
865
6592
7048
1458
6423
8752
6026
8235
7547
8354
3167
4656
11605
7983
5907
10444
7601
6652
5022
3953
6233
4139
298
11887
4041
7517
6905
7028
6578
8727
11110
10830
6384
3400
7404
1075
5099
11697
751
3512
7828
3173
3171
6745
11136
1375
5932
4235
5423
11684
4825
6717
11866
3244
8442
8812
5621
3258
6359
7082
5175
70
1203
3844
10967
3513
10446
4583
4930
3308
8833
6551
3305
1057
3898
7076
5601
6680
3138
210
10644
296
8133
7654
4547
10646
3956
4498
4146
985
4493
4256
10658
3804
867
7868
6540
4297
6056
4973
10952
5137
6206
1046
3081
4900
7537
3123
10861
6763
7639
5184
6268
6011
8253
10677
3128
4275
8319
6365
1387
8609
918
924
10911
7005
1083
3132
7979
8731
11063
5401
4450
5645
5006
8897
4664
11716
10471
8916
1340
8885
7826
8488
6839
5690
6651
10912
5742
6561
6468
5368
10882
6346
8750
10443
11037
1001
1350
6949
7389
843
1095
1430
6875
8302
11068
1408
8096
11650
7163
8459
8536
1124
7256
6858
8431
7332
7915
5486
8502
5752
7412
291
6916
6400
4869
7778
7233
8476
255
7394
8780
7469
6149
3736
1168
3812
3243
5774
10582
10955
5787
5904
3738
4690
8099
7945
6321
6641
989
5371
3910
7825
1234
5940
8415
11847
7748
8944
1302
5656
3352
8278
4276
5469
6360
8251
6194
4289
1192
5713
3107
4758
6000
6263
5407
5583
6591
8136
3597
3490
8470
10732
3238
6296
5587
11143
3327
6347
8422
8599
1010
4558
5747
10740
5765
8192
5226
7956
10449
6001
3680
3848
4984
6110
11061
5717
6042
3974
4411
5119
6992
1320
4091
11174
10463
10655
3086
11173
8175
4516
1253
11664
5219
4676
69
4578
4801
6305
3075
6358
6797
3311
4045
5390
5067
6168
5924
10751
10864
7591
4559
7155
4027
5272
5550
5244
3537
10783
8360
6957
5254
8715
3893
4935
8658
10796
8858
5923
6842
4605
6801
3198
7363
7322
833
5088
7128
11746
5323
3203
6303
4316
8723
5735
4932
6262
957
285
3958
7731
5427
3510
371
11577
3148
7244
8066
5005
6783
11050
8348
7222
1449
8697
7609
7152
1434
5007
4830
10909
3743
10702
4674
11564
8226
3040
968
7111
6818
7637
6230
4521
7572
10929
10752
1148
3868
3739
10883
4308
11029
7467
361
827
4544
8237
91
1381
1164
6370
3590
4392
5606
7865
334
353
3467
4682
6642
3016
8864
1120
5124
10545
5397
8146
6857
4993
7097
206
7253
5711
3548
5333
10709
1134
6201
11617
7512
11625
5060
6687
10589
4117
4485
4902
7810
8018
10828
5223
8279
4637
1402
3297
5255
6146
3072
4513
1042
6991
6702
232
7541
3338
5571
3995
7912
5198
5635
4407
7215
864
6280
1127
6976
6558
4564
4530
7154
11582
8572
5991
5347
3413
7024
5795
11632
8026
883
5909
294
4959
1281
5208
10795
6428
6127
1041
10548
5562
6824
978
1188
1102
5484
5200
4783
969
3872
6272
7223
343
4969
6108
4305
3569
5235
959
4055
5637
5860
4793
881
7139
5646
8804
76
5077
7450
11643
6795
6470
7189
3407
6754
5188
5092
1126
3993
3710
2986
331
7759
5721
10669
246
7390
8932
7196
8153
7105
7557
6836
1433
6721
4155
5325
6344
10577
11077
10871
8618
11140
4983
4962
4849
4979
6085
6938
10758
778
4719
10453
266
6178
8300
5872
10744
5599
3539
11095
6973
7994
4170
8542
8627
7489
3314
3534
5652
4394
11636
3990
6643
1312
1363
1239
10514
3829
5345
8879
5659
5140
8608
6997
8372
11728
7334
10621
6534
8030
10973
10574
6517
5321
5238
5262
8199
1016
6582
8045
3559
6977
11916
7685
4452
8634
7897
7567
4683
7312
11024
4347
4010
10893
7029
8262
7004
10451
5660
3317
4003
8180
8326
1441
4537
3676
11704
8942
758
8323
5783
6735
4019
3438
7177
10826
4603
5059
5552
5613
3010
8589
1181
237
5676
11674
1371
3077
11116
7070
3448
4911
6626
4996
4109
79
8090
7167
842
7286
6144
8761
798
10851
6098
3335
6135
11741
8906
7666
5790
7459
8141
3887
11884
6838
3758
11055
6674
7055
3729
3904
3130
11150
3287
845
64
10888
1313
4502
5303
7540
3182
3195
8205
11042
11126
8617
3509
1216
5955
6744
5539
1171
11569
6100
8547
3036
5229
11034
1247
7797
6189
3454
1019
1133
4205
7536
4402
6471
7710
3228
929
3181
7012
1417
4500
6267
6128
3694
831
5512
8915
3224
8494
7225
8894
4653
6117
4302
5012
7981
11927
8166
11695
5544
283
8447
6337
7276
6409
8086
7437
818
5315
11187
1338
8639
6103
854
6515
6391
88
4833
4936
7115
972
4630
4252
6607
7664
11645
4841
5758
7017
3067
5616
3115
10477
6250
7141
1141
5643
7118
10768
3151
3255
4701
5130
7899
3750
3801
4822
894
6619
5506
5556
10773
3791
5770
820
5065
4823
7969
8768
4670
11888
4803
11724
8782
4385
8941
11608
7948
10666
8852
3417
6006
7612
7874
3301
1211
7248
3688
1051
8413
6007
4662
11635
793
10636
7014
3144
5379
11665
3811
6481
5120
8913
1300
8707
7461
4130
8147
1332
7110
8791
1187
868
7451
5609
4860
11679
6029
3439
8109
4899
975
10590
6630
5451
10614
8108
3190
7241
3082
8454
4543
5101
5421
7691
8284
8236
8722
4888
5231
7930
10639
7687
6573
3382
3650
825
6946
4443
5177
8926
3280
7062
8654
4507
1359
5505
5865
10999
8460
6015
995
7686
1219
8571
7521
3970
5098
8943
11875
8486
5891
6209
11928
7617
3436
8772
202
8464
839
6765
4296
10866
3832
7610
5182
933
7453
1062
7126
5633
1346
5151
4873
10612
3076
3233
199
8785
8786
10688
6856
4288
8275
5207
10727
4515
7347
11668
4477
8889
8087
269
8845
7621
4910
7217
8345
10712
1473
4211
8058
3655
8261
3532
4178
4976
7085
3774
3159
10486
3185
6231
6767
8357
11135
7777
7561
7305
4167
1264
1099
5831
3864
6425
4870
6106
5792
6878
11852
6221
7317
7642
7346
5605
6671
812
5171
5929
8390
7054
4667
8482
954
4640
6121
4526
1125
10462
10684
5871
10706
5501
5700
6051
3221
3654
7951
4464
986
7423
10916
3437
6131
1233
11070
10763
7861
11
6399
8202
5009
4508
8821
1207
5419
7433
1088
8299
5877
2996
5782
8333
3933
3637
5722
5584
6543
5052
5076
3363
3101
7911
3928
10676
4029
3541
198
7744
8762
3748
6276
6054
5725
7020
5855
5285
6021
4840
224
4943
3517
5868
3912
8560
8306
3681
11661
10902
8369
6023
3550
11882
11932
252
6159
10563
7781
3177
1135
3931
6516
7420
4075
10869
5116
260
8194
885
6338
3697
3337
3271
4550
8546
6994
6087
6828
5435
8112
4486
1242
5724
1138
4437
805
1093
6440
7786
1252
5359
4632
4842
4688
4780
7855
7834
10448
4371
11616
7279
1145
6934
7198
8204
4046
3474
7449
1225
1176
196
11688
5278
5836
7301
8148
3418
11670
7640
5136
8022
4309
3236
8455
4386
3869
10937
10908
4837
7603
1352
8846
221
3712
8129
10978
6392
11859
3888
8771
7999
5728
6820
10969
8652
5196
3113
3511
6153
5807
11011
5123
8533
6755
11081
6844
1301
4179
890
11853
4663
11879
6896
5600
5560
7706
8688
7775
6451
4118
7357
3662
6457
5220
4880
1322
4832
1452
1115
3799
5031
3019
5888
4299
6527
4053
2989
8188
7757
11054
8655
326
7395
8349
72
7927
6349
5316
851
3239
4987
3982
6781
6978
10660
1292
8698
5566
10483
3306
7819
1429
4424
4510
6865
4251
4538
4612
4512
10498
8193
3867
7684
5216
3963
5080
1151
8564
10527
7285
7456
5142
1159
3197
6947
7907
6966
3491
4381
11130
3006
803
4033
8361
5180
3600
4220
932
10705
8315
11735
4162
6444
4319
6022
5317
4566
8151
3818
6834
4310
11051
4887
7525
5913
7753
11076
4313
1222
7100
7091
6740
8514
6825
7862
5233
8340
979
8224
6265
4414
6157
5439
8809
6397
4478
7798
8196
3951
7478
1144
943
1037
330
8908
11003
6682
1467
8063
5028
6171
8583
7290
7573
284
5143
4848
8135
1484
1269
233
6248
5290
3838
10476
10472
11137
1140
7408
7800
7207
7604
1349
10874
8467
4369
3762
10805
6298
4768
4253
7446
10536
1471
4008
7326
5988
3607
7620
8526
3720
1364
7360
1464
10981
8167
814
4967
8641
7743
8452
1139
7474
11652
4449
7830
3659
4685
5697
11080
4947
6663
10586
5693
5228
1170
10992
8586
11606
11123
4024
4715
11621
10757
11129
8946
7900
6362
6242
6335
6107
5021
8296
1326
3469
11603
8792
6122
7944
8678
4592
8028
5232
8918
5785
3344
7647
4951
3210
817
10628
3657
4234
11073
11730
1147
6873
6852
8197
5723
4304
10599
89
4528
4560
3711
5707
8610
8719
3480
4467
6769
6403
8271
8945
5503
7318
5490
6182
888
11687
790
8582
6624
7329
7531
5942
904
6699
4855
8703
3215
6092
3346
3424
6963
5437
356
6047
8230
8857
6334
6975
3858
6434
6252
7827
5546
8419
10466
5564
11010
6330
3320
7231
5411
5209
7284
8256
4591
5270
5224
7406
3095
8379
939
3015
7492
3944
6502
10588
7422
6095
8107
3795
223
10533
5502
3009
8691
6247
6223
4227
8445
68
11038
4733
4875
3726
8344
3767
1023
8162
4978
11578
4250
5096
8070
7033
3180
5618
5261
4001
3646
1437
5930
5803
3785
7914
4479
6902
1227
4090
7400
10450
7099
4958
8740
3237
5003
7596
10528
6084
8337
4506
8307
5902
1035
10523
7080
11035
6020
6521
8223
8671
6666
8128
10619
7166
6742
7411
6571
3445
4306
4032
8290
4418
6017
4176
8423
4165
4784
3543
7522
11045
262
7652
8798
6970
1455
823
4835
6889
3464
4876
8392
1330
1224
7468
11598
11581
870
11138
4710
6623
8212
10785
7653
5132
5348
10914
11015
4678
7044
6179
5057
11609
3914
11075
7122
3627
8038
4569
10801
3751
4260
6027
11171
4655
11114
6069
7896
911
973
5253
6115
4197
315
4200
3183
7094
8123
7429
7755
7116
10473
6520
4036
5796
5170
4986
7756
3485
5322
3741
6207
4448
8893
8528
5746
3558
8619
1466
1284
3466
8015
4886
3911
6300
5812
5493
4684
7093
5767
10930
1401
3544
7553
10456
5203
10941
10827
3689
3361
6229
3389
44
891
5192
3749
4196
875
5431
5311
1155
1054
1177
6779
7863
4776
7859
8787
5999
11686
8249
4681
7635
3909
6898
8593
8796
6979
6099
3614
7265
5476
7294
7794
961
1273
5039
4853
10497
1240
5694
8456
11634
984
4924
5781
3781
6849
3515
837
8811
3524
10759
6673
748
1324
5824
5032
5895
4970
3172
297
7963
341
7708
4945
7996
8774
5492
5215
8427
6139
7600
5050
6866
3536
10786
4856
4241
942
10951
5658
4108
8679
253
3276
11115
10661
1033
806
8295
7049
6318
3322
6788
6926
3339
11597
6283
5434
7213
5135
8687
6894
850
81
5788
3390
1117
3392
1384
1091
3843
7694
8363
8330
7466
8500
6043
4484
6835
4867
5264
264
3241
5159
307
3861
4660
11682
6350
4694
1274
49
7388
8425
3896
6811
4317
5049
287
10571
11595
8711
4057
1403
5243
5863
7101
7003
7762
6116
1249
6077
6583
3609
8462
11020
4166
11639
205
3816
10910
6879
5847
1372
8012
7359
7989
7769
7785
3989
6217
3998
5041
3220
10857
6874
5665
8380
5221
5731
5620
5996
3668
3500
6325
5619
6798
10884
6101
6082
8240
5478
7611
4068
359
8562
244
6580
1448
3457
5405
6567
8850
3460
369
4646
7109
5103
8094
4071
8896
7962
5218
7288
1317
10802
277
7436
6158
314
8880
6286
4824
7397
8721
5873
4600
6888
1472
3291
3664
4727
3254
4291
10917
3695
7157
8184
5642
8645
11715
8682
8081
7809
4266
3083
6840
4183
5000
6030
5376
6130
8171
7448
7287
3364
1193
7096
3362
8676
1356
6851
3950
5002
7556
5029
66
339
11678
4104
11124
3462
10854
1468
1061
7606
6829
10894
11593
8170
8938
368
5741
11917
4796
772
6657
5582
7419
8854
11698
4794
3610
5705
4226
4897
7967
3336
4629
3961
8648
8232
6450
4702
6774
3856
10499
3373
5890
3766
3962
8381
1263
3125
4766
10668
4711
5612
6167
3632
8694
10833
5973
5917
6093
4738
7722
4023
5008
4169
3428
5681
3164
3996
7479
6343
10650
1293
8036
8657
6736
7045
5483
4361
1260
5328
6813
3825
10905
11843
10792
992
4323
7043
3501
993
354
8839
10832
8818
8632
8760
6778
8434
8125
5537
4020
6185
4992
8091
280
5978
7543
8856
4904
829
4974
11726
6727
11719
10799
10686
5477
4745
8783
1071
4000
6109
4799
7987
8110
5241
8073
4261
4157
11162
5974
799
858
3624
7736
8568
5409
6667
10695
6584
7958
5346
3347
10736
5087
7297
3876
6780
6884
10690
7183
5275
1123
10721
3983
10775
4063
8936
7804
1204
5644
11727
6505
5527
5413
6484
8358
6256
5950
5457
3822
5068
6274
6414
4595
7482
11044
5417
6164
11633
7973
5883
7065
8672
11594
1205
3589
3997
8263
4534
7645
4718
5360
6625
6465
3740
4429
4161
6125
6163
7460
3773
7503
6944
4817
8928
5935
6160
4389
8254
7820
7916
4939
7370
8518
6114
5259
8221
6039
5992
8717
5378
6170
7205
4596
7250
8298
6285
11877
4097
63
7455
6720
1425
7665
4541
11128
6308
282
7565
4002
5951
8898
10823
5173
6605
7373
7212
7409
267
1358
4703
7349
85
3122
8570
7597
10860
7808
7344
4871
5025
3071
6837
1460
10502
11027
5750
8867
7697
7724
3763
756
7378
4028
10776
5801
4262
5818
10517
4160
3011
7824
10898
10474
801
6760
6394
5487
6316
6299
7153
6775
4391
3661
5574
10863
2997
5474
8048
5090
5919
227
3547
10881
5835
5211
6083
6920
3494
4972
11705
7504
3540
10913
4700
771
4495
6789
8211
4372
3234
1376
8714
3802
8683
7852
7037
3623
4771
3319
3383
5349
5245
8669
8716
1431
10633
11683
8156
5519
857
7933
10837
11157
6070
7844
7941
7619
5524
11025
8603
10454
6390
7742
8522
6940
6809
11183
5304
3617
10859
8686
3359
8503
5127
4242
7278
3376
5058
4048
4658
7470
6609
1160
8102
11067
4554
5489
1362
7148
55
7648
7088
8590
4804
5046
5730
10974
6675
11177
3526
4723
6200
10489
6918
962
1044
4482
6480
5015
5274
8581
6950
8316
8008
1411
10788
8283
6319
10798
10735
7583
4912
5899
5280
5382
5597
4434
8092
7656
225
10753
8134
6143
7247
8525
10878
4199
10708
10939
4909
8050
4244
10806
8139
4827
4040
4989
358
7427
7127
7379
5751
6448
6693
3370
4968
3090
10624
10674
8157
8825
5864
1336
4345
7997
3522
3196
8002
4049
10479
10643
7206
7737
10886
3047
906
3488
4006
3582
5885
1027
4258
3883
7673
3870
8359
8523
3987
1110
6302
7258
7867
8539
11144
4034
898
940
7267
4509
4990
7789
5061
4760
5265
5205
6320
3533
5617
3229
7860
51
5813
3117
4743
3949
6541
7754
6510
920
74
4282
3685
8448
6361
4696
6041
3514
8577
3930
6393
8244
6908
4518
8790
8636
2991
3033
7342
4782
6494
6165
16
7083
10570
4831
6341
5925
7920
236
6805
10580
6420
1020
1218
10598
5920
1480
6222
3328
5019
3100
8417
3764
10552
59
8690
3717
5353
3846
7942
5284
7593
5365
761
4894
8544
3007
8900
320
3871
7784
6004
6192
194
4562
3969
5309
6802
8732
7060
6986
245
10699
8463
4349
4895
11170
4610
775
82
8496
8684
967
10972
3226
4344
6511
3994
936
3948
1101
7281
7790
3604
6111
10825
5791
6613
7669
10672
7319
5732
7069
7618
828
5775
4126
6292
8920
3451
5757
7255
6853
4971
1137
7321
8739
3756
3724
78
10733
4756
7071
7725
3992
8033
1200
8264
4599
6791
3636
5105
1228
5392
3217
4787
7674
4995
8322
10550
4328
6939
5610
5195
7081
7799
5234
5947
8647
4087
7961
7895
7079
3919
5565
1040
4659
6187
5772
855
8851
1079
11692
4546
893
1096
4096
8465
11596
6722
4229
3135
10991
6958
7261
10622
3924
4174
4453
10741
7765
6050
3218
8556
6459
7452
6761
6559
927
5975
4514
1394
4539
365
8282
7954
3001
7229
5976
7892
4774
5938
3819
7613
3866
5138
1272
7160
3034
7625
8605
6260
1486
11030
4800
3862
6514
7402
4187
7516
3194
4805
7513
1076
6225
8402
8855
8507
8117
4042
11005
4417
7595
7902
8352
5689
6317
3527
11631
10879
3932
6602
11052
5933
6530
10503
4147
982
4730
4728
344
7580
3666
4553
6477
7053
56
6462
8685
8527
10544
7524
7034
3960
6814
8444
11064
1013
878
1369
4060
75
8412
5287
6595
11637
11161
4940
6568
333
7113
8819
3025
5789
7701
3616
3189
5336
7803
3771
3972
6847
11653
4611
5257
7545
4409
258
8635
10566
11145
3282
4872
5736
4687
214
4324
11854
808
4438
11591
5654
7679
10531
1470
11182
6275
8875
3592
8095
6705
5640
6224
7041
3626
8644
8538
5636
8395
8079
4921
6086
4177
3153
5536
6089
3260
3267
3827
5074
8020
3730
3444
6831
1150
3584
4222
8437
10664
212
11713
10961
8291
4043
1112
7947
745
8168
4820
8292
4016
7680
836
8183
5420
6184
7129
4908
8471
5296
8054
11134
8923
11707
5854
6772
3435
3091
7562
10518
7643
1143
5727
263
5148
4113
11711
6843
1299
4645
3772
10787
3140
5191
6045
4318
4054
3313
6881
8708
764
5993
11007
3447
10766
4119
6141
1194
5780
1432
8830
11867
5754
5164
10838
10697
10922
4914
10716
3498
3483
7144
10638
3343
5572
8592
5820
8883
3088
11133
5282
10685
3520
6891
4151
7396
3851
7023
10720
8435
8537
7262
7102
840
5449
4007
3682
7132
5073
7151
4704
5817
5695
4101
3803
6273
996
8808
5528
5589
8308
11584
6068
3788
6846
7929
7159
5247
8886
10687
7428
4416
10979
4893
5369
4192
3563
7629
4818
8781
7847
5936
8820
4754
4868
5867
3877
8382
6199
6914
3834
5628
8801
3557
7387
5222
6506
11920
11878
5819
4283
8873
6998
11019
4408
1226
6785
5555
4331
3757
4230
8029
6501
8173
5256
6379
6408
6533
1321
3374
3360
11666
10507
4446
7651
11039
4767
1118
1479
8310
11172
1283
235
3430
7351
4209
6725
3814
3565
1154
8664
7644
327
6438
7782
6489
220
6066
4218
6819
3581
4642
6496
11122
7465
1333
6472
8089
10581
3147
3622
8565
5657
5851
1190
4249
6983
10812
11058
10873
8509
10932
8484
4806
8606
3975
8919
5778
8626
3591
8751
10954
7238
8051
6576
4171
5894
3577
6503
6366
6057
6649
7563
10608
5994
7472
4650
8126
6537
5461
3012
1119
3776
8912
7405
5983
10764
11047
5459
7841
8736
1270
1213
4520
6901
4948
7760
8934
4542
4080
4548
5753
6033
5327
3131
7534
7976
8289
6678
8843
923
7232
7982
1090
10748
1306
7056
8332
8680
6155
7788
1129
10976
909
4214
3078
5442
10925
7871
11626
6967
7417
7289
5631
7711
10689
5837
6255
3942
3298
3833
4757
5927
10928
5446
8607
7579
7031
5326
1295
7700
4396
4264
5688
4624
4865
4106
11876
7704
3065
3859
7661
1106
759
4903
6270
5042
8140
5998
5286
10623
4439
10846
10865
7266
7501
299
6808
5094
10734
8014
776
8667
4065
8939
4527
6826
6694
7476
5809
4863
4368
3817
6542
7184
4012
3296
10809
4639
6212
4613
8121
5444
5568
3178
8288
5010
4188
7676
8775
5344
8385
4377
3371
11919
7745
11700
10625
4480
4802
6145
1162
5402
3468
8917
5388
8579
991
3603
8951
10692
1328
336
6748
5786
7599
11717
7072
7343
8062
5335
8874
6597
4164
8725
8558
6081
3201
11103
1463
7137
6251
7216
7922
5056
7075
6868
6378
6342
5318
10900
4237
4263
8891
7435
362
4965
3823
3348
4557
7649
8418
5044
11696
8643
3157
7481
6860
5298
5416
10895
1428
5937
3248
10653
3484
4360
6758
5082
7399
6181
3096
10711
8408
6732
7374
3820
11855
7175
1130
5916
5320
5570
7237
8837
5972
3393
795
7164
5893
8042
6899
1465
6329
4015
4944
6586
4918
6293
3121
5396
8662
7457
810
4982
3302
7978
5678
7243
5655
8174
4826
3703
1174
10943
7950
8700
6929
5946
6984
6921
7758
11158
11048
5602
11580
6374
4762
847
5511
11168
3608
4851
8234
4279
4492
5018
7980
5045
10585
7107
5685
11180
7125
4773
8052
4191
4813
5097
10818
5190
4861
6368
5977
7940
312
11009
5956
3367
6988
5470
8362
7485
7230
6676
10737
8693
1357
8041
8083
8890
190
7851
7123
10701
3618
6731
6925
5960
7098
1474
6036
6816
11862
802
7970
8334
1179
4792
922
8666
11623
215
5004
7143
3813
6352
1386
6524
7032
11701
1036
6429
6553
3507
8111
8677
8208
1196
3074
10777
6954
3535
7856
3546
2999
5984
10755
7752
5720
4295
4699
5712
4436
8158
10975
19
7539
4463
6734
7953
4415
753
4661
7627
1034
5293
960
271
8032
2982
5482
8331
10561
4798
5543
8706
6290
1481
7542
3340
8633
11155
6003
8529
1198
3596
7812
6535
5118
6932
11100
4941
188
10491
6538
4397
3270
189
7324
5036
7315
10630
1251
3318
6817
5248
6906
10468
11065
6037
10670
5805
4712
6672
3783
11088
8367
6205
3251
5027
289
7977
7849
794
7772
3967
6572
7514
7740
4047
4618
10506
7832
5777
5670
3492
3472
7384
8835
6555
5377
7187
1011
8320
6749
11740
4672
8826
11098
10680
8569
4110
1262
6655
10769
3029
3916
8895
6863
11703
10948
3384
5648
8311
3250
5900
3272
6005
5263
366
10682
5370
10652
786
3778
8841
1310
1232
8596
3675
7801
6943
4210
754
7882
3334
1244
1250
947
7732
7499
4963
7424
10996
6345
5577
3249
3523
83
1348
3458
8461
4039
11151
11041
6610
10993
7577
7667
7558
5091
5189
5513
8520
7519
184
4457
6640
8097
4957
5806
7339
1395
6743
5475
7249
4571
7242
8424
3554
4917
357
8124
3399
980
3999
5040
7463
186
6306
11924
3769
11667
10631
5055
8396
8375
11873
4145
5485
3166
8933
3964
11104
7730
8233
6204
6064
10794
6887
4619
4488
6971
5426
1259
6913
8336
3631
8005
6018
1094
5882
7270
4221
10465
5828
8009
2994
6253
6945
4881
5663
8414
10458
5400
5596
11881
11000
6548
4977
8189
8848
4334
5277
3807
8182
945
10645
5626
5756
4475
8744
7515
7718
8439
10457
6311
3670
3789
10743
3560
5997
7846
3508
7035
2992
8187
7690
1445
7200
5001
7162
3722
10821
4626
10526
873
7010
7236
8709
10493
7310
286
6028
3854
5508
7483
8429
7471
5922
3777
4706
3805
5866
7672
6972
7719
1012
3405
3459
7364
7403
8777
3633
6930
10591
3566
4148
1197
10713
7885
3293
1005
5674
10583
8186
3136
4631
5214
7746
10537
763
914
6549
789
6832
5117
8480
8479
7066
3273
8813
3406
4050
10573
7338
4073
6545
5526
6677
3538
6002
351
3553
3733
4641
5964
5515
1067
5020
6812
8318
7059
8747
3060
5897
1391
250
193
8730
6981
11563
8046
3651
4901
1107
5710
4269
7234
1453
6454
1329
8600
4076
7836
4455
11031
8803
1404
5979
11691
4303
11619
7061
3865
8622
7904
6985
6476
6150
6715
3478
10683
5573
4336
7590
988
5066
6532
4376
6326
4129
8474
6431
7487
10781
8286
8210
7114
6554
5415
3165
11164
6684
11702
1485
3351
8773
311
5580
7925
5246
7864
5995
3486
7333
10957
5638
5112
5160
7156
265
6644
4026
6739
5122
6407
1142
3613
3549
8305
11699
7592
6550
6301
6364
7330
6697
8930
788
4582
7413
4651
11178
251
5352
257
1161
4431
3108
3672
1103
821
6059
4524
5632
7430
5692
4114
846
8501
8430
4330
2998
934
6877
7688
8064
3004
8828
7838
3284
10524
11159
8871
10760
1409
5497
6600
1156
4116
6323
5408
7624
1478
3971
3552
10726
322
5768
10959
53
1072
3114
10807
3141
8391
5879
8457
3279
10971
5766
6679
7257
3058
10880
7140
6871
7869
4107
8353
5185
5985
6307
8588
8453
8023
8947
4604
4315
6137
3574
4127
6473
5701
8511
1389
8409
6197
4404
7695
4570
8493
6598
4219
6261
4430
824
4228
7734
8101
4997
5070
8849
7497
4149
11585
1318
5258
6960
4022
8661
241
10575
8069
5764
8878
3790
5162
6581
3792
5675
913
10627
3991
4203
5273
6258
3391
10935
3005
10469
11629
10989
3372
6271
5310
3246
1055
6287
10626
11613
3426
5944
4721
7968
10647
1311
951
3278
317
5146
10549
3796
7180
11694
5827
5779
6704
6241
6060
10555
11846
7047
3225
4086
4128
11693
3289
4240
7303
1315
7768
3496
8374
1080
5627
6421
1475
8823
6544
5072
3707
8753
5874
6479
4168
6574
4954
10815
10962
8789
3988
10578
6658
11590
6072
10964
6738
279
4355
313
4691
7835
3700
10538
4382
8800
8076
3452
11883
2983
5509
5179
5329
10459
7108
8260
324
10803
5704
7454
8784
5901
5156
3288
937
7814
6787
1297
6475
4410
955
7432
4268
5641
11021
5085
5306
3481
4680
4014
6411
5297
8106
10997
10983
7818
11074
6827
3890
7112
11844
5585
7117
5910
5875
7106
10906
7356
10847
1243
10602
10534
1368
6647
908
5448
7353
7774
10698
4845
3686
4587
5174
8567
5131
6094
8268
6924
7571
11102
8172
4123
11913
4490
60
7551
6999
8827
5808
8475
4552
8540
10693
7713
10844
3752
6376
7134
7631
6882
10998
1058
892
10593
3660
1116
1186
7016
7622
5102
10597
7766
6525
8401
3420
5870
5743
3706
4363
8517
3145
3568
3410
8769
4354
4769
4586
5918
8844
4213
6188
8497
4061
5063
5300
6587
5980
6238
1152
5908
10651
3903
5217
5630
7683
3455
5458
3704
7441
7464
1382
3402
8238
4286
7926
7475
5069
3094
866
7750
3721
5134
8524
1360
5961
4697
7178
8758
7477
6269
7021
6854
6512
3835
1421
6497
3815
8219
4693
8776
4469
3366
3965
7375
5686
4698
7391
10637
11915
5903
5981
4421
3882
4852
1439
1305
3003
3421
5838
8335
8929
7142
6455
3806
7181
5823
3294
87
7293
4442
6601
4885
3698
3837
5429
10640
6964
7173
4529
268
6915
3579
8616
8350
1399
4864
5811
5350
1419
3387
5884
3422
7161
6900
8185
4665
7376
8243
6596
4459
11620
3329
3155
7361
8384
4732
10601
6019
4066
4471
295
4088
7442
1456
8575
3780
1443
3601
4847
10671
10931
6327
4070
5898
10944
11059
7535
7295
3902
5062
8246
3663
8343
5242
5314
6237
7046
11109
11871
5301
6118
10834
5892
274
7006
10862
6845
3179
3699
10772
4742
5698
10840
6226
7040
11175
4836
3959
10485
8077
11185
1267
6426
7084
11046
6449
6369
6841
7881
4395
10982
1006
3057
1390
5551
5683
5859
4208
6588
4337
896
3556
5595
8490
5532
4926
11146
3602
6048
11709
7386
4491
7886
8557
3163
329
6126
5250
4359
8510
7670
6815
11926
6823
8072
5953
239
6638
6331
7473
6129
8882
4420
7773
2993
3152
11662
8019
780
6147
8531
5395
6124
8450
8154
5590
8040
5147
5206
1418
6566
4447
3021
8576
7707
11120
10947
6113
3162
11154
1462
340
11642
5744
7239
11592
7307
8615
11573
10557
6422
7843
7783
4031
6952
10562
5518
1214
6416
4204
3947
5462
796
10966
4009
3202
931
5354
6034
6833
4173
8287
3041
3917
822
7698
10779
5404
8492
5251
6804
1442
5734
3211
7771
3884
3097
3551
5341
7813
3576
8601
8545
4597
7630
2990
6893
8738
1045
6214
1341
11710
3787
4686
5161
6637
6569
4406
8250
281
4030
5428
3427
6810
7913
10745
6759
6328
240
1166
10492
8931
8902
3768
3840
5651
4201
1032
5279
3634
1416
7678
7133
4390
10722
8625
4081
1354
5500
7495
3734
3504
5302
4115
4809
1178
6067
6746
3753
3085
3154
7221
6719
8301
5414
4159
5563
7188
3209
8578
3133
6312
4985
5733
5793
6236
7975
3446
4777
3441
3628
7720
1287
5494
8114
4874
3434
7304
5030
11676
11588
4277
11568
5081
8911
4454
8660
1206
7368
1450
4623
4134
4083
6773
8704
1353
6982
3304
5340
8155
1275
6437
5433
8594
3461
4953
863
8620
11132
3955
10724
6406
4531
11113
8021
8131
8611
8612
4689
5699
7660
3465
10848
230
301
7313
7385
8304
3754
7837
7934
8270
4248
835
8293
6463
73
10482
6523
976
3528
7575
8824
7009
3894
11618
10876
6955
4574
10648
332
3092
4764
5141
4866
8512
3499
6313
974
10924
5755
6912
10904
11721
4152
1003
5848
1286
8034
4555
7816
4761
217
8191
8656
3146
3332
10673
6216
5403
5653
5709
6821
3377
10609
8159
8924
5718
4621
7013
6387
8718
5794
1004
5852
7176
856
6784
8011
3595
8561
3093
8061
4379
4021
347
3142
5186
4858
7891
11053
5669
8689
7699
6190
8713
1289
4100
4370
10495
10606
3915
6443
10839
6173
1167
6172
10553
4744
5914
10968
293
11022
6859
5531
7393
5948
11160
4999
6499
1457
6096
3889
6322
7692
1084
6386
187
8649
6557
10657
6562
6668
11627
3050
6951
7444
948
1128
6401
3150
5283
8082
8591
3059
5561
7327
7169
5163
7532
7677
10731
3051
3062
7873
3677
4961
209
1007
1261
5095
6133
3253
11062
3156
8149
5443
4322
5048
8621
3770
10945
6563
248
8031
6604
1412
4105
5064
11680
5054
6936
5629
10804
6714
6628
7848
11092
5594
7662
4290
7508
7462
941
6239
3286
3908
1427
1334
4844
11086
5338
8842
5850
7130
10729
10990
8366
6612
4716
62
10481
1163
4056
7414
5541
6079
3642
1081
4580
6140
4358
5294
11032
3174
6935
10546
7992
1208
6485
10641
4905
3878
6855
7415
1025
4532
8398
3168
8495
3053
5456
5761
11723
6432
4224
5385
3897
4816
8024
762
11119
3295
6639
5153
8371
7893
10556
8165
6753
4074
4877
8068
7209
3216
3404
13
6965
11624
8663
4956
7246
4051
11570
4616
4207
7052
6427
3111
5677
316
3028
10
1059
3193
256
7764
6348
8950
5384
7574
11111
8239
3425
5624
11612
8252
6636
1018
7431
6890
3127
7663
4504
7490
6513
3312
11141
5804
10875
8404
10596
12
765
7067
11589
8921
4233
8084
5438
10714
7146
1271
4356
8105
4922
1052
11925
7078
4517
8007
7880
5013
10656
4589
8767
10782
5634
4615
4829
6254
6176
8215
4426
11656
1246
3342
10915
3037
4726
10470
3227
8674
249
3235
6351
5480
1379
7296
10564
3529
5363
8469
10829
8817
3030
7615
7850
1017
7147
3653
1078
4839
6919
11084
10853
3126
7341
907
6210
4964
11117
3782
11647
7502
1397
7602
1236
7723
8190
6219
10903
5104
8696
4573
3316
1373
11872
11720
7095
5857
6232
7721
3045
7498
3102
815
832
6314
3923
4692
6648
5201
6049
1157
10965
7523
21
5622
5362
6467
3256
8468
8797
5833
7445
11572
983
5468
8025
8201
7964
11131
4614
3055
52
8056
10512
335
5554
1296
11587
6016
3106
8742
3176
4647
5703
8314
5760
6234
8541
8227
8788
8067
4750
8866
8630
11644
8242
7833
7036
4398
4069
6419
10629
5952
5083
963
5749
1385
4846
7158
6907
8491
7336
7576
3798
4497
6737
4194
3620
11601
288
6310
8466
10896
7776
1454
5481
7682
3008
5381
987
11013
11646
7331
5252
1355
3673
5467
4111
10496
6996
8505
7659
6606
6968
4384
5418
6974
7986
3542
5260
6664
4058
3495
6621
8668
8853
11090
8178
4352
4225
4981
6660
4193
6904
7197
8229
4815
10505
7380
8563
8477
5463
8027
950
6035
7903
4545
11083
10547
4445
11655
5691
3134
6297
5129
8910
10452
8013
7822
3024
5375
4575
6768
7924
1339
6304
981
218
6897
4729
6447
4923
3188
4884
4707
10461
1406
5533
10551
3442
11097
8922
6244
8338
8351
6500
6776
8741
1132
6404
3957
4084
3913
3017
6012
7337
4468
7174
8729
11744
7119
8368
7587
3031
6529
8376
4535
7787
6556
7104
7671
5941
46
990
7935
10949
3630
10956
7073
7254
6575
5268
4666
1277
4602
8209
7077
4838
8321
11176
3477
7138
6504
10576
8327
6266
8458
6536
5473
5542
5666
11579
1400
8504
6507
792
11681
3585
5672
5406
7063
1108
6608
3048
7946
360
3274
10667
7840
5172
1436
8432
5386
3223
4189
3841
6686
11885
11689
3137
4441
6922
4412
50
8347
4423
5313
229
8816
6490
1122
11733
5714
8218
8231
8000
1215
6790
6340
310
4285
7584
4223
4713
7806
6097
6038
4341
6492
11622
3943
11583
4720
5373
3946
869
2987
6277
10994
8865
6799
4432
4669
1444
5471
887
5649
8642
3489
8446
3066
3643
6614
8937
6669
4648
10919
3850
5014
7909
4098
4245
3857
5047
7323
7906
5829
10521
8587
3852
3002
4937
6395
5504
3941
228
10611
3204
7598
8
7898
7632
3158
4374
10519
11658
6522
3727
5668
10513
4549
8276
7636
4556
3845
6730
5592
1221
6903
8508
6220
998
7371
10679
6653
7039
8665
3143
7358
4717
7434
11600
5276
7923
5383
6729
1008
8702
5623
8925
5422
7335
10565
1380
1291
6728
3615
1374
6806
977
3116
6424
5843
5078
11186
6123
6032
4759
5425
6010
8104
5603
6278
938
3330
5269
7369
8650
3564
1451
11165
800
3671
5832
6452
10774
10790
6090
8602
6091
7739
3839
3593
6594
11026
6240
4460
1370
6284
8673
4751
10907
11099
10540
4994
8397
6498
970
1201
6112
11142
7274
4781
1461
4598
10936
5292
8399
8832
4501
8810
10897
757
8113
10800
848
4216
4487
10539
10842
4018
8373
7103
5157
11648
5106
6662
8631
7086
7421
10510
6373
8551
6474
5496
8176
8093
6579
3331
7829
3365
4737
11094
5051
8757
7544
5581
4828
6195
10778
6696
1022
6718
5604
4419
325
5445
3175
6850
8405
11649
4143
7910
7696
7480
4725
4462
10985
6203
272
3826
1280
5769
779
3395
8388
10977
6603
871
191
4785
6218
11870
5529
7709
5299
11628
8778
7559
5523
5455
6961
5343
8478
8075
5949
1482
3735
3281
8483
7821
321
8043
8743
8181
4695
1276
6923
8765
3039
4633
8257
303
8840
3397
3104
14
4422
886
4284
5305
18
346
4311
328
4461
4747
11690
3973
752
6917
5202
3415
4735
6161
4807
8277
5887
4775
6659
8870
3398
4112
3669
5530
7884
6402
877
8899
10488
7150
7616
4185
1422
7638
7658
7090
7170
4044
10921
8869
7218
10855
1278
3020
10604
5339
7988
6895
4473
5906
3186
6928
895
1483
7729
8584
5762
3531
6442
6956
4035
4089
6959
11163
3875
8065
6495
4494
6249
10793
4567
8705
5821
6464
5943
8055
5441
3443
8728
10754
6948
10950
3667
3571
10530
5521
5342
11023
4998
6202
4364
1000
8216
3475
7538
8863
1477
4590
5682
17
7646
5291
2995
6208
3192
5295
3411
4135
10728
6491
3432
8927
11049
5876
10558
10569
5763
4270
10856
10742
3354
3453
275
5430
197
1223
4638
3061
4788
6466
7124
1488
3744
11677
4357
5154
200
905
4298
7447
11152
8735
8847
8646
6867
7726
350
7171
7316
4988
7634
10613
1366
4601
11079
7901
8859
8428
8948
6713
3573
4898
204
3881
897
4017
935
6518
3853
8228
8436
7268
8822
8406
11040
4654
8053
7887
5149
7300
3945
10595
203
8383
6519
7807
7883
5356
8421
3098
3506
6807
4739
11863
7235
6281
7905
7831
4890
5144
7057
5548
1060
3648
5071
4854
7594
3341
8393
7879
11914
1070
8712
6611
243
7203
5680
3555
6410
8949
3936
10868
7842
192
7780
10845
3259
4238
4314
7439
6162
5491
6796
4300
7966
6295
4329
7185
5841
4503
3232
5398
6909
3502
7280
5845
234
3761
10933
6599
3895
6488
1343
4810
4731
7578
4120
6627
5472
8085
6701
4561
1257
4483
5825
8355
7655
1024
4292
6445
6764
4511
3708
3414
8515
7195
5355
7957
5664
5928
3358
8726
1396
5729
4365
6942
3375
10723
1209
11108
10813
880
7325
10852
10762
1347
4433
8624
7628
4062
7426
270
8145
4180
7712
367
7486
11933
8245
5026
6235
10663
10988
3456
6487
4375
6076
7383
5452
5204
7299
5696
67
4133
8214
364
10460
1235
5517
10620
5931
10849
5706
844
4709
7275
6458
10918
6413
8499
11087
11857
3261
6333
6371
7943
7505
4708
4198
3926
3149
10501
1066
3169
1255
3905
1231
8410
4158
8724
7186
5957
6052
61
3794
10560
4883
5625
6058
6698
4267
4724
7382
6794
7815
6183
3333
4259
5534
5849
1210
5499
3431
7506
1459
3087
5498
8733
8487
11028
8838
7937
1173
8805
309
10761
6589
7919
6709
8164
3161
5358
3079
65
3110
5748
11745
10675
5364
3408
3252
7791
7751
4644
5181
1074
11006
5661
11179
208
4859
4966
3118
10877
3561
1172
3063
11014
4362
6830
6848
1229
7792
7568
6777
219
10831
7025
8317
4607
834
10987
7252
4150
6990
8748
3679
6398
8328
8407
11922
4444
8265
4156
10504
4246
11571
10567
7796
4405
5886
6175
7291
7939
5615
5193
3350
1097
8203
1063
8559
6683
6552
8815
3381
242
10522
1298
5986
10820
8258
6120
5194
7779
1220
3683
4779
8779
10784
10841
7872
3716
4843
4202
11189
5372
7853
7607
949
7214
1165
5075
5889
1111
8200
8877
5905
6617
3891
11060
4472
11641
6962
4401
5535
3240
853
6388
3231
4236
4064
7811
10659
6632
10923
5187
6762
10892
4522
4608
10600
6055
10811
5024
7984
5607
8071
7802
4186
8734
956
7219
11748
1053
4765
3731
1121
6228
6156
8795
11864
5465
8519
6872
10532
8010
8259
10511
6747
8248
7269
6716
8312
10487
45
4172
7928
11669
10986
7226
8198
7741
11725
4734
6733
6355
8273
11149
8269
3612
3042
3309
8059
6528
3968
1002
8017
8057
4366
5495
363
6136
7878
5271
7192
4741
10603
6332
3979
4351
6987
7921
11860
10615
5126
7440
3692
5810
5842
6009
6169
11607
841
1202
813
4099
3986
4333
6193
5158
4458
7007
3578
6531
5453
6132
349
7738
5011
3388
3641
4138
8060
8868
1085
1361
8138
7727
6436
3760
4588
8100
348
7365
211
10867
1047
6040
10520
1266
3268
10681
11886
5846
6885
3966
4348
3212
5178
1487
10819
7190
3264
11874
4312
4919
8163
6712
5738
1109
7890
10995
1068
5858
3369
1344
8440
11096
8550
6792
10767
7372
3184
5086
10634
2984
6119
5520
4748
3401
783
11845
6711
5199
3810
3938
910
11918
6080
10891
4281
8756
3449
4896
8901
11566
1388
10920
6782
10579
6486
342
8566
8629
3049
8766
3855
999
1113
5230
7998
5822
1158
10642
10584
3191
5578
5361
3658
8860
8416
7494
5464
3640
4332
6708
4078
11105
7550
7283
4067
10529
5687
5288
4274
4239
4657
5989
5176
3355
8370
5516
8346
5667
1414
11660
6339
7991
4634
8876
3099
11574
6993
6446
6670
5109
7993
8078
1265
6710
10500
8120
6910
6354
8400
8807
1175
3572
3471
4338
8152
3018
5023
8088
7240
10747
7564
7894
3032
1185
6631
11858
4095
6363
5436
3580
11565
6430
919
6151
5084
4789
5337
7938
3980
1092
8763
6453
8222
10480
3747
7877
889
8806
4280
3939
3639
8675
11714
8506
10516
6142
10756
11586
10816
3621
6062
784
7087
7845
226
6417
3285
8003
4933
3089
8142
11657
8638
3493
7366
5987
3907
5152
8940
4132
8580
5853
8195
195
2988
7608
8325
6995
8169
8177
5969
3242
6433
1077
4175
7272
4938
3586
11659
3353
4975
4533
5307
6186
7306
4584
5708
6741
11868
11614
5558
4124
5773
6456
11107
3205
11043
5878
1248
10817
3831
5740
6969
6706
7352
6073
7974
7089
6291
3487
11747
6245
5826
8737
273
849
3129
3214
5739
912
1345
4551
3068
3755
4335
10808
8681
254
6786
3978
4346
5367
1351
3583
8274
6927
7805
8004
5647
5579
4380
6980
7168
5726
4465
11012
5121
5921
4952
3378
1031
5225
5038
5017
10490
6227
3644
5113
1393
5227
6213
3874
1294
8220
1426
7641
4350
8653
6053
11638
5331
5240
1365
8016
5479
8872
3323
3570
958
3206
11567
4184
8614
3709
15
7309
3521
10467
10635
5239
6633
7626
7220
4679
4906
6078
7058
5547
3737
8637
3649
6688
10494
11865
6751
4339
3035
6508
4247
10901
768
6071
7407
11147
5197
238
5034
1149
3625
1114
3023
1405
4622
1378
11640
5016
3208
4103
5450
1258
47
11850
10791
3403
3759
5799
7314
10887
3379
10927
6367
1069
7416
8701
4212
3714
3349
11869
7585
7870
8037
3702
7496
6750
4927
3696
7298
10618
8255
5168
11181
6382
7633
4181
8513
6539
5945
6257
4763
3821
8829
1098
7165
5869
6886
4740
8904
6822
3645
4195
5114
4163
4428
7038
7172
5093
5332
4013
4808
8595
10587
7570
10715
3269
3222
4671
4850
10771
3299
4572
5169
4581
302
5800
4005
10889
10899
10738
7675
7858
767
3985
6088
8598
3656
4136
8489
8651
1065
5380
3605
84
4476
3562
8472
8659
5393
7179
10508
903
8144
6282
3290
10572
8623
4949
8516
11091
8339
7425
1030
1304
4327
7533
5540
4628
5374
1314
5399
4294
7355
8485
8118
8394
3775
1039
8329
10958
7511
7211
7795
5815
6415
5915
5962
3109
921
7952
4928
4946
8861
6014
7763
6315
10984
7443
6692
3690
4399
11156
8247
4891
10822
10717
4293
859
4606
7263
3954
5990
3213
7340
6577
6460
7527
8534
1056
308
4563
3842
338
7747
213
1325
1490
5982
6356
11856
10700
7350
915
4451
4749
816
3899
318
5507
10870
4079
4243
7509
3691
7392
7714
5125
5856
1308
1285
5662
7552
5719
3038
5389
5684
5911
1407
3070
4593
7554
1282
811
7936
3000
8613
3900
6726
1447
5702
5593
8217
11599
11166
10696
5394
862
7092
4722
4649
5588
3892
3396
5324
5319
4834
3356
4255
1398
4960
6288
8574
7918
4821
8119
11651
6418
6381
4140
1217
4004
5510
11139
3545
10617
7888
7026
4857
7015
8443
7345
6700
305
6336
8604
7191
5567
57
7526
8411
7271
3326
11675
7965
7520
6405
5798
6493
3200
11072
11148
6046
6324
5236
4609
7367
8122
11732
5139
3693
1245
6656
8387
4142
11731
4094
7971
6793
10445
6870
3611
6074
11722
10678
7985
6564
5970
6585
6441
4427
6435
10694
11736
11101
6509
7068
10710
1309
4077
10594
3606
4085
4770
3160
10447
6892
292
5366
746
5165
3409
10797
8451
1237
4190
952
11001
804
5351
3112
7657
5715
6771
6289
5330
11071
928
3325
8049
3345
7493
6375
86
4892
8272
7210
4594
4980
1195
10885
5167
3357
10890
6864
791
4466
4643
8438
11576
1307
1303
4373
5839
261
7586
4565
4059
8006
4525
8150
5575
6707
5145
5776
6665
6565
11125
11630
5079
3170
3450
4752
4579
11153
1288
5538
4353
7823
7194
3705
3587
11861
6622
3277
7320
782
1086
8755
3934
8074
7027
3920
11880
11016
5611
1015
7149
7703
3105
6439
8710
3598
10970
8266
8389
3497
7354
7042
744
774
7614
4568
1413
7348
11921
5745
5210
7702
6570
5959
7582
278
1089
3265
8281
10542
6685
10960
8309
5576
6593
4265
3027
3594
4378
787
4131
7201
6483
6377
11742
4387
7605
4082
6937
5289
4675
6025
7381
7008
7705
781
882
6152
7202
8892
5266
3984
3638
7000
8749
5926
8814
902
11033
4403
10810
5802
7311
3863
11184
0
770
1383
5844
5771
10665
7857
6695
1009
8137
6547
6560
77
355
6024
6689
8179
4254
11575
3952
755
7410
964
8699
1331
1469
10850
11069
6134
3073
7995
4620
3069
8907
5834
7960
7251
7292
5308
3921
4257
3219
7362
1230
4652
7875
8449
6661
10770
7932
3918
6931
6880
830
4425
10980
2985
1256
6102
3266
300
3746
10525
337
8836
5673
48
6008
11066
11121
5212
3124
4496
1199
769
876
231
3263
807
10535
11672
6461
3674
8887
4092
1191
4413
8420
11849
1026
6650
777
5128
5108
3728
11082
3300
4435
4814
7302
3742
6380
10934
8935
5237
4736
10541
872
1323
1319
8473
7264
11078
1290
5954
3516
8695
10704
8386
4273
7182
5737
1136
10691
185
10765
8115
4388
4920
3423
3044
5650
899
10464
3470
3687
4795
6800
7051
5716
3503
4585
6770
3530
6766
7228
3139
4440
3629
1327
201
4791
11093
7555
10703
8521
5424
3619
3310
6154
879
7018
3052
7623
8297
1087
11729
884
5312
7135
8267
7245
6941
6191
5454
247
3433
4931
4677
5679
4154
4519
4320
8573
4481
4206
3647
3416
6616
1212
3922
8914
11848
7548
6690
8143
971
3906
7022
5896
3977
10953
6869
4393
6629
3368
4576
5249
11002
8802
6590
1073
7917
6063
6756
8799
3518
5391
3275
8862
8555
1183
1268
6372
8130
3873
7208
3684
7931
6396
5053
10632
5150
4137
965
7398
4025
6757
3745
10843
7528
8793
3800
10749
3385
4272
3505
8241
3440
7193
4287
10725
5671
6105
1279
5183
4811
5912
8530
5089
3519
8342
3925
3283
7560
4102
6703
7273
8498
8039
10707
3715
7972
3525
11706
6353
5545
8103
4011
10872
7277
5880
6862
8364
6389
5466
10789
5816
8720
323
1420
4925
3847
6681
5971
8161
11615
8549
5213
3419
7120
8207
6104
5598
5797
4778
4673
3701
4786
1184
10858
6061
8127
11739
7328
345
4797
5440
3394
1100
8341
861
8884
11004
3230
1410
5586
3315
6691
3120
6044
6383
11604
8543
3303
6646
4400
11654
6412
1367
3567
819
5110
8597
5559
5432
3635
7145
3080
4271
3463
1048
10607
4125
4913
5281
7681
3797
917
4746
4072
6615
10475
5862
6013
216
10559
7002
3026
3880
4456
4215
3386
1153
6620
11738
8356
1038
7839
80
6148
8909
4474
1043
8116
3981
6385
4231
7074
11851
8481
852
4790
11923
11737
5037
7491
7282
7876
6198
3482
3779
8548
6645
4878
5569
1241
4232
306
3054
8903
4915
4217
1438
4668
1050
3860
1021
6211
3765
3886
11734
3718
5881
11118
1435
1238
4141
4326
7735
10719
966
10814
5522
4625
1335
5115
1014
7955
4617
4907
8754
3247
1342
3046
3836
