25
9145
8657
4731
10870
7513
11891
2268
4763
8396
9236
7980
10554
8278
4608
7260
944
2115
8970
5060
10351
1044
2603
234
11727
4922
4005
6428
4160
11239
911
5678
5444
10032
5928
10492
11151
8138
9389
8704
11185
6616
4519
1493
5374
4349
11
7219
361
7449
3817
5311
3966
11846
3573
6675
2944
10226
6588
10096
9872
4544
5418
4187
1007
11715
614
7297
8603
2610
6308
10473
1582
10737
11041
1980
4960
4229
1267
1843
9198
7722
5067
191
4861
3363
7163
11386
7138
91
1403
2385
11167
1833
495
6434
145
7058
7883
6877
9646
3661
4489
997
1135
2134
9982
488
11781
3205
2617
5292
1051
5012
9771
4335
8631
3949
7998
7263
8737
2123
6365
1018
470
2373
9810
6685
8719
11589
5319
9649
11689
7594
9225
5987
9339
4516
8369
10177
8235
3105
4472
11522
8495
6381
9546
4393
6833
2864
9495
223
6751
2743
4221
8665
8502
2008
3480
5464
4025
2949
2195
6389
4952
2032
5424
9465
3275
4356
2367
11338
6257
4084
8101
6163
1798
10649
7404
965
5517
5704
11027
10887
1107
8295
5760
1729
4682
7813
8714
11463
2809
6318
10923
8836
2724
5010
5587
10883
4994
10197
3547
11819
1115
4329
2645
4680
4430
10343
8655
5996
6048
5229
9636
7470
2220
690
9531
2295
1477
3143
4394
10127
6613
2031
1793
6019
5519
10503
8628
3014
5730
1365
891
8092
7082
7485
11718
9846
9207
10527
2296
4768
7755
6922
8809
9755
7458
4797
65
6162
658
99
1906
5030
875
10747
5888
3863
9395
2707
9568
10294
2410
684
11590
9753
9798
8070
3302
10726
7623
4934
7612
7657
5924
10945
1104
7352
9737
10162
8421
5868
6488
9693
5082
474
8875
6559
3151
405
1630
2763
5577
9314
11233
5372
8596
6091
1036
5559
5058
1045
2989
3454
7283
7154
550
3944
2823
2871
4518
7170
10586
5642
8853
6104
10568
7823
10251
9190
2432
10089
844
5777
2212
784
3078
2708
3430
11241
9208
7567
8308
2005
11850
9397
1285
1423
9674
7388
3548
9243
2933
6387
7541
7264
4923
6454
1357
1069
5915
6693
6262
9936
6057
98
11405
5821
4599
5940
8711
2441
4921
10250
1806
2860
7882
8504
1213
5564
3917
2124
177
9486
441
7001
2332
8361
6272
7578
6706
11122
11332
4815
11076
1347
6641
8980
6243
10504
8522
1690
5452
9155
7603
568
3609
312
2565
8612
6271
2774
5986
10655
3519
252
2283
4825
8974
10428
8757
7837
7148
6391
8794
389
11418
2276
3935
6784
1315
5677
6244
1306
4286
2158
9235
8142
3287
10942
270
8394
8088
6064
5914
4049
8254
11422
4230
2952
415
10035
5221
11806
7973
6173
1747
2112
8019
11257
10366
4751
7531
11512
10321
3885
11576
8115
4354
2589
11626
8476
8746
5776
7989
7128
11801
2106
1637
7425
4734
533
9090
6139
3908
9638
10973
2042
7309
1208
9350
3976
6181
6464
9772
11754
11022
6165
10361
5803
4758
6192
6687
11006
1144
10136
2233
9326
1910
3733
3206
10179
3267
3049
11295
1982
6144
2232
8624
8817
6228
1908
46
1756
404
781
1224
3727
10423
792
10847
11835
2752
7937
9047
5354
2770
692
1521
475
8507
2359
7093
3474
2196
6171
4924
1978
379
4805
3022
1304
8979
11845
7703
2009
1150
9231
11868
5111
5509
3858
6099
11222
7354
542
2213
10828
153
6158
3285
3034
2807
3555
8498
7488
143
10447
4911
6595
11459
6082
313
9738
5885
10189
6787
4607
9873
9684
2193
1815
7478
8774
7571
3025
6783
1090
1449
2887
5473
478
712
5400
5433
2265
11535
10376
10153
5850
8849
5119
7640
11648
8277
3296
6689
593
5022
8315
4564
6936
7242
6891
8676
10872
8601
357
10548
9601
5362
7049
8929
9586
8380
9906
4826
1998
6499
2293
11601
747
7226
8548
6021
7962
4462
1195
10566
10591
10694
7966
9685
11922
2769
5091
6230
3754
539
4461
11454
10891
5182
4887
6859
7344
70
206
2188
10459
8884
1141
11476
5964
5472
10448
11598
2997
8054
2771
3925
34
126
5748
3939
9902
11265
1917
9432
6806
2472
7454
5861
5078
128
11906
6148
10782
762
5158
2976
8026
187
7386
7328
8541
403
11014
5498
11297
11077
9960
9865
5740
2206
11114
1926
2400
2502
7544
888
5608
10825
8975
10639
8803
3132
3013
5685
10231
11526
9296
4436
11662
10331
6963
8795
1421
3327
10761
3273
9897
1250
5300
7874
1073
7728
2747
386
3375
4328
5841
5122
10356
11474
3725
10788
7417
9510
3467
5731
1270
11742
7081
10557
2125
1647
8313
8055
10963
575
9558
10907
11861
4781
1505
4492
4902
7580
11915
225
1295
685
8640
8197
9523
757
5375
6379
6756
10691
9159
3831
6194
10710
11661
3403
11279
1899
6471
3633
9096
1188
9020
5922
9844
9100
979
2269
11420
4949
5661
3103
10601
1770
4574
5417
4403
8371
2162
4789
397
8891
8826
11905
9424
2132
11706
1656
10302
2473
11357
6065
5326
3120
4183
3283
502
11763
11062
3385
3517
1601
830
11765
3664
2229
11387
955
388
11007
4877
3499
4473
676
6446
9721
11743
1635
3616
845
7436
10944
3969
6174
9837
9541
7901
170
11582
4228
10404
4706
4425
11869
11842
11089
7053
10126
3457
10267
8899
11157
8081
6554
929
2322
1262
9911
10673
2243
8971
6982
8990
11455
3039
8251
897
5984
4832
5681
3107
2717
2027
6740
11520
10347
10116
8736
1019
3932
4538
11863
2169
1781
6579
9909
5130
9080
9726
3566
6342
9740
565
8516
865
9946
2915
7839
10510
8253
5148
3878
11293
11215
4065
1413
8731
11887
1222
1422
9173
9987
5697
2350
9483
8893
1288
6077
3323
10593
6796
2250
5330
1483
119
6711
10259
4452
5020
11933
3411
3931
5301
4014
2963
242
6229
7172
10711
244
5373
1671
8835
2348
4524
3642
88
4753
8966
1883
2072
6246
8045
7857
3060
10946
2999
5524
9983
10024
3435
4355
7318
5588
9252
10370
10833
8147
2941
726
7399
8658
9816
2445
3799
2753
11230
1360
11391
5573
10592
9052
7820
6661
11682
5451
9269
862
11068
900
5658
1204
3337
5941
9160
4131
5145
2411
10837
4725
8768
262
349
9910
524
11603
2987
3113
5339
11871
384
9312
9474
954
8453
2891
4159
11519
6298
10638
4466
11447
10941
1753
6668
2493
5735
8597
2828
196
1559
8840
1289
11882
1046
1951
2869
1612
8874
11159
11445
308
1001
10414
10844
11351
5235
5807
4515
1809
1376
3688
1097
11555
1500
9739
3674
11769
8106
799
6749
956
6903
5876
4499
9146
9413
9261
82
1905
4862
3490
8569
6625
655
4455
1952
11693
9853
5903
1807
5858
3536
4816
11069
8053
4281
529
2159
2977
6045
5264
11402
6307
7719
6470
10664
5942
11752
10151
476
2808
9133
10403
7092
6878
5245
6092
6995
1854
3782
2015
8956
10996
1891
11193
3671
1248
10333
3400
8417
7621
8107
2725
9749
10675
8353
6523
1271
8223
560
2996
7659
5607
745
5550
5633
10735
7955
6109
5253
3383
2798
10915
3620
235
9637
5687
5652
5533
5460
702
9487
1518
5217
10514
7443
6599
6126
7062
8910
9765
2549
11619
6203
10305
4723
4628
683
2447
7380
8604
5443
9056
6650
11449
2916
8820
8506
3265
4498
4317
7236
6733
3880
5068
5644
4878
1711
10900
3529
7634
10505
2139
10433
8343
4626
5402
7926
2383
5919
4366
9178
8091
1592
7954
5186
5308
6410
6373
10071
4114
9099
8633
4399
10729
9964
6166
7641
10991
10511
1370
5831
10727
323
6306
9396
838
9288
1024
1828
3386
1492
10221
4087
8928
3111
4104
2670
8766
277
5958
1386
5209
3653
3860
4471
8844
9826
7189
6336
9456
2888
2338
7047
4614
10684
2652
11536
10008
9028
5364
11377
2672
10304
5569
4185
429
2449
5820
5669
431
7370
6730
1703
11081
2927
6738
4727
8570
1096
2419
1522
5092
2142
5057
10149
4480
5969
11212
3687
10194
11618
893
1801
3374
936
6680
3016
28
7395
10509
6497
7910
3544
5705
8515
5690
6972
946
9344
7498
8758
9101
8944
358
7225
1566
5226
11566
10396
2223
6713
24
254
4565
10753
2214
7139
10467
9763
10134
7479
303
6418
6333
3699
1242
7173
4610
10411
9675
3769
4780
11247
6149
4411
3106
10276
3588
943
9641
3358
8260
11745
8957
6729
585
7760
11044
6486
9825
2917
4428
5732
2384
1779
3051
8650
3850
4464
8911
3246
3898
11672
10287
11851
924
1186
6704
7359
10905
1158
8830
5127
1818
2171
7217
1217
11679
11144
2026
10881
5938
10080
6058
4034
11571
1572
2078
5238
3024
10836
578
9216
2600
4898
5284
3564
7255
11184
10
3408
1379
2935
11063
7012
4961
6396
8296
5028
3194
3359
717
5480
1482
11691
8660
6913
9073
2571
7639
11671
10258
11061
10835
2239
7265
11873
7953
9582
4246
9729
3656
8486
1333
3581
6073
3652
8470
101
5211
3303
6660
8722
8323
8442
4227
6347
10943
2475
2018
10609
7854
11369
11094
6721
7775
10730
1782
9043
8610
2279
11702
10575
3158
1654
3771
9963
10969
9254
4527
6505
116
9829
4373
9559
11837
8847
5479
2655
396
6328
1180
3381
5244
4050
8693
2899
10799
6363
10700
9351
6527
8108
11035
8072
10549
2728
9393
7875
62
549
8305
10734
9792
9163
3624
11025
4965
10797
6563
4906
11484
5110
1825
6567
3870
9666
776
11251
3619
359
6355
3906
6725
1595
7287
6792
3003
3204
4794
9459
9560
6407
10064
10874
9317
6245
6184
2013
1538
10745
4619
4642
9240
5640
10707
659
8208
3471
2969
970
8811
9929
3787
7129
10169
577
11142
1456
4398
7908
4490
9025
9242
10088
6023
9973
1033
532
1117
2684
7845
3061
10773
6279
5049
630
9808
8902
7802
1278
3129
10027
10611
7927
8340
5255
6226
11545
3301
11078
1064
3185
3507
10532
908
2346
8821
9530
898
1784
2635
2662
11131
9917
6371
11517
5437
8566
2040
4889
3149
2529
6642
8341
3256
2150
1133
8549
5488
3462
8003
3076
6293
1280
7499
4691
5003
4267
7822
8381
159
10647
8513
5389
10798
8623
2140
4427
6487
9449
10010
7706
2224
3986
9303
564
3593
4634
11529
1541
5231
1621
2403
1059
5757
3679
4938
6028
5006
4885
8511
3402
8900
2814
2431
8389
6848
7532
6533
4749
3438
4871
4231
3095
4552
5636
4291
2482
8423
8281
1268
9718
7308
1
10369
6317
7748
6137
7936
496
7739
2760
3708
1260
9700
6292
5208
1249
3538
9790
5805
4769
546
8089
6156
44
1275
11537
8908
2718
2439
1896
6003
6452
368
11292
9352
10342
9244
1212
3291
6380
9189
8963
2203
10339
5694
97
7884
10682
5616
8052
233
1954
10325
8656
2512
9407
1385
8560
7489
4337
5721
11890
1547
10648
4884
2950
2940
8440
9996
910
11179
4915
3537
3709
3625
9316
2961
10141
4295
4408
8430
783
647
6011
9035
6716
442
5993
6776
603
5834
9342
1987
9263
5013
7444
6237
10493
9820
10026
7570
4076
8694
8755
9171
11823
10340
3241
3876
2392
3421
9744
10692
7209
3511
3015
8225
5785
5200
178
3464
7751
11070
10374
8007
9226
1548
4500
1810
11033
1087
8000
10360
6911
8765
2270
2625
2700
9083
8299
3472
8542
2527
9564
10811
10889
3112
1199
1721
699
6146
2845
3139
1658
8776
10269
11223
10350
4141
5191
3178
8666
9835
4268
2108
1420
3500
297
109
2114
3466
8155
1320
4547
8135
10170
10645
8871
3854
9953
10483
8133
7369
10235
5393
10662
2043
3967
2053
2131
3528
7337
1159
6299
7624
2800
74
7903
3563
2455
6734
8567
2321
457
1935
8413
447
11342
10441
9799
295
5852
2207
8144
11260
236
1528
1638
7931
7460
8469
6977
6561
2044
10968
1972
11095
10394
5383
10253
10663
6046
8783
8763
1649
800
5204
899
9142
4940
7776
8505
3066
6811
4311
6398
7391
9730
3093
9144
8705
11204
6027
7543
2850
771
5398
1744
2654
8398
1015
55
8425
9007
3156
10482
583
10477
3465
8030
7705
3159
10637
2855
6914
587
2644
4930
8790
8405
6145
8336
3628
9137
7481
1495
8109
8255
2225
10042
4186
7794
6869
8462
8250
1791
4502
7695
4364
6076
7130
8764
10712
5201
5933
4635
2144
7620
4823
1504
964
4803
10125
2914
6427
9843
5095
6594
3229
7766
5489
8164
537
5867
4875
10756
7224
6093
4376
7431
10295
519
10017
1397
807
3777
1081
11324
2842
9890
5104
10082
10442
11787
8332
5246
6041
2366
3286
8503
6513
890
9223
828
8008
10826
10987
7497
6118
8642
8739
411
758
6496
3062
11630
296
10059
8493
5848
11395
5796
8648
9547
324
1123
1557
3123
10277
8214
9991
322
6552
11503
6590
7975
9425
1178
4581
4193
10468
3447
5902
7856
2810
5956
5085
10324
7198
8936
4589
5668
4652
3329
1869
3705
6338
8199
2824
11790
10530
5356
6634
5741
983
3040
7550
8063
2844
11320
9533
6517
5442
8038
8629
2096
10233
9116
11079
8480
2673
8606
2287
10629
10631
7810
7174
7828
2699
2706
1203
3048
7091
1865
5401
749
5768
1708
7840
105
11149
3174
1790
4095
9981
10960
1726
5947
5784
3681
11913
10581
1134
7291
6949
4023
7740
8432
2315
1613
604
10610
6320
9764
5302
2972
6401
682
11477
3590
5699
10484
5679
8801
2256
11097
3249
63
4662
9199
1442
11050
7269
2266
9125
6220
2483
2980
7685
1061
6842
4868
4942
2735
2720
4551
172
4213
10789
8187
10204
4914
3075
7759
6266
1395
928
8460
7415
4732
4959
6491
6819
11627
8918
2904
1640
2932
5366
6036
4463
5874
3354
7873
10807
7418
1563
3591
4079
9567
5267
4796
11599
11330
988
2311
7849
6702
1124
3222
3525
10604
376
10215
10212
8028
8802
10016
7765
1944
848
3762
973
9951
3395
8997
9191
9819
7549
1882
333
4119
152
10033
6127
5137
6985
2909
7451
5886
10618
4806
2476
4212
10763
7364
4788
11870
7814
4526
11592
5056
6072
6085
4420
7787
9901
11133
3690
11258
7238
1424
321
4088
3996
9091
7650
1644
7944
2060
7715
11436
9421
801
8530
6677
3670
8646
7774
2573
7271
3228
4984
10513
10783
4205
9422
11494
2797
7080
810
6605
11609
9000
9197
11214
3841
628
9154
1981
10556
8458
2761
9720
3390
3872
6662
808
1725
5703
5624
3436
8903
10934
2067
8083
2420
1537
9767
4623
7094
10765
8224
2306
2680
9448
1959
7993
1206
6551
11221
1609
6607
146
9556
6901
11355
11106
1608
2521
693
3026
10323
1999
7777
5112
8102
9331
2211
5352
11800
3221
11761
9889
3853
11510
5726
5842
1898
11117
5851
3412
5185
5744
9602
3503
2878
1114
11572
7372
9781
430
5258
6937
10764
803
9710
8575
6369
7048
5445
8781
10914
3834
2689
9334
6955
3942
4852
7524
5118
4509
11493
2301
2602
6526
4417
6640
56
4303
4537
9776
9214
9348
10019
9479
7552
3509
11799
6113
5343
9676
3912
1330
7847
8953
3826
7306
6419
10086
7235
1154
6416
7768
7355
10232
1648
4382
1316
8205
6658
3427
4491
343
826
1664
5586
4029
5884
11306
10824
4533
10667
9440
6884
2816
1062
2827
1221
8232
11428
3140
8858
10936
9297
8846
2319
9513
2035
11878
1928
1933
4102
622
767
6084
9055
6138
3284
6005
11139
6409
9461
132
9215
1655
8179
1863
9433
9942
9253
764
11373
1565
1017
1009
6812
1127
7533
8057
3574
9485
7981
1811
672
9429
4006
7630
2556
11259
10820
3835
1432
1683
2215
10006
5561
1231
2222
4951
10438
632
108
2729
3147
11170
7144
7
8880
7423
10720
1861
9110
7542
10951
4661
11637
10249
3257
8461
1581
5328
2906
6615
918
7643
574
9974
5797
7333
9375
6705
9944
1736
10158
10672
9308
1095
7027
8414
9668
6219
5042
9097
3743
9681
7109
5312
5965
7890
11511
10791
4812
3069
10036
11789
8093
6014
5667
9368
7991
10910
5462
10518
7697
1681
2594
4876
9324
72
7246
6956
2960
8379
11252
584
1485
6180
2241
2818
8538
10565
5434
7011
7373
10365
5469
4407
6056
8862
5535
4808
7800
3186
11853
7396
8691
8471
9126
6506
1550
11158
8568
4275
2252
3053
9011
1619
7192
3592
6361
6536
402
9128
9504
10485
10117
1026
1356
5271
2815
1286
11276
3483
11009
3210
4372
10880
1734
4905
11296
4510
1339
586
9088
1888
9532
10379
9888
10460
3183
9576
11234
3520
5948
10161
4345
7135
7900
7273
1232
7687
6103
8300
1071
9659
8169
5931
7282
6018
3840
9933
440
4644
3905
7099
5859
9954
1169
9969
8588
7191
4078
2360
438
1037
6406
4673
10239
2799
9404
11809
7667
5154
11211
4358
3116
857
3636
299
1258
8489
10349
134
6714
6038
512
10437
523
10207
8431
3852
3114
11852
3366
4957
10971
6122
11311
3312
5280
691
124
4776
6635
2284
3121
9501
6329
2674
7100
11736
10475
10977
9709
2619
10863
8782
3516
8422
8799
3364
8638
5347
11207
8084
4799
3844
6435
6482
4572
11629
4996
9628
4276
11286
8756
4966
11323
8119
5461
4956
909
8540
2879
9115
9403
718
10564
2184
2006
8318
2954
9699
4412
11617
4031
8237
9060
6966
8791
5568
5077
4149
9665
6766
3813
7846
10297
4182
9972
5029
1852
8818
2197
10187
4696
2846
7332
9774
1963
3231
4128
2843
969
8117
5860
9340
8035
1720
2490
9557
6902
934
8219
7506
6805
3673
2607
889
8713
11378
479
10053
1788
7642
7342
7076
4148
10397
2170
10115
7917
1080
9458
7390
775
5973
8271
3237
6919
7605
2285
963
11238
1140
6507
7017
7864
1855
2386
1666
61
2737
11270
2564
7865
2934
10635
9809
6703
6462
10790
10602
5717
7964
10681
4167
92
1131
9224
3413
393
3842
8316
5181
6954
6774
1025
11880
2045
3445
9657
3745
7886
10070
5266
3867
8954
9926
5992
6576
2063
6102
7161
10385
9756
11040
10818
6788
5949
6128
3643
8837
7487
1053
4247
10061
6460
1448
4897
4596
6325
5426
11521
4787
3806
2778
11023
3394
5219
5303
10744
6732
7346
11558
5299
4795
8876
766
9672
9542
3330
8496
43
2896
6280
595
6360
8209
209
9713
10392
972
4264
9503
1496
4301
503
9439
5759
7782
510
7648
6747
7085
559
3827
5163
9044
4130
1512
3903
4536
4869
3179
9262
1298
5894
7019
6066
11189
4722
9037
6920
1287
2791
7004
161
8712
9380
10636
11683
7660
4347
3348
9884
530
9695
3429
5474
8710
11150
9610
5496
9943
5149
6794
6
3339
1766
5274
7326
4273
4636
4250
2377
3481
3130
4434
10908
8593
10559
9161
8873
11574
765
6480
4263
3993
4030
8146
6049
9673
2572
9879
9349
7881
2090
8497
3953
8189
4654
9006
7694
7215
11843
8325
5019
3409
8134
11177
9029
4750
11348
1611
11229
285
4321
641
981
6912
6940
6172
2574
1636
3357
4967
4704
694
6255
1576
7785
8946
2404
4735
6623
1824
9466
8577
11205
11329
4157
8732
11036
4597
1510
7461
2773
7026
2175
8066
4363
8767
5291
2450
7669
7022
10069
11052
7575
8709
5167
3851
4255
4609
10034
9016
4715
144
11828
2962
460
10743
3921
6696
11926
11708
879
200
7102
8883
1909
8723
1682
791
7197
8269
873
3579
623
3786
11186
5543
2517
5523
2851
1352
5075
7035
8520
7584
6851
9918
425
5975
7229
2567
6553
9042
9780
1181
6472
1167
4645
6495
1628
4841
4653
10689
8759
4241
11305
11907
7441
8784
10878
10348
4880
287
8352
8804
3719
8362
6291
9735
7156
7044
6193
7738
7577
2833
2701
1673
11680
4039
7805
6910
6939
8450
7850
6779
11058
8664
4105
17
7182
2484
2988
3437
4606
11664
42
1536
7764
7181
5427
6030
2117
6769
7633
367
2790
802
3660
2440
6264
8345
4043
10558
7593
1838
9915
1307
2780
2782
259
6856
6326
485
4767
5632
11877
9719
1343
9784
839
6759
11231
3978
4948
6608
3088
6055
4663
2486
6688
4237
10186
4421
10537
456
1052
6424
3998
8047
10113
4848
2665
10386
621
1583
3502
2616
9061
3736
1618
3934
8466
992
3824
9285
9081
10864
8074
5348
9330
1585
4140
720
1819
9555
1491
1892
10815
852
9861
9892
2958
3543
3968
10909
4223
9475
197
7111
7711
1964
3815
731
8973
11103
5688
11135
4201
8333
2427
4705
4591
10152
547
2638
27
6012
6167
1923
1190
11684
1802
9775
10808
9952
7414
5199
2413
856
7702
2738
9168
3741
6632
4920
5276
11448
10180
8919
5346
8667
9315
7243
2310
243
6909
9746
7514
10451
5184
5815
8317
1050
9172
5436
7190
10203
5877
664
4969
10961
11501
7116
6136
719
9522
1198
10293
2050
9758
8620
375
6319
3952
4060
2796
6147
9919
8448
5310
4426
6549
1556
11005
1577
10037
133
4569
8926
6354
1041
3728
11492
7946
4907
10270
10529
4853
3734
6001
5832
6451
5195
7055
3961
3187
2305
11429
9505
3997
11737
11411
10261
11268
1575
10932
1568
3700
9019
4308
10810
6189
11414
8533
3240
8415
7054
10771
8651
9773
10393
1468
4165
4615
9072
7316
8120
7769
8145
11530
11368
11086
8865
1161
8288
5542
4155
3717
9519
7210
8525
9745
5408
3735
290
6669
11918
7939
6585
6408
6183
10303
9268
3635
11410
1277
5015
9591
10474
3269
754
2681
8002
5227
10154
5222
5804
10896
646
4943
2557
8433
7778
5911
5829
5508
1846
7462
1358
4384
7336
8583
11774
1383
1378
4283
218
6392
11635
8183
5456
4150
198
4051
6500
7245
11441
7721
3444
4821
9494
1266
8449
9817
5551
1594
9748
8854
729
2690
9539
7568
4695
2466
9412
5047
7064
11413
11616
3340
89
10044
7175
181
4274
5084
4380
6532
9386
11328
9218
7152
11674
11008
6821
2409
9295
8443
5976
100
9627
4040
1476
10888
513
5875
6540
3877
8925
5046
7146
4677
340
5591
6248
9934
6273
5140
4318
4913
8630
9377
3692
1160
7107
6461
4383
5571
1116
8036
10998
6831
8126
2801
11054
5753
10800
2023
7463
638
8855
11171
11896
2755
5380
11729
11670
9821
8747
5247
1494
8892
9010
855
10531
7155
9250
6649
8020
6887
11531
3104
1108
11196
369
3320
2510
10072
10622
4588
8838
10846
6695
7713
7452
674
7522
4484
4326
8829
7818
9711
6697
7075
4546
3084
11301
9647
305
8558
4632
9357
1109
2547
5230
3079
9619
3463
619
11538
1297
3755
11798
7319
288
7020
10045
7773
10275
4248
728
7830
1402
789
11770
1132
2267
1558
1082
3654
6524
673
4916
4511
6182
11016
6694
11643
162
11747
6531
1010
6797
8334
3683
1871
2014
3295
10163
4561
394
11796
4713
3232
7585
4556
10656
9511
5581
8696
7299
1826
1375
2716
2513
11401
6201
422
11772
11049
11275
5716
9305
521
366
1817
10243
4840
4320
5967
9063
1662
8331
9629
2501
6108
2079
8424
4330
9971
10952
222
10685
618
945
506
9978
2744
591
790
9801
8939
2378
2765
9717
827
11499
4563
7218
10784
2382
5327
1234
10708
6534
1620
11611
1438
3347
6437
6679
9069
1091
902
4830
3894
8064
7929
4214
11924
5752
2520
5086
9343
2898
9900
8611
11733
2187
4353
1068
2584
5978
7228
8290
2161
11042
7733
5353
9594
1924
8754
467
4259
10990
7795
7521
11927
6923
1946
5771
3102
9209
3868
5213
8998
10860
11349
8983
11242
6155
8948
4733
5793
8945
5870
5365
8649
10313
7921
8160
1604
493
2141
8354
4698
1540
4562
7127
6238
2261
10953
2508
3223
4443
1296
8547
9033
207
9928
11593
7904
5101
10000
3489
5604
2511
11900
935
4670
1880
5912
2994
7747
2356
10358
11908
11161
1348
11628
3575
268
1387
2085
3800
214
9640
3611
710
4834
8128
4779
11833
3862
5849
7037
8268
3808
10172
793
4390
1701
7922
2418
4814
7638
1214
6459
5742
11321
5671
11738
11636
10806
5840
3035
11256
1629
7791
9251
3637
5041
5275
9970
477
11504
4488
11814
2446
11384
1645
9271
1168
10106
8866
1411
11032
2536
6310
3032
5455
4327
3431
10572
2099
2792
8872
11312
10456
7233
5263
6415
1514
8856
7622
1163
217
9645
6659
5096
4132
8252
11412
9521
7838
5190
1414
5596
9001
387
2049
3764
6568
7407
10014
8044
11756
843
3484
4717
648
11844
4743
2423
10725
2664
11573
1754
2575
4178
7495
9587
4191
9406
4047
20
3042
4582
6801
2826
7692
5031
582
5929
5660
11780
3152
450
4941
9366
8412
8226
7422
2077
11797
2387
10432
2626
541
433
2458
4194
7829
3527
3493
11346
4678
7377
5370
5228
7614
2863
6300
1459
10853
334
9299
4671
1584
1474
6121
7548
4543
1977
11528
7469
2715
1962
1207
2789
1856
7008
5617
3732
286
5749
7893
10268
1455
11243
6002
5094
249
6217
3615
9361
6075
6804
2764
3582
1712
54
654
982
4714
7029
1593
4772
6343
9234
11825
11502
5146
7351
7280
11187
6252
9384
7343
5921
11060
6739
7433
10043
5316
11720
7737
10109
5708
772
9277
6938
10278
6518
7587
1313
9470
8306
2304
2908
7397
2709
10852
4545
4650
3584
7723
1235
7083
15
1312
1699
6383
360
9834
5983
492
8152
6671
371
8259
2
7999
5051
1439
4813
1005
1853
1105
8488
8264
3706
4177
2545
9492
10198
4336
10937
5526
9855
3663
7517
1748
8172
10619
1973
2726
160
737
5392
6208
11288
5283
10970
3597
2481
2402
10316
1622
5490
3349
3219
7289
9447
548
9117
6032
3662
11364
10415
7345
4497
2646
5599
4024
9502
2634
7103
10190
269
11608
9134
7472
5463
9866
4220
5982
465
10594
2168
7379
5582
11709
3192
2691
11862
3071
5220
4416
613
2333
3494
7746
9938
10196
4123
11341
4146
8287
10897
10284
7067
1961
5552
6050
11663
3629
2905
1676
1889
11855
5447
2297
1428
11744
3746
11584
5843
5454
10377
1603
5032
7801
2544
915
114
7558
1586
6425
6362
11051
6364
567
11287
5833
10834
8532
3393
4453
317
1042
4600
2341
11500
4986
4002
2555
10693
3890
1602
4912
5905
5492
10140
11645
8360
7625
6081
1674
5939
2582
1501
3869
1752
4101
461
5623
5643
5770
3723
7480
8218
4196
9460
4778
6874
3557
1055
7965
3367
3439
2861
7632
6311
2736
3823
6810
370
11707
7030
11213
2358
3215
250
5419
1072
2679
10955
11216
10855
1692
5798
6344
8043
10856
7256
155
2022
6095
11716
3913
10520
10387
182
4879
3213
6543
7693
9082
4293
3041
1325
3485
6131
2688
5505
83
11760
3305
7288
4004
10843
10772
1775
540
11467
6535
5788
1314
4299
1639
3043
3260
8191
10590
1351
3030
11859
10666
10188
9289
6463
4057
1458
3985
4020
7046
11465
10540
4400
9537
3530
7631
4929
1332
7757
3259
4204
10217
10546
9632
2051
6207
2889
8848
4133
9603
558
1529
3310
10521
4624
10367
7749
2900
2710
3886
9631
3899
557
69
4660
2459
10296
11194
3617
9431
11423
9827
8579
9683
1179
10620
782
7507
5595
9182
1437
5087
2504
8745
6234
2618
798
3160
9520
11815
4525
11646
10368
4849
11591
7408
8136
348
11315
1502
6120
2351
9051
1599
8153
1293
6984
1960
3626
9123
10869
2186
80
3368
3950
3476
6684
351
7084
5733
10455
5946
11583
1914
8376
7831
600
9497
4580
4322
3166
7254
3552
6405
2503
3822
51
7184
5237
341
9690
10009
6235
5410
2054
7604
8349
11107
962
9818
1100
10738
11816
7101
5194
7579
6370
8477
9241
241
8585
6786
1393
2554
3752
7945
1433
3248
3672
8065
1827
3545
1016
2671
755
1532
9783
9272
11302
1834
9227
1377
4968
5966
6289
4643
9186
9893
10046
11553
9360
10298
7279
10585
4401
37
701
1970
3951
8586
2535
127
6815
2194
8304
11475
11169
10657
3744
3012
4277
7251
2288
7009
5968
10927
9136
1932
7010
1394
7450
8215
8550
2467
3096
7253
7696
5236
352
6838
9280
9529
5618
5762
8898
3115
4110
4016
5073
10171
350
4835
11879
10646
64
9989
9618
6712
5024
2499
125
6895
276
1591
7211
6327
11438
9605
3825
8909
4777
6758
3023
4975
7368
7688
11168
5471
9650
9496
3033
1860
8478
10980
10545
10018
9620
5951
19
7918
5076
736
4886
6247
11430
10981
5751
8390
2566
9467
484
3895
2176
920
9150
5659
4786
7307
3571
649
4979
3843
4139
7147
10701
10419
4312
5254
7038
3264
7679
2034
6399
5795
2477
5635
501
2394
2491
7676
3726
7848
8246
11274
9170
11653
10306
11644
10216
4166
1106
4092
11556
8009
2113
1657
1996
9515
4741
5483
9712
5825
700
4338
5282
10528
2324
5425
8439
10124
8171
7982
3498
412
5059
10933
11113
7234
7188
10225
8937
6542
6283
1225
1406
4833
9677
5256
4254
8685
4175
6261
304
990
2069
6885
10567
7180
6653
9864
10271
6823
6767
4419
4365
11331
2630
907
3392
5775
4456
816
6550
8943
289
10214
7935
8740
3458
3807
9979
10213
9036
5937
1189
9802
11567
6157
3888
4015
1564
1693
4646
10539
8297
1797
11285
5995
9648
8992
6983
10068
1447
1006
8143
10621
9106
1322
2314
8602
1125
10573
9371
3691
2178
4272
5960
2539
9065
3715
8485
11482
7290
10770
8677
3971
4075
6580
9394
8982
2248
3247
11513
5382
3376
631
3922
10817
439
7362
190
10698
1991
6822
5210
1361
4697
10793
5040
5318
7812
5465
8017
8556
6945
4176
6090
2907
6795
11490
339
2286
3197
11581
2234
3318
2240
227
926
7381
449
448
6504
9664
4807
5307
11198
9206
4094
4418
2313
5723
1404
1600
8351
811
7063
8326
5883
9754
7387
5083
4409
10359
10062
1223
4651
7274
6596
469
7647
424
1936
8475
2970
8674
315
4686
6760
7350
224
6270
10576
5159
3410
7710
325
10972
8702
8079
2734
8561
10577
7270
7164
8632
11108
11085
2277
2340
9196
7928
5174
6606
3094
916
1761
4389
870
2339
8867
6777
5985
3772
3655
10599
3282
2257
9807
11916
4391
7712
5272
11446
1916
6905
96
7000
7730
5600
4300
1737
6337
3737
820
10555
9341
7002
7056
1919
7120
4481
8188
3987
3707
3052
8703
9322
5734
6686
9071
1000
11043
9623
5847
6442
4236
8777
8668
6994
3716
3795
6356
10240
3491
9891
10809
7674
6022
8614
6947
5786
4709
3004
1545
5273
2430
1259
8991
11123
2185
459
9998
5813
4448
711
3697
4385
5895
8170
2656
952
11594
892
6741
3833
925
7562
2041
3168
11762
6847
7206
2166
3188
9691
11099
3959
2393
5298
7409
11554
7686
9177
1728
3314
4294
609
3618
5039
10338
2342
3710
2663
11539
1739
3196
10122
5281
1773
362
2437
6353
8163
4129
6667
11277
8368
7335
10630
2925
6101
7892
11385
7505
9584
2591
7750
6849
2611
2463
5033
863
9070
10495
2852
8210
11427
11059
8397
8920
10384
2959
10752
8459
189
10959
2464
7539
3995
10054
3791
3871
11269
9899
10050
6509
3958
4785
7940
9999
1509
10600
10892
1934
2918
6455
4219
667
704
7526
4069
4077
11303
2526
11652
3602
11639
9105
10674
5923
7909
6426
3957
3554
11509
9450
9469
5676
6346
612
11897
4904
5329
3230
3345
727
10195
10135
10081
7252
3087
11088
9233
497
528
3896
6473
5294
3565
4310
7984
4168
1971
10025
8090
3177
11481
11180
9722
2580
2995
6743
3907
6571
3608
2518
2945
2953
5563
3005
5544
4690
2637
3031
10224
8907
4625
3962
53
6558
11904
4866
7668
11166
6444
1331
11647
8012
3980
11621
3255
11914
4056
7389
4038
6894
3202
3336
8467
278
7098
11711
9980
11409
9836
11393
5516
8129
7013
4616
5173
2329
11400
3085
1410
9997
9655
11808
2609
5379
2033
9839
1233
8749
8523
171
4842
3419
5605
1836
9222
1694
829
8595
11067
5662
10917
10420
722
3600
4195
11024
9015
8512
6094
4256
2548
4978
5670
11925
9002
8190
8641
7143
267
2886
11456
7894
5892
5249
5470
5390
9935
2787
3058
466
11162
11359
9785
8917
10676
8444
735
8127
1388
5212
5663
6324
11491
10842
10608
1968
4290
7424
10307
10395
5109
9009
6544
2522
8388
8307
2249
331
6941
1152
2762
3007
4659
245
9663
8557
10107
3926
7675
7756
5265
6335
11466
5257
271
4218
6946
10023
1279
8534
7467
9478
11473
8385
4164
10819
3266
11755
5065
2873
5769
2558
11778
3669
10168
2538
10098
8309
8173
1709
11053
1340
2553
9290
4859
5541
11206
2369
5878
9803
8882
8386
3770
4445
9181
10486
1691
4085
4304
974
5758
9883
10440
11367
11810
4142
3211
9045
3404
8001
7607
9279
7065
5959
7613
7305
7589
9278
3606
7783
11356
6274
7588
4437
9613
1151
10628
8647
7125
7237
3761
1743
5896
4402
6875
3979
1338
3278
10640
8748
3943
4367
11431
2323
8408
1392
3788
3169
9848
7957
5141
980
7863
10574
4429
5897
3680
8111
8451
11160
3165
8289
7731
2302
987
7912
5397
6202
458
601
468
11045
7272
5910
594
11319
2025
7118
4501
1707
4184
2868
10919
8682
9871
11090
7920
971
4151
8124
9924
7432
3646
8565
4995
9304
342
2639
3331
6621
5589
10430
2495
6135
3184
3814
3399
866
7089
1205
11773
9079
9034
2251
6020
5536
9379
2998
7477
4740
2275
5712
8037
3050
1466
812
1716
8372
906
1088
8687
4200
4762
4896
2089
8916
6004
6967
1460
10176
6586
199
6648
6824
11283
3276
4158
11771
1667
7071
11376
10719
10051
5399
11240
11458
1700
1901
2837
421
6351
8827
6921
10143
9259
1176
2189
10457
6445
10739
1757
7166
7963
79
3627
11832
9694
8273
11313
1412
9109
10766
10185
263
1820
6284
3008
8327
11350
9362
1487
5478
6676
1685
9791
9708
11585
8800
11374
4754
7611
10133
1730
10978
1070
9376
9955
5609
9609
3384
836
10159
3561
636
4771
9593
3068
11701
261
154
3125
4718
5507
10916
6210
740
6345
9727
151
6100
9682
809
2897
10541
5438
2943
11278
123
1401
4103
7371
6218
8531
8675
1763
4970
7665
326
10523
1284
8206
6814
5155
11495
681
8182
10041
6846
7516
11284
344
10873
4482
9845
7031
11347
2260
7586
10099
6508
10248
5527
5613
8529
7985
1942
10378
11726
7153
9945
10090
6839
5336
5168
7809
11909
6221
2620
8399
6900
3138
2698
6239
395
9574
4958
6950
5930
9692
2204
11625
3897
3309
5590
7442
2647
6630
9162
4348
6948
3760
4435
2368
10680
10802
8686
1755
9098
10469
1881
10123
1864
5767
3341
5177
5525
883
434
7821
7323
11697
10962
4570
7361
4022
8282
11072
4302
8479
10450
8270
8622
1727
9325
6957
73
10617
6140
10838
3914
9992
10774
4637
141
3572
1194
1862
4724
2258
9573
8350
6929
3768
611
6918
773
10465
3142
9538
6309
8695
1457
7758
6176
3418
2661
3924
7683
10352
1879
1941
2653
645
1240
9956
4931
2528
2825
1874
11202
6803
10918
1334
7742
3391
8673
882
9179
7938
9046
9856
4839
316
4618
5750
1567
2438
2629
1927
3714
1396
5789
4309
7602
10466
1302
6175
2697
3170
3861
8729
4474
118
2198
6282
7445
11899
5487
11485
6785
8181
8370
5706
6964
9611
4156
2095
7278
8021
4240
6577
5409
4857
11333
11580
11688
2062
10801
2421
10494
819
7919
4169
8615
3475
10132
5416
3203
1555
1663
4371
8468
10285
4097
10178
2016
9875
7876
11807
1513
2259
1887
9423
9596
5528
6352
951
5615
4124
11358
2853
6631
6802
11719
11782
4245
5176
3836
6390
10401
11666
2881
137
4974
8981
3482
258
2331
9736
3797
9078
6832
204
10230
4021
7793
10792
6414
9245
9830
9870
1851
2693
142
3696
5363
6212
3915
7459
8098
3859
6254
10001
36
9857
5050
3583
5120
738
4844
5598
1342
10827
3322
5515
3665
10424
6581
4041
6570
9430
961
10244
1950
9054
1118
9703
2238
6516
4517
7039
2160
666
1028
6981
5562
991
8964
1369
398
7300
11148
11898
4454
3167
1350
7678
9925
1799
10702
4977
3089
4059
11394
6757
10658
1244
2585
5482
4067
3923
10890
1089
10487
7325
4903
998
8241
2612
9398
10829
3651
4617
5857
5138
3175
9908
164
8192
11788
1511
1145
10491
2854
8885
71
7503
2068
1546
7324
1469
2682
2230
6374
10736
10222
9937
2742
8524
9260
7651
730
7134
2274
3570
6013
8786
9854
721
9370
1226
9583
8727
9947
2805
169
3930
1995
3678
5240
10314
8011
4493
538
33
8056
5102
7629
1113
7656
11143
8741
7666
11557
4790
3539
2530
9017
2454
4894
5321
2598
11753
9988
11176
2834
9074
9107
10206
5166
7512
6000
6965
4700
8279
2783
8989
423
11864
2593
8669
195
8539
6639
5345
4655
3492
6063
10286
6154
7515
205
5707
6698
1835
5002
8137
11931
9307
6589
5172
5680
627
6930
1617
11673
8207
11854
10405
5344
5686
6054
2781
7028
7486
5579
8993
7990
5381
9654
5429
4850
4554
9180
9704
2872
11735
2675
5371
11450
555
5698
5357
9457
5407
9907
4804
7508
1626
10780
10145
4798
1027
6191
1873
8592
6993
4893
11080
11457
208
6453
8434
232
8619
1323
1872
1915
8894
7112
596
10583
10899
576
10357
2052
9811
5069
2583
6469
6478
3193
3887
7490
8961
8921
6666
6297
4987
4895
5650
1771
5491
1303
6742
10257
3355
3904
4726
2000
1239
452
1503
11826
5714
4120
6514
6622
2294
7561
11610
5950
9092
8587
6265
8099
11141
1329
4822
7658
9335
9789
3580
756
10458
1907
7649
1086
11563
7724
3124
1467
4238
6992
10413
7057
0
7677
215
4239
3789
9577
7157
9452
6450
8578
874
11783
7902
8785
10709
4592
11121
1937
5391
3446
8395
8407
818
10501
3448
4752
2474
5580
3644
9402
6263
8426
4122
1745
11188
7145
6522
515
6614
5812
2133
1746
3150
5446
3242
4086
2104
6750
2391
6525
2107
2436
2779
7836
1450
5724
5113
11404
1446
1014
9548
2756
8822
3417
10252
9276
5631
1465
9800
11439
3510
8594
7440
3521
4529
5778
3080
566
9132
6828
8700
8201
9881
9862
7018
52
3148
4211
2754
3796
5913
8416
6236
10816
11612
8216
9298
8812
1451
8659
9323
5293
3449
3610
11620
7292
11261
657
2061
8082
2926
4736
569
3238
3832
1890
10879
4745
5038
4438
11071
6866
226
1990
9232
10779
1539
5165
650
9385
9089
11600
6820
5011
8198
10100
1185
8073
6068
6720
10315
9702
11140
3097
11152
11340
4687
4933
8772
7202
522
7310
9027
5004
8808
6515
10924
8174
5289
8342
8701
7560
11322
4003
5497
10388
4759
6968
10563
3724
11547
7967
6857
1276
556
5501
6765
451
3601
610
620
11546
7199
1008
150
8322
8881
4138
9578
7803
4222
7971
8952
1829
2562
9766
4579
6778
8236
3526
9286
753
5622
978
8080
3098
10114
2349
4483
2751
2563
11112
996
1792
4535
6652
6873
216
2312
1419
11817
8097
11692
5309
656
4587
10429
6275
7137
4374
4993
7398
10288
9898
11403
1719
7382
2877
11437
7891
11690
2880
4444
2841
7913
81
2177
2967
9658
306
8363
10995
6468
6587
5066
1520
8930
10320
10928
5974
6865
10762
6572
7855
9008
11096
314
1780
6927
9793
9087
10703
10028
2711
2537
2968
5651
10746
6578
8890
5334
8484
11105
3277
9026
11544
9569
7227
1710
7557
110
9387
11124
11889
7566
8062
3988
7976
6975
7296
592
746
5627
11895
7684
11724
6830
10007
9701
8551
4465
4742
872
298
10476
11805
713
2832
11220
2581
10402
9369
6974
7066
1405
4319
5739
665
251
2648
1969
1269
5653
2330
3763
11634
3535
4457
10584
168
5453
7767
5193
6477
8200
7315
7317
2088
2986
7540
511
1837
1136
11827
2126
9882
637
5839
4313
4507
7661
8162
107
8377
5532
1764
8196
10775
10950
3453
11017
7201
4578
1366
8272
7832
763
933
4699
9595
10464
817
4257
1170
4258
8165
4202
6644
1945
4232
10925
6864
8637
10999
10375
8819
7108
6227
3382
10644
1519
8227
1979
1172
2657
4068
9188
1789
853
2337
5626
8335
8180
5649
7786
487
2179
9127
11396
5355
6209
5614
9249
10754
1473
10721
3916
7576
11464
6443
1034
3131
11225
4012
10728
11000
3818
10717
5901
8828
5634
2465
4708
6886
1774
6892
7045
1149
5654
9880
4598
9604
9114
7200
2429
2205
10871
4112
6417
3556
7859
2365
11836
8988
6083
7435
307
10205
10118
1475
780
2135
6893
2546
7597
5203
11004
11153
6860
9874
4032
9294
3634
3300
6037
2395
4506
8514
9524
11860
640
6316
4641
4664
11779
7036
2468
7314
9416
9550
11115
4688
6876
11310
11483
7301
3798
1430
6829
35
8048
3250
1367
668
4553
3805
9358
7994
2094
5131
4605
10234
5814
695
1665
605
2024
3553
7930
5499
11575
10266
2405
10329
1672
9187
9828
7796
6498
11725
10755
10997
3067
6724
1063
3311
5920
8605
9411
1878
11872
5572
5164
10242
3689
253
11339
5802
2500
11665
7126
4997
10854
7895
5794
663
11125
3006
1077
1765
416
8813
7983
6086
9281
6722
4439
2328
3759
10150
1816
675
1698
4689
2772
1359
6633
4858
8233
7598
9270
6612
7867
4011
7261
6288
1177
8358
989
1653
8955
4583
4292
10322
7040
2509
4093
45
573
6164
1023
385
10312
2149
7525
2231
272
6481
11562
10522
6059
7868
8775
835
7615
5811
4817
8244
1384
5606
11116
3508
8234
4831
3251
9064
1374
2216
1431
4925
9388
9493
3365
10341
9451
1530
8639
3212
6031
3420
9990
6397
9333
4707
4007
11175
10160
8728
4381
3195
837
240
2412
8721
3428
5806
7416
5725
4669
2890
2971
9441
8378
10015
7827
483
5510
5132
2157
1925
677
7353
2374
2036
38
5337
8965
10500
551
11508
9124
6904
9639
2922
5325
2576
942
3518
3021
11764
2130
6074
10718
1574
3975
6200
8718
10757
7720
10954
7471
3562
3057
8245
7121
8831
5816
4209
10104
9313
1870
11266
432
7378
6858
4083
6657
6432
6813
8280
2070
5048
8156
10989
280
2485
4681
10935
9414
1523
7073
11638
180
785
6199
186
6841
9656
279
1162
10260
1988
5866
1847
3984
9476
7405
11130
8118
8938
8584
11267
5136
4744
5129
4534
60
6868
4392
1955
8901
4113
9484
10901
4950
11841
1486
4013
9477
6039
10055
9961
11375
1143
3742
7281
2414
9794
2242
3994
7427
7804
10882
10865
3346
10613
3849
4761
5338
6752
2621
6715
4410
6643
7327
10279
6560
10979
4633
1257
7974
7494
4106
7606
5317
179
10406
9962
7616
2628
494
7877
9549
10095
901
5822
8071
5696
10108
9838
2862
9213
6850
1415
9528
10422
9306
703
881
3941
1897
2702
6932
4357
9353
919
8344
11881
2924
5150
1845
8039
5932
5415
6731
5064
9731
8151
1122
4096
7220
505
7819
7972
3239
10926
8750
9443
11607
8262
10060
9367
8242
5672
6190
7262
7732
6302
10781
11087
3426
8452
6216
825
1762
3373
4601
1735
3589
7400
8100
6626
9204
7949
5248
10330
294
7652
3224
686
6301
9565
6837
629
9038
1627
1187
7858
332
3201
5766
9782
927
9018
6040
3141
1478
9405
4870
10289
8314
10131
380
2247
5830
7193
173
1610
1900
2942
4824
7551
8934
5500
1251
7183
3059
10280
5506
2590
3779
8161
2428
7171
3332
2979
10665
10142
864
6117
10496
6400
6281
5114
3790
18
1294
3313
1305
11013
10861
6959
708
3133
1078
3751
8999
2692
602
6545
5514
6707
353
10906
11098
11540
4339
8543
11249
11440
1943
7866
6883
7956
3607
9332
10538
6598
6775
8839
11304
3338
7741
8692
4716
5014
11250
4249
10982
3804
11018
5645
9762
6761
3161
7729
2105
1043
10988
834
1197
1989
5411
8845
3070
10262
8116
7872
10091
2985
11248
9420
3293
6793
1241
5823
11602
1675
3258
9143
8889
11717
1997
10449
10439
6597
7298
4265
11134
11681
3134
4555
5428
9506
6541
7948
5103
11932
917
11564
2806
2719
3881
5388
2608
953
1527
11751
7162
1098
3377
1215
9153
9442
8441
8857
9141
3933
9118
4983
5713
10845
377
4446
7363
10181
2990
8029
11917
3750
8457
8061
4571
2355
11197
5553
9667
5037
9592
1153
6111
5420
4770
8217
11126
2303
4048
2004
4988
11549
87
8359
9267
3328
6479
6047
5722
7553
3422
3647
4042
5481
3401
8738
1772
11824
4121
163
8018
11132
1702
10690
3598
1324
1646
3319
11656
5055
5689
11818
4590
2882
2122
7595
407
231
7434
5262
10748
7117
10964
6029
9863
4679
3304
106
9062
5977
8863
1429
1718
2727
5121
4210
5597
3948
9287
2540
5518
2097
5545
4147
6603
5955
6290
2376
6334
8298
1035
7841
5192
8773
10898
3086
7468
7090
11195
4284
9847
10862
11657
999
6990
11834
3176
4520
10431
5994
9920
7670
4976
3534
3889
6315
11203
7701
1484
7559
531
11468
9258
1986
8404
9438
9600
213
2599
3960
7535
10986
4111
3718
9916
2221
8435
10603
136
11527
8263
3698
10208
9621
8576
504
1549
7216
3350
9
1918
10063
1054
6999
2347
10683
3753
9378
11031
10079
8947
2357
10005
520
4346
960
8521
8243
5865
11700
2364
5183
281
6867
11337
3701
11655
4992
6110
1590
11392
4285
414
11888
9200
6256
10502
8962
6010
420
5856
6489
3122
4174
5838
5175
1738
11104
739
5093
8387
5546
4447
2086
4173
3546
2448
8792
4627
8367
7899
2017
4266
7714
7947
5218
4052
2278
6198
1171
2859
11886
5384
10612
2733
4375
5361
9551
3233
5156
10097
3294
11518
4344
1216
7179
11365
8720
6441
2148
4867
5991
135
10582
8110
90
7413
5290
1953
9622
5147
78
6928
10654
4331
2835
10383
10087
1253
8261
6855
9630
6490
10512
10626
10334
9195
7074
4939
10716
6569
10653
10671
8810
378
3501
4061
2601
1717
8984
11224
1808
4573
2422
6423
10332
8574
774
2643
11421
9852
937
3599
9415
330
6670
6129
8
5560
2931
8793
4033
6433
7704
1126
11792
10851
5105
3970
2636
2745
10199
6624
2167
9321
4668
5743
6882
4203
8046
7530
1321
2531
5869
9359
9434
2071
5202
3682
5074
486
4192
4470
11383
4070
5139
3274
1531
10311
6770
3845
2375
3638
8684
11366
11548
10223
11734
6112
188
11710
2151
3809
11026
9512
3268
2683
2103
7136
10144
7208
5123
5005
2058
5887
8927
6225
6211
880
9566
4860
3773
6009
115
5625
8912
7072
2396
2519
3778
443
938
5570
5761
3456
6604
1079
6958
7911
847
413
8154
8010
3940
117
11698
1142
8403
861
639
11565
11382
6896
6678
7496
2143
5779
4542
2592
9217
4947
11232
7247
1368
1464
3220
748
9169
8613
10536
6436
7165
10077
6253
2936
2081
11472
1842
6067
10410
5906
2627
406
2059
3512
10547
1844
1032
8034
9965
1441
4475
7958
2978
16
4137
7596
3645
709
9927
2895
794
10078
2457
2817
8494
4888
2788
3214
5824
11015
11314
5715
10519
9514
514
2746
9151
9585
3879
6931
7110
3781
5285
11178
821
4282
4479
947
9540
8683
1689
9119
8027
1341
10421
8972
4851
2666
6372
4362
8678
10478
2836
9205
2153
11746
1243
1684
2401
3356
9812
11699
9488
7784
6748
11654
2456
9612
6382
5239
5555
2121
6130
10595
4843
335
5435
8016
10446
3077
7021
2116
8559
7569
6991
1440
10412
4066
7811
5787
1261
9164
3455
8552
29
8075
7885
5578
744
8324
3372
10241
6562
1631
2152
9686
3977
9135
4115
5780
2492
2913
3989
9152
8228
11360
5537
3321
8291
11432
6378
9108
6185
4528
2320
4074
8864
1573
3157
8125
6768
1554
6986
1783
7504
3044
7360
2981
4058
7534
8487
3017
7523
5554
260
8935
11728
5904
1680
4985
5100
47
2870
6723
6976
3292
10167
6388
2080
1060
4340
9468
7003
5157
5695
3780
7207
5021
2087
9575
8730
11419
1099
7476
884
10052
7334
2180
3816
1311
3440
5406
3473
2819
9728
4508
2951
4672
4760
8621
11923
11294
8406
5641
6119
5335
9024
9614
5023
2494
7406
6651
1252
1349
4560
4932
5957
6840
10627
5001
11486
2292
9757
1800
26
5320
2202
8286
5534
8178
10073
7792
11791
11675
1230
6153
5128
5879
6617
7341
5893
10105
10699
7244
7453
9747
7119
2923
854
1196
8025
7426
11034
9053
2098
7992
6973
846
2076
10550
2007
871
