9115
5542
4003
6415
11519
10653
10261
8389
7485
4671
451
10946
8673
5919
10143
10748
8090
6869
11320
8045
11682
3670
4660
4480
3878
79
2555
8705
6091
9637
2337
11043
7614
7022
5411
7613
73
2449
3031
5992
5915
8604
1422
8107
2207
7271
3781
421
4066
9440
9241
7992
10410
10257
8711
1080
808
2859
5884
4542
5355
1253
9757
1964
4490
2180
4358
1636
10522
1640
3626
7440
8838
7856
8502
4547
708
8853
9304
10360
10422
3167
11126
4501
10599
7035
6184
9475
4228
9064
10086
1585
9288
4259
6739
3826
11207
587
880
5544
4142
9466
11891
8606
7712
4717
4529
249
1081
8808
1800
1378
2960
3277
6616
10014
737
10017
7037
938
2709
5067
2898
7256
6050
10627
3239
4921
438
8478
6576
9719
3287
10882
2069
2295
3547
4402
11692
9213
9060
6432
6256
8901
9477
2034
2241
7913
5663
5353
3807
6786
9591
4743
594
10973
8925
8944
11809
2791
2044
4088
6472
7301
3480
9632
8281
5634
9016
11724
2376
2141
493
10709
4191
8378
10141
6823
1575
6766
836
3413
10503
5426
11080
3051
5996
2482
9474
3499
2161
7949
890
2456
5991
4173
8269
8029
6146
6154
6716
10113
7080
2384
9817
4187
28
1977
10367
11572
810
5298
4724
11377
1712
11329
4043
6028
5082
6263
3228
1023
7958
2520
2690
2662
6248
8225
11738
4273
9071
8127
11844
6396
9370
10942
11639
1347
9378
8299
9357
479
2968
1915
2465
640
1690
8226
962
8335
1451
3750
9339
6946
2476
6083
9081
6545
2680
6442
6569
6550
3417
11384
3618
10142
10483
3628
1682
5182
8192
684
7550
5273
9551
8683
6589
6104
6757
5888
10044
11699
9701
9604
10430
4888
3636
10037
10816
8218
3097
7328
7361
10347
10352
5739
6136
4866
10564
7432
7715
9313
919
3808
7980
5667
2521
11656
874
2004
7993
3555
1942
5150
4075
8592
3338
1320
2213
9141
2540
9809
9546
5420
2764
8236
2950
5793
11518
8426
6264
11500
5282
4821
7893
2232
6347
6379
3350
8073
11580
6210
9982
9720
9277
8345
2502
98
11536
2787
5680
5056
56
358
5921
4231
3278
11779
11427
4209
4407
2557
6117
9781
2116
10628
6878
8421
504
11797
2386
2473
747
2581
7503
10844
4510
8875
4347
1446
9289
6388
8476
8919
7686
8480
8043
10324
10592
11610
2553
7238
3548
9251
6093
11412
88
145
6891
8323
510
10026
7661
2796
4232
3291
9686
2148
1377
7964
11113
899
3825
170
7360
6551
1630
965
9926
9407
7711
3176
10636
1951
1559
6202
8048
2972
4130
4841
6887
2734
8228
1144
9612
5141
10766
299
6058
11405
7243
7675
2123
11067
1703
3438
9195
6003
9575
11386
3428
1342
1989
7521
3390
4022
2248
10439
10826
1873
9992
3868
7075
1982
2117
2900
8992
11232
10232
1392
11454
844
8638
4211
4546
1654
8290
1827
630
2006
11752
2675
10699
2806
11697
3760
7181
1663
6606
245
8448
4104
3922
10532
6919
8538
794
115
1226
2401
4430
5239
9601
2953
8363
4762
4277
1215
9223
9233
7974
9207
9375
2684
10135
9549
8165
10837
11079
9951
10619
682
3312
1090
11599
1878
749
7886
2851
8907
9785
5303
9353
3124
4975
8433
666
6320
4183
2565
10528
8920
9503
3914
11368
9682
11306
7082
9090
1194
1626
5020
5625
9155
5537
10153
11880
9884
1629
11247
7749
9305
1576
6164
8188
8884
1167
5460
10414
8134
10797
2959
5435
3977
8161
8775
7561
4466
2493
5658
11662
2071
10989
11337
442
7065
6596
7884
11428
5661
258
619
8588
8505
2132
3393
4929
5121
6549
3184
9321
8956
2404
8498
2782
1431
6039
4956
5335
7795
2240
2501
2769
4994
7272
2585
1404
10491
1064
6562
1176
7625
10339
10810
7523
7436
8704
7045
4880
6020
151
4061
5947
5552
10104
3732
1504
8173
2414
1348
4219
10583
1311
5479
881
2105
8243
10981
2222
791
7127
11097
5248
9234
8791
11573
11017
3502
7300
11104
11926
4723
4993
9998
8649
612
2654
9361
10123
636
7912
10357
5937
6804
64
10755
10936
8314
8559
9708
5775
3615
5850
4426
51
1484
6055
10189
8010
1566
5713
9092
2103
6993
5535
1460
6282
371
3273
1779
200
8836
5492
8
11671
6194
8172
926
8278
1548
7048
5741
2653
2549
6326
4885
8828
7233
10204
3564
8542
3431
5798
1752
7560
5623
8713
10969
11728
2701
5006
10034
9586
11042
3057
8395
4805
9002
8156
4174
1843
6478
6327
10601
1702
10212
9439
6783
2717
3723
171
9636
378
9404
7359
6770
2288
4858
1385
6797
8322
2688
2536
845
4348
83
492
2296
7423
6239
11778
3608
6193
4664
2472
9830
353
10745
87
5299
7489
9883
10432
4151
1295
4754
6671
3624
6262
7128
3023
3571
9348
757
3156
6297
5173
4571
8182
7334
9845
1482
141
9865
11141
7882
8979
5653
360
2017
11376
1467
3255
5609
8664
407
5291
5672
1638
3913
10305
10513
443
7017
1
9564
4102
7219
1216
2383
1077
9649
6858
8718
1691
11833
4653
3609
11548
6496
11791
1810
4758
4789
2544
11432
8333
8866
10117
2265
4599
2881
7012
8496
2107
251
9881
3294
1257
5194
9740
4663
9061
10279
8227
8801
10591
10244
9819
4048
5866
6712
9197
6587
10712
8216
2321
2149
7541
5750
9296
7499
1718
1908
9424
9838
583
1906
9650
11657
1664
4427
7850
10457
9521
2761
9323
6373
4562
11494
11674
10539
1753
6399
11045
8189
576
9717
11879
4497
3678
2735
2179
10295
487
963
9371
8621
2009
7976
1198
4597
11059
11836
2799
7029
9416
10349
7990
8912
9513
8732
2845
1761
105
798
1557
10015
11196
10333
397
3481
3337
4769
8030
10231
9198
8242
10226
5794
7067
11215
10162
1162
9846
4934
6938
1043
4123
9510
4182
6532
709
10888
7269
1153
7602
11664
7909
7377
11553
9053
1493
9181
7047
5568
951
1078
1881
8304
7201
11159
3591
4995
3687
5969
7841
2510
11401
8143
1113
5654
1015
1864
10287
11665
1763
7940
927
5550
9186
4076
5149
6819
8334
10089
2610
5600
10964
11670
2916
6794
7134
3887
7998
10689
1421
6668
5336
1792
10671
8201
7651
1835
11702
6156
3517
6662
852
8855
9519
4241
11132
5973
496
5060
1306
10438
8460
10109
8118
4815
5147
838
7379
1179
9811
359
4115
5447
7674
7098
9673
8583
9834
1612
3516
5878
5515
6765
5175
5347
5226
7982
10602
1860
873
456
1502
11684
3116
3197
3421
6158
6660
5209
11549
5957
3141
4357
10764
11653
1673
10215
3395
6722
2377
11691
9326
6290
2193
1419
7928
9101
11753
6855
1235
1456
3726
6531
9029
7091
10550
7386
10916
4101
10609
3581
477
1775
11780
4626
10575
8137
6163
3737
1366
6999
11331
4852
8867
774
5267
10152
9006
10258
2062
3258
4111
3759
7175
4500
3966
4454
11602
8857
10770
1500
1986
10791
3897
6697
1726
8710
2356
1028
11250
3454
3896
5725
945
2590
1963
4627
6599
11421
1815
10027
5154
2188
43
7273
8163
8988
790
9532
10504
9216
2483
3170
7830
11558
6225
7335
4878
11832
7192
6928
6688
4223
11000
9820
1271
5265
6787
9947
4768
7193
2013
10690
9550
8046
8133
4069
9414
10937
2807
3323
6651
1855
3302
908
10172
11322
11349
3763
7822
2140
641
4365
3070
10698
7947
8431
5803
523
10271
8730
3264
8990
5195
3177
2638
8371
6279
8560
6756
6752
6362
7774
11098
6077
3021
3930
2571
7535
1356
7505
9196
7443
11243
289
2080
11710
10456
6661
533
2637
10424
506
10230
8135
4474
7229
5526
11746
1118
2266
2230
4290
5590
7274
3401
1367
6567
9695
6866
127
5580
4294
7901
9036
8651
9062
11511
5887
8971
9594
7876
5786
3862
9459
1413
5533
5833
4328
8341
3456
1935
1100
5326
11711
4326
3800
5751
9585
5553
7353
4376
10267
4337
7478
6488
7154
731
6010
9386
1464
1117
8755
8065
9484
4634
2405
4997
1784
1618
5635
3969
6605
7677
2421
8578
9578
10369
10547
7200
1212
8845
7372
6023
3674
3043
11818
11927
10108
4896
664
6497
6272
7759
8119
1109
4194
7039
9627
2671
11771
11522
8521
3223
1592
3213
5059
5309
1185
4938
4148
6597
3232
3690
5382
5840
9847
6270
5203
1105
5705
3283
9018
8682
9672
4825
614
5192
2774
6972
1658
9674
7056
745
132
11907
7823
529
10811
2043
4331
6460
972
5222
160
9350
4502
1747
9335
3978
9287
5244
4833
3075
9056
1593
11117
10654
9126
6281
11142
7424
7660
8786
1842
765
8876
168
10559
4968
8128
2139
2396
9443
11420
8417
8387
3318
2169
10356
7919
7342
3165
3168
1052
9089
9178
7748
7810
1405
7930
8817
11013
8064
3129
3233
10478
5157
10078
918
980
9611
2718
6706
9956
8984
10934
4517
5903
7575
3764
10908
8785
2558
3934
10158
6307
9398
9359
7234
9683
10163
2242
11644
11265
1828
3079
182
8696
6397
3511
4787
10780
5488
11026
4475
2233
2617
4058
11827
5030
7738
3094
9055
1917
4948
5598
2880
9298
2229
5715
5005
6416
3610
3557
9189
4987
6986
6351
8666
4588
9659
2481
7019
11193
10644
6257
10304
3606
4393
7669
2411
4879
7341
9641
6630
1766
9010
1091
2364
2634
8982
8938
10131
10235
6684
7683
1432
8394
5716
1689
11540
11204
1865
11815
3617
6821
9314
8880
1529
10000
2655
10386
486
3871
3953
5039
11798
5418
3770
10312
326
6947
4832
6480
4942
933
11773
9665
515
6698
3015
10009
5041
425
1250
2032
3084
5823
1241
6221
335
2996
8489
1086
8047
4408
702
4268
11076
8980
9479
6842
133
4025
450
1514
4106
380
7049
6144
2050
1197
8007
11041
6068
4175
1133
5857
11594
4147
9332
9080
5208
5499
305
10855
7742
11429
3222
1343
4814
5831
9648
4403
11530
7900
2835
9135
6734
7594
6436
5389
11008
6732
9901
2962
7786
1892
6022
4129
7152
1590
1325
386
11238
1141
6176
9542
2923
2312
9774
5085
9411
15
6261
11512
3813
4029
1547
2097
5280
1115
4445
8036
8408
2765
10900
4511
4507
5325
7370
999
6275
4947
807
7427
1655
3944
7191
9862
585
4214
603
728
1729
621
5820
5858
2387
10396
1196
2852
3192
5812
3716
2961
9756
6883
2330
7343
7596
1797
9396
1791
1943
7792
6543
5390
1851
5158
3112
10996
2927
8873
638
1278
7264
5193
9907
11790
3979
6487
8155
4700
6558
4276
6209
2292
5113
5546
7507
11517
703
2977
1988
8279
8812
2060
9088
9177
11034
6226
9270
2562
592
8037
11566
1898
4906
970
11672
6000
3418
9452
2747
11593
11049
3840
1374
8405
10122
4556
10747
3114
5406
5688
10626
2603
1297
6775
11027
11060
549
541
10540
2477
420
7948
9225
7620
7415
7306
5077
7074
10568
2918
673
8331
218
11323
4254
611
8745
718
10629
63
3644
2674
9963
3332
9880
9368
5281
8443
4554
3538
10276
8747
7071
11754
1972
6208
2999
72
1234
432
5469
8910
5599
9936
8964
10657
4704
548
7053
4286
6342
10095
11203
1143
10915
6289
7125
5904
6453
5922
8074
4506
5524
9087
4204
7188
5452
8647
6932
11015
6405
5429
11252
9557
2854
6354
5483
9587
8152
7551
4355
5588
691
10486
2954
784
2905
11292
4482
10753
2268
3017
7433
1350
560
5959
173
10879
1486
10126
7208
2636
7972
1203
546
1033
8955
1900
3224
10313
10225
6175
7955
7936
5370
2365
9980
9469
8415
5714
865
9366
6963
1897
2963
3458
5275
7524
9771
1684
5671
3574
16
123
1131
4826
9567
3700
531
9753
1946
11383
107
9646
312
317
7381
8881
11324
11854
6157
1262
4400
199
9438
4984
11925
11484
5914
4960
11107
1739
11520
3988
2286
3850
6086
11805
3872
10207
7945
3147
10692
9106
10716
3465
7002
1000
2619
6212
9603
6725
1059
2243
1073
9100
8399
4087
11005
4538
11700
5320
9981
10518
4572
4409
5345
7750
2450
1914
9261
4690
8200
1468
8623
7217
6265
2184
9677
5437
10383
423
6676
8019
9015
9658
7588
8075
10808
1397
10977
5906
6468
6446
9127
469
3493
5860
10854
8874
3149
10824
11268
1582
2809
10415
811
3034
250
8610
4614
9897
891
10648
10557
620
5597
3391
7166
11600
3014
686
7038
11070
8180
4889
7593
9973
9218
3419
7598
4624
3076
8416
2810
99
5095
8803
5968
9961
7112
7066
2447
9312
6693
4650
3841
11068
6586
2706
7093
2014
6563
1771
483
10790
1692
6633
1168
8494
6811
10721
4772
7883
7702
6742
11544
3682
4157
8026
4689
272
7458
11675
281
4257
8818
4321
8038
9340
1581
8637
6271
4238
10260
4696
10950
4596
4977
6666
4749
7471
7827
8424
10756
6832
2990
1953
8999
5130
10160
10978
3363
5614
10178
4788
6461
7138
297
7397
7190
7751
648
2855
3148
4472
532
11392
2998
44
4201
4579
8524
6199
10729
3645
2026
7450
10280
4877
11547
9379
564
1316
11348
5128
11330
8282
457
3509
8603
9889
1817
6364
8316
7084
2801
3583
7864
2772
3543
3699
7534
6581
11765
775
8506
11680
3220
4128
7820
5048
1055
8685
9882
470
4438
8640
7881
6454
7895
8532
6382
3093
1599
6571
3905
5470
4446
9812
2215
862
8800
2995
10594
3635
7703
6203
10999
1275
1970
8174
11260
910
162
11284
5334
11789
1755
11302
7242
6066
5545
10662
6658
4014
3899
7010
9873
9559
1672
8525
982
996
10538
8630
6968
8352
6984
6372
6875
6308
9511
992
5428
8273
11616
9226
3520
9244
11726
10577
818
3377
9421
11643
3796
468
2322
10322
9737
5851
10761
1520
9731
6533
9043
5446
11630
2691
3138
6255
11436
7477
7794
1042
10963
9843
5002
11689
8822
5427
9735
2608
11877
10150
11647
8440
7659
2672
578
3121
8272
11359
4672
7829
10195
2808
8289
3611
3052
1005
4659
8889
10746
3238
5722
2134
5201
512
11256
9154
3066
8260
8579
6433
6391
10270
6274
4661
3346
9710
9405
7487
3375
3786
1449
8811
10464
3880
2720
10910
9784
10035
8642
11266
2277
7584
9231
540
6459
2394
10961
10887
6877
3996
8286
2531
3957
9242
6749
9205
11915
8667
11701
10870
3949
2087
1609
3834
6185
11297
8116
8376
3715
4434
6685
7621
11053
9999
5690
7676
5843
11239
11719
11332
9486
4983
9974
7818
2437
8487
9937
3861
216
4822
8147
1676
7281
4931
2131
6174
4079
10154
11646
3572
3368
6236
6985
6324
1466
7723
8660
6065
10216
7776
10590
9800
5246
5015
11871
3788
3933
244
5761
4096
2682
6904
4456
7382
1379
1177
11195
7840
6768
11387
2763
4859
3736
2247
1151
5554
6615
5740
2538
10052
4713
3762
1476
10487
4309
6810
7350
11180
3437
11528
2303
9925
8937
10736
6723
6101
11513
8885
4795
186
3599
2249
7445
1656
4367
2989
4555
5626
3061
8008
2837
11287
11441
308
10647
8595
7207
1567
7028
10500
10099
5312
893
5101
9384
1239
2760
8091
6040
1478
6544
6345
6846
7999
2834
8307
10077
3498
6165
9854
8612
484
1952
6865
5814
9243
3078
10771
3449
2943
3485
1285
5510
4996
2727
9079
7836
3071
4652
4839
7282
10772
4110
190
6678
9457
1401
1383
11584
3382
370
7812
7962
6118
5119
4857
8503
153
7721
2708
3410
9070
4119
6389
9495
7746
6299
5941
9136
8100
10388
11733
10278
5624
6108
9640
8781
3246
1554
9258
5514
8601
513
4031
5640
9839
11185
683
10914
10774
27
8300
2773
5913
10646
4178
3651
2618
6536
11231
2175
4924
7603
10161
8467
6874
9595
10149
6318
9065
11556
11555
10680
8035
9560
7408
11149
3466
3125
2024
11799
9565
10062
4222
3519
3040
1680
8631
5815
2535
1998
8981
7782
4392
2459
11447
10743
5859
10613
4907
4229
7530
10982
6805
5721
7453
11716
1996
4939
306
3827
2742
5137
7426
10874
2313
555
9191
5955
8145
6720
4633
8928
181
10179
6896
8656
10754
9033
4339
2770
6527
7036
3364
10860
3691
2167
10545
10223
10115
8741
8511
5478
2310
9501
260
393
10496
9699
8962
2494
5220
11423
4518
6183
10176
1071
8736
2251
5049
6994
5821
8251
6002
2710
11178
792
4598
5409
3086
5380
2870
9979
10800
2832
4195
10842
5528
227
8209
1438
1287
7731
4336
8061
4097
4471
6936
6335
5883
10293
11834
5841
5949
9855
712
2446
4930
2715
4345
3814
2035
7454
10431
4272
4218
9919
4283
70
6806
6288
3060
2724
1971
4673
5984
159
7549
2778
8475
2700
10458
7568
10351
11751
1492
19
11909
9872
6525
4965
3680
5338
6830
2951
6489
9325
704
4410
5434
5659
4905
11090
4086
6667
11356
3069
4024
8819
8629
4401
8840
7333
10107
9821
9848
3305
9928
3314
8317
10459
4591
4383
1969
618
6103
3089
3445
8187
11554
8929
7845
150
11222
9025
766
8154
2022
5768
7873
964
7297
8001
2402
5272
10988
11923
5559
6795
9468
11459
1521
11157
440
6173
7918
2879
9142
9151
3188
4412
7857
119
4302
9160
10377
11411
9224
3688
497
5471
5839
2448
8687
9171
3894
5749
11130
3761
8039
495
5204
8678
7531
9294
6328
11715
11762
738
1305
3471
2994
8569
6704
9431
10429
5361
1230
5687
8701
8849
10851
9215
1349
10775
223
10727
854
10476
4375
11328
10024
8550
9738
5218
11501
11396
9098
4006
10739
8709
8081
5770
10203
7756
2635
10951
701
4940
367
10106
5960
690
8181
1217
1685
4727
5931
10440
4070
4966
8296
6032
3300
78
2088
6191
8957
8975
1244
830
1034
11693
2457
9118
6959
10924
10685
11873
1314
10909
2518
8565
10784
7326
574
9792
10572
8686
9798
7846
2410
10316
4443
10972
6306
2512
10350
5419
7416
5046
10401
24
559
8539
9692
900
9893
1621
3475
928
1818
3402
3835
3195
5964
10566
10467
1369
10901
10043
7865
8764
5525
11666
11476
2546
7004
10582
5122
6451
4353
3376
7732
4319
1035
8080
9709
6973
4419
434
4239
2814
3115
1780
8462
10450
11230
1653
2276
4488
8120
4722
3602
467
5346
1163
5066
9754
6607
3616
1565
10127
351
5967
1487
0
11634
2895
10016
11468
1046
10537
7013
204
1928
1564
8792
7606
4813
6796
9485
9430
1622
2509
1448
4776
6687
6443
3331
936
11403
404
10809
866
2115
10693
2548
8183
11620
7498
11004
3158
7787
7578
6424
1743
8404
2358
10918
6092
8872
6657
11465
6292
270
6613
474
3266
6774
6940
7668
5587
11143
8362
1171
10773
6370
7739
920
4484
10610
11007
9610
4256
672
3035
4988
5425
2781
10638
7009
4165
6788
2556
2508
11283
10883
1170
11782
5940
4411
6333
7910
5482
1748
8351
5213
5065
2162
5901
835
47
3313
4137
7488
2639
6037
5560
1980
1387
9918
10124
1927
8308
1376
10096
9028
6631
5825
7236
987
9415
6694
1708
4167
6975
6911
2517
8927
11258
11050
4851
10032
3769
7828
8657
1457
5047
8523
729
10691
1172
10266
5013
4052
8217
1924
6612
10556
11366
803
10529
1891
3422
11537
10730
10071
4463
6428
3435
11898
9690
4304
11896
4274
3211
11094
5861
11636
6100
9406
2663
5606
10531
3336
2332
10055
1919
748
7400
7278
3282
1477
4606
7963
11240
9007
4338
9132
3582
5694
2738
7892
339
8413
2412
7802
3044
4761
1195
4213
7740
5607
11081
4643
10451
663
9991
9358
5084
4103
8295
6848
7369
11814
2788
538
5445
6814
3584
9920
5398
11769
1420
180
5219
7183
727
7630
5293
4580
7971
5974
4732
4678
8268
1280
9890
4250
898
5517
10140
5849
6234
6553
7688
6452
11648
10240
2186
2646
8676
11036
9133
2931
8179
9026
11545
8219
8936
5541
9748
551
6982
8783
10485
10484
3777
6634
809
3804
7720
8700
5743
781
3889
5643
10194
8016
655
1853
3439
11628
3436
11783
2464
9866
3489
9988
3588
213
882
9997
7174
376
826
2239
8665
3696
2355
7058
7179
2864
6713
7327
4525
1730
6001
2679
8106
2369
5578
2168
7641
6793
5464
8773
1424
7000
4356
2981
4492
5632
4651
10519
3231
10199
3768
5848
2627
4616
8385
254
10801
2112
466
2359
6579
9793
1189
6455
10511
5087
117
1555
2647
5785
8012
9096
5877
2754
1527
3789
6949
8261
7237
10762
62
10447
11897
5689
8658
10925
8675
10655
5283
9343
8066
5028
6219
3565
6140
1010
10666
2733
126
1072
368
3845
9816
8055
5118
7110
3851
1973
11509
5617
6054
8002
4527
1808
1918
288
1725
10151
3888
5942
7100
10493
7666
10871
5669
6759
1214
8754
8930
5083
11617
3053
9342
10520
10683
1375
1807
2133
2683
8898
5744
3474
3647
3186
4184
11654
2157
801
6148
11698
10296
2261
155
4698
6614
11288
1728
8893
7867
3539
1806
8894
3256
5372
7643
10145
1899
8596
4902
8854
2440
4300
8057
10501
6588
3661
7755
6409
7571
5132
163
9451
4543
6291
11269
879
1627
3356
277
848
4569
5444
7470
6849
7490
7965
1428
8449
3161
605
3160
7413
433
9227
2842
11449
501
20
1941
10865
5348
8343
7008
2439
8945
593
6353
3989
7495
9038
4751
4551
8871
10297
8568
9613
7305
2644
915
369
2392
1844
7678
6471
7508
5950
9019
3579
6127
3948
11072
3159
3926
3968
9789
4943
4524
1123
9766
6235
3673
2827
4735
7764
7647
7658
10639
5975
5388
3309
7317
4679
3240
1494
3580
1699
4897
243
4952
4092
6315
2089
11134
11071
11601
3174
575
8208
4552
11346
1954
6921
4742
11293
7714
3633
1455
8908
11860
4040
5924
2320
2522
6945
5636
5105
4644
11108
7540
9888
11845
2888
11167
5300
5645
7899
3844
10676
5509
5294
11801
1556
7687
4589
9137
10302
3867
520
7784
9783
5677
6081
2967
2661
8943
11162
6171
4850
191
7809
10411
10286
10252
6211
2648
5417
7310
7018
2016
5136
5615
10494
5183
1667
10838
4015
5613
7404
8864
9173
8470
5481
5577
5928
10374
9825
7973
9605
8837
11862
6365
11144
7944
11259
8597
8639
4285
6652
9267
460
4933
7526
42
9494
7054
1829
214
1907
11105
279
2789
1757
4140
6075
11077
5865
4049
8567
2067
11033
2153
3404
2467
4429
8270
4731
10845
9128
2756
430
5379
11151
10595
2941
6702
8017
8794
5605
6383
5271
476
350
6230
3917
567
8237
2824
6371
3420
9749
8973
2976
5328
8602
7388
6220
5050
11706
8368
6623
9704
4537
1646
10631
7298
9385
10554
3528
5012
11890
1312
7875
11414
3494
3303
2697
321
8772
10221
8136
11177
7287
4869
10375
8692
9827
8540
6469
9520
8092
80
1838
5442
5487
4159
782
2391
10765
8827
81
196
989
4461
6481
11900
4641
5274
8263
7120
7954
8659
1789
863
9341
6632
110
7344
7319
8830
1037
8965
5948
8101
6577
9254
3068
1116
2094
4682
11131
3518
7612
2045
7512
1675
8325
195
7890
1870
8584
8695
5789
2728
7640
2008
6435
5868
1698
6067
11187
8457
4780
8917
9164
10836
6715
414
6004
8939
3269
2463
5374
767
11467
6967
8587
4949
6839
3373
205
3654
1833
9558
5490
5040
6991
3921
7102
8684
7244
9573
5662
3998
10827
1978
935
5181
8054
3597
667
4741
4842
4974
4470
7769
9163
1313
3267
5685
6540
8244
10565
1735
10233
4299
744
8354
10118
10725
991
4051
1009
6903
5986
6338
10672
6580
11087
11502
5805
8795
11922
11061
1558
4437
1406
5516
4831
7991
2152
10959
9537
6541
1563
622
3426
7314
9252
1108
1204
7040
8731
646
4959
9209
2826
5329
10919
4114
5788
8648
2033
128
7747
1694
772
7224
4636
5929
11440
5712
60
3809
7323
522
3130
8765
5796
1896
1601
3122
2572
4925
1737
1602
18
485
11869
6462
8072
10563
11170
2932
4867
6829
2945
11197
6838
233
6902
1231
1799
1114
6901
2212
2792
7981
1662
7090
2382
9465
6013
3859
8153
3105
6930
1707
3915
1252
2745
9429
11868
5463
5453
4753
11567
3799
10205
9529
296
6490
384
2657
7607
2612
8422
1412
9020
3275
4893
8170
2889
234
10428
4039
5240
3508
5717
11058
773
10608
9143
10928
7849
5802
4391
9528
4553
4418
6047
5734
6398
9727
5472
2468
10136
9776
5787
5563
4862
290
10437
5731
5670
3203
2455
11823
3843
3958
9794
7713
5364
5911
6111
519
5757
726
9303
10098
9240
1341
3048
207
7649
6082
8891
1088
1181
11347
4970
9152
9042
1539
1270
3744
3006
3365
10702
11275
9942
10701
10420
7705
11106
839
1657
11729
325
10091
4617
5777
7126
3931
1620
11439
11581
547
10378
10935
3787
2486
4519
10555
11855
1774
7296
9582
10343
5732
6038
2913
3242
10558
9105
8646
5401
379
2666
11863
5604
2602
3463
10405
6012
4967
736
2220
3120
2673
11481
2527
3276
6317
9308
6695
7422
225
8739
3795
7289
2305
1700
4074
7847
7062
6802
4498
3012
2702
4354
1124
7804
2419
5068
4848
8342
6931
6495
3412
8488
9389
5317
11503
10474
101
1206
8034
34
8379
2771
2274
11014
5506
1104
5231
3111
241
7863
2940
5622
7431
11679
10097
6696
10710
10311
3885
10617
1178
10505
8318
10926
7775
10807
1018
4777
8360
6427
9577
9638
4932
7885
10971
6381
6622
5416
5608
3322
1701
8088
9772
2904
5310
821
11565
4203
7425
1441
4399
9898
8703
3942
5402
2907
5852
7615
5100
2306
4655
11881
10514
11589
3858
3444
5058
3791
7351
2978
3301
36
3984
1540
6679
6155
5383
9965
10945
4156
1224
6414
10053
17
4131
3562
8232
9260
9331
6200
2825
10329
4894
10482
623
857
9909
11837
1645
1788
7931
5373
5344
3237
944
5010
911
5075
11248
11582
10190
10441
4941
10234
3710
1572
8669
4007
6515
1331
637
2059
2601
357
4709
11437
2630
9200
8178
1097
8802
2329
217
9134
1888
8954
971
4166
6508
1649
3259
763
10331
10080
1411
422
11574
6011
2500
10332
330
2052
4958
6750
8722
5408
8723
8835
5500
843
7891
10206
8926
3041
3817
6390
11607
9879
9619
11931
3134
7633
4196
7858
924
8862
645
2256
2844
5307
6585
5148
530
4645
10664
6784
4420
11296
1496
11357
524
3310
6977
2367
5074
11339
8694
8935
3853
1782
10050
1522
3755
1169
717
5696
2737
1302
5057
11333
5965
864
9035
4680
9900
5200
8748
8305
4608
10675
2403
7180
10051
10114
10673
1014
5902
8484
4922
2260
2122
10941
2753
11089
1887
1248
4565
5543
6514
5762
9432
10342
6450
2095
6363
6554
7245
10817
11274
9299
5301
4844
69
610
4904
9875
3427
1531
10728
10446
1019
8720
6856
5112
11175
9934
2027
1269
4057
6505
5284
11458
6506
396
9799
8089
387
675
9360
4830
4146
3133
8196
6738
2652
5024
7461
6486
8206
2629
1386
9755
11206
1798
2373
6939
9744
5767
7146
8749
7597
9538
5339
511
7109
3096
4425
7692
3178
1095
2729
11477
10403
5415
3484
4168
4349
10303
2023
37
9971
11409
5167
9208
5311
208
9802
11810
7737
3212
4570
4236
10217
1882
7704
3546
8479
8028
1619
11475
11760
11367
2324
6109
1334
3772
9253
4050
8983
558
8570
11450
1465
1883
872
1142
4610
8993
1061
9441
11720
4322
6929
3429
1671
9747
10455
1995
2297
10081
739
7685
9540
6955
2529
4149
11342
735
9011
8129
7777
7363
9891
9456
8846
11886
10719
7694
5879
7216
2341
5177
2537
5253
263
9153
10134
720
6705
6131
6815
7364
9091
9656
3552
789
10368
11286
4912
5813
5498
1276
3131
6356
1187
2980
10711
6748
1134
5191
11562
10306
7908
9099
271
5807
1987
3985
539
7719
224
4380
2762
4457
7396
5393
1298
7722
5069
10208
2779
11194
3024
280
7072
11742
179
8115
3296
7211
3292
4398
10943
6228
10213
3330
10348
2085
7265
8291
8000
3194
2566
8271
780
5263
6139
9412
8169
4249
9168
1781
7148
2780
2224
7452
2985
5159
10469
6560
3455
7153
3646
6516
6477
11743
11611
5392
178
6595
11673
1905
6244
2441
11031
4668
3026
10288
7076
7315
5023
6153
2594
7566
8144
7631
7504
1845
7228
4979
6407
10392
11707
143
2423
1240
7921
2096
8782
1854
11851
11681
11114
9078
9161
2432
7494
4654
3743
9008
8485
5497
11310
7476
4267
2491
9807
942
7261
5995
7063
6824
8109
4823
11378
8543
154
883
1339
10298
1495
2431
505
5357
4508
10046
7308
10612
1610
11788
11718
11394
3142
8844
2887
8442
5103
4853
11535
4158
8406
9989
11052
366
2187
2607
5771
11009
2340
4481
2719
11861
3959
45
10088
1340
10789
7966
3832
307
9272
3392
10980
601
6644
2051
2699
3664
8369
1036
9828
2783
7778
4600
5932
7939
9713
252
9547
5652
9622
9280
11257
2878
2495
4786
1802
6894
226
2726
934
11189
9569
459
8044
11796
9259
9395
1549
4005
7290
11585
3751
11850
9555
7220
10064
3638
8594
3554
870
8574
8082
61
11538
10815
8309
3589
6110
8315
11430
10010
1846
7903
9448
1836
6680
9620
6918
9420
1032
7517
9712
3805
10376
5569
9871
11358
11709
5051
1186
7198
10604
10763
7398
9001
2106
2914
8063
6983
2969
629
6876
1981
10825
9730
9045
8098
7616
2906
6990
9969
189
5230
4544
9953
1744
6252
3467
11319
1207
7927
3971
7246
6635
3629
1819
4382
6113
4817
1122
10196
4637
10640
3724
4804
109
3741
5816
11635
10045
2979
7161
2944
7371
5697
235
8359
4706
3507
2221
10449
9954
6319
7679
10285
7650
2716
1909
4767
5424
10872
10546
7479
10385
1044
7309
2195
7444
7362
3179
2108
1152
4628
2563
1979
7768
7757
10315
800
7355
10250
1511
5155
11062
5976
11557
9524
5210
8124
6417
3708
4483
10944
1333
2287
3698
8459
35
8205
3295
11304
4564
7251
9745
1332
2917
6352
9829
8497
8432
4390
9810
1483
8727
9791
897
4573
10177
3049
6792
4202
2580
6085
6517
1945
4344
11103
10512
11364
9647
2409
10620
6482
846
4520
7164
956
9592
3863
4499
710
7696
6992
6714
2466
11261
9188
10423
3925
762
10087
4744
600
9721
4258
8486
4247
2436
7055
6689
4803
4160
1322
4295
6280
10621
6041
11123
4913
5994
6594
9297
2036
10404
6019
3175
1303
6076
5123
4840
6030
4121
577
2936
4120
2599
9262
2942
9668
5249
4059
10955
10393
8138
730
8097
1469
6831
7206
1180
1770
10198
2862
10082
7011
3166
2988
3103
9052
2620
6238
9539
3472
2275
11824
1901
10073
960
6049
9609
4561
10001
2816
602
5255
7227
10330
2877
6048
1388
11688
10581
4618
8865
5256
7642
2530
7373
3030
9574
2176
537
4094
1834
3394
106
4533
4601
6337
6617
8336
1518
375
2333
4834
3482
4534
3818
9729
10321
6408
8397
5589
3669
8259
3221
2368
6
3908
990
929
3620
8774
6273
654
3464
7695
8963
2873
494
8190
9667
6167
10054
10600
9073
4084
4373
7130
7481
3033
7953
6182
332
7057
8804
5595
8790
647
8628
5254
2058
11018
528
7728
11808
8551
3210
6886
3987
5766
431
4030
2513
5951
6137
5094
1811
2031
9488
8425
3823
6129
2526
8280
8011
3912
632
1190
4642
10656
9836
785
7553
4799
6293
9286
124
11932
2611
5366
8117
10694
4033
11445
4041
1577
7434
3976
9295
10829
6524
4212
6166
5723
3903
3728
8974
3039
4193
10070
3735
11341
9514
5885
10365
2584
2681
7839
11852
3107
8224
5735
1414
7280
8171
3592
8534
4646
10168
10998
6309
3219
1268
9082
9700
11216
11035
1154
10340
6254
816
5184
2805
7946
6216
11652
1532
871
9856
46
304
10006
6686
1261
9857
55
6138
6733
7467
6868
385
2582
659
2751
1604
3881
9764
3916
4093
4623
7215
11161
4779
11139
7182
9938
10008
828
4957
6180
4078
829
2790
5110
8210
5264
9330
10933
9808
10861
9054
8324
11787
5561
11124
4708
568
6608
10241
4535
136
8235
9943
820
6392
9775
2882
756
569
11882
988
3717
7162
3778
10863
10665
4248
9631
9655
4911
5724
10188
2077
9502
9144
628
1716
8892
2113
4083
11539
8998
11373
3500
1720
3734
11285
11933
5111
1505
6957
11736
827
6121
1233
9629
278
10025
8056
313
1879
4770
9162
6283
5930
3535
6119
3601
2202
2284
7506
2319
8902
8102
9146
5977
4824
1251
5698
324
6965
6659
9762
7567
11764
1790
4246
2135
11661
2125
8848
8125
10645
5371
2609
9268
1437
4581
5676
8493
5032
6621
7832
3004
7027
5519
2664
3625
4895
11603
9693
8882
8674
5114
11350
3907
52
1447
3780
5631
6246
4733
6948
4205
8655
3822
1208
11590
4625
362
2485
8918
3286
7409
6207
8444
395
8556
8728
8018
8831
6578
2348
4951
7665
695
6031
802
5958
8821
609
3521
4605
11140
11490
9467
3816
3462
8477
10028
9639
7209
10294
4583
3570
10892
1473
5091
2490
10622
11625
3534
7670
4763
7352
5165
2454
3745
9583
7480
4435
8214
9315
10891
9380
9097
1415
6769
974
674
9245
5229
10960
7813
416
11816
1861
5822
6064
11756
2958
10397
9124
7380
6218
429
2545
7391
4491
3904
7147
315
3088
7030
4362
10852
9034
6094
2178
11211
10
4293
6237
11063
11690
9214
5247
9074
1096
4843
10185
448
1135
11895
3960
3102
4124
2420
566
10248
10897
6803
2438
3113
137
9675
7165
7020
6122
7765
7172
2819
4578
10752
6909
5681
8883
8199
692
9180
1205
947
6841
6355
8793
10307
9276
6018
9694
4950
9515
8776
4016
97
2871
8514
8198
8003
8839
4266
998
4150
10170
3869
2160
5399
11708
4330
7121
3366
9072
4875
6893
10853
1352
10251
6284
9902
6801
4736
2269
3870
2474
7119
4012
8991
11022
4914
11448
7107
10667
2076
3556
5985
9870
2868
10395
11431
5330
2850
9344
11575
3321
9728
4807
10735
10990
8254
658
10105
1856
11121
5966
10798
1475
3025
711
10125
6336
2090
834
3707
4745
5641
7657
3260
1991
6302
1258
11629
5895
502
100
5650
1583
11112
9593
231
5228
11735
2054
2836
6095
8586
1384
9119
8025
9169
3679
10819
9978
3637
6552
5042
10878
6027
6126
398
901
10899
10061
5185
5983
8746
8820
2018
4032
1997
5956
8439
4887
7760
6639
9322
9349
7189
693
6884
7796
1937
11301
2258
7552
6316
2418
9493
7197
1358
4021
5211
222
3842
7021
2328
4609
8847
1889
11563
9685
1635
11188
907
6198
5706
2860
3440
3022
2025
9423
3430
1307
681
6873
1279
8721
5156
5285
4725
11583
5172
8799
1360
5893
3824
9413
11864
3642
4798
11233
10069
11792
3183
4372
10132
8966
7225
3752
1440
1955
8306
6778
5779
2841
2573
2231
6729
2626
4186
1223
4113
1738
11464
9199
9114
8533
7253
322
3510
8729
8160
10906
11148
6074
1736
5730
1826
7791
5912
6073
6603
1816
11385
1890
799
5014
7611
955
556
10586
2863
3545
29
9773
6731
7514
6479
10019
3854
3490
3492
9533
5480
5758
7587
8921
7848
11214
7544
6192
2041
8593
6559
6675
4275
5391
8332
817
11472
2843
1820
424
4760
11924
11619
5982
1016
11446
9736
1586
8435
8759
6245
4715
11234
276
5465
8767
348
2007
5352
7137
7435
10635
952
4797
6895
11592
4669
10834
10896
10186
9232
4011
1267
11095
3003
11491
9566
10927
8856
3672
8620
7868
1082
11276
7622
3473
5168
1126
6499
10890
9722
11179
6958
2725
9449
8890
5534
2126
2079
9917
7252
9522
5064
8093
65
9955
5491
7911
4734
7459
11663
11608
4312
6072
6707
3525
10495
4067
9861
3345
9908
1054
9461
298
6534
7226
478
5523
1395
1050
7957
406
10737
5633
11116
1862
1746
2935
1681
3196
26
9681
4884
6604
4790
9952
3706
6974
5407
9556
6779
3151
6833
2270
11125
2098
10611
2670
3943
458
10253
402
6857
10835
5109
2171
11249
11168
11774
8461
2042
5892
3940
9206
685
9190
961
6444
3311
8507
9117
5760
9780
10536
11826
3386
11645
3106
9790
4020
3016
7486
6441
4122
9125
3727
3924
8757
9108
4526
10466
1933
5001
5686
4920
11817
10079
6956
3593
8084
5920
4759
4670
7332
6325
4455
1062
6253
377
2922
9110
4318
6387
4806
11365
4808
7984
1286
5433
9576
3268
6927
6464
8515
3573
1221
8403
10663
5780
8126
10366
3652
9496
6201
4750
6135
9150
3876
11404
2492
2206
3359
4489
746
8142
7292
2294
9924
4282
10618
1330
10541
5532
3860
582
6112
10793
10779
3143
10681
5221
6937
7325
6401
2846
4177
5337
5938
8423
953
3849
294
9027
6346
4816
2952
5454
7525
1745
6642
9317
9853
3152
1107
5939
1871
9801
1459
4961
4509
2078
8215
9758
8961
6751
10468
2427
847
978
4281
286
8241
3952
8398
5474
4385
3790
7859
7589
4812
4444
269
7558
10338
5217
6711
3656
2360
7667
4308
6851
5186
5266
7576
11872
3132
937
6509
5321
2891
7283
8585
10249
1439
8191
1541
2519
10394
11800
4265
4536
9123
11598
3923
7629
11483
4141
10792
1370
3050
5573
11917
1546
7144
6650
2600
9864
8110
11870
8052
11171
10574
4077
9376
10603
11169
9972
10224
4716
6767
4230
1874
1825
5276
2130
4992
7548
8989
7418
657
3187
4697
7064
8370
8557
316
4210
5616
267
9458
9351
5856
6859
5570
4677
4705
11220
10521
3457
5562
3598
8916
2166
11040
7143
8548
4364
2547
6057
1027
10674
8207
8997
3013
4428
11725
5759
2625
206
1512
9278
5776
8547
7831
10334
10917
4155
3265
9548
10144
10734
8946
441
7163
2257
8947
4237
6648
1721
2070
7378
586
5163
969
10932
5227
9377
7758
855
6498
4632
7569
2567
2293
5806
3257
4923
7441
9083
4340
6298
5343
11853
5354
4176
9990
2315
6523
7684
3087
11267
9837
114
10509
1783
3123
10630
3961
1801
1513
8633
6310
9263
2053
10284
1365
10684
3754
5021
8021
9460
8340
8911
5093
7800
9602
10387
11761
4686
9874
74
6743
5138
2225
8719
7604
10133
2576
7129
6423
4688
4986
9397
6102
3476
4794
108
9962
5867
5703
9107
875
4056
5527
53
7118
8899
5838
6900
10269
1509
1962
465
8071
5875
4311
7108
9666
6703
2238
2823
3692
6145
6837
7632
7837
2314
7767
4245
8605
11546
6670
6369
5993
1089
5316
1754
10987
2301
5438
8162
6344
10881
11270
2853
2736
5668
7559
584
7652
9915
10068
6380
3241
5456
1099
11223
10781
861
5581
3005
10707
3098
3671
7801
5508
4681
1017
7405
10843
8712
8453
722
11683
6190
2214
9387
10799
1764
8972
677
11456
8622
1323
4417
1423
209
11727
152
11521
8164
2591
25
7821
7814
5451
6378
6445
1959
3975
10325
4133
699
4849
11313
7218
2869
10658
1293
973
8611
8367
8297
2177
7368
11571
1357
7
9388
1765
11402
5811
3491
11422
11115
10720
10063
2908
9596
4740
4292
1756
1008
9983
6434
144
9684
9691
11400
1550
7414
5384
9718
6923
10060
7586
9844
6625
8451
9927
3399
11455
6406
1001
3354
7729
3773
1087
5461
6741
2934
9506
7920
1259
3328
10744
6914
9044
4587
5462
10593
7417
3157
7073
2081
5410
2711
1934
7516
1591
3600
2203
1149
7155
10806
1709
10573
3385
1869
4034
5501
8909
7926
2915
9145
5748
8381
10718
10181
1510
7094
11899
9009
4038
8691
2909
4164
1545
11410
9116
1249
7805
6311
776
2005
5591
9217
10757
7994
979
9222
5473
268
1916
11150
11085
7902
7202
3058
8750
11887
946
7595
2422
9367
2503
10007
4138
853
7766
11906
412
783
5038
1025
10726
389
3970
755
2621
3877
5104
8062
700
9290
5455
7288
5319
1053
38
54
5910
9187
10442
177
2142
2099
6056
6343
5830
6217
5258
10275
461
9159
11315
2539
7733
11305
7515
6099
5356
8434
503
11918
9663
1727
3446
6189
3590
5870
6130
10788
10072
5627
2971
2933
8441
8245
5037
1847
1024
343
2986
9000
11492
5644
7111
5092
4861
198
4695
2252
2374
10703
10448
2304
11904
10907
5076
10262
1161
3705
7577
135
11099
7156
1485
9504
388
3643
5140
8287
9170
6128
7730
2589
9172
11841
340
10873
884
8146
9512
5031
2393
3448
8386
9051
11355
3997
10180
3939
5381
7468
10314
5842
10991
6641
7701
1613
7345
8558
9929
3660
352
10379
3383
1225
3201
7975
10862
1666
7145
9531
5086
1530
8430
7263
341
1647
261
2311
9970
9826
8344
11504
4574
4436
295
6777
10979
11032
8070
1442
8353
10359
7724
7741
1402
5733
11213
3526
2504
11527
5033
7135
7539
5245
2000
10986
2204
6760
11473
9476
5660
1528
8377
2800
3447
7085
2925
10460
7026
10523
9763
1631
1648
4778
11016
5769
1351
9664
8766
9047
33
8577
9782
6437
8083
5596
10370
7904
10239
2349
983
4493
1999
5308
11221
8197
3831
3320
3248
656
2413
11878
2259
6229
342
2815
7092
2598
3779
10738
7956
9676
7579
4185
6964
8575
7270
2583
4985
2752
1098
10159
415
2744
8326
1519
5923
3408
3746
11088
627
11024
2430
331
1773
8053
11198
8737
1639
5832
9362
9182
888
8903
1321
8396
4313
1069
7116
7316
3062
4903
3718
613
9645
2338
1837
3355
10259
4752
9285
3077
909
7819
4691
5102
3886
1734
6360
5436
3347
5572
8452
90
2104
1079
3251
2151
11591
4047
8277
3340
3941
650
6005
9037
7031
1288
11474
2144
8234
1158
9316
11225
6813
7389
6677
333
10548
2302
8450
2861
7967
6820
10465
1880
1393
9024
10802
2592
8388
11078
8756
10036
5496
10323
8934
3544
9996
8495
7497
7937
2665
9568
5131
8900
3411
6669
5507
4619
7442
3771
1433
694
4389
4771
11495
1683
1403
8407
1501
7173
10384
4284
10846
10585
1863
10042
4255
721
6162
11375
1051
7894
4615
4381
2886
3833
665
1304
9818
892
4560
4563
3349
6009
1584
10059
11846
8531
3284
7254
2
3095
3689
6418
11224
11153
11888
7260
3935
6649
8264
349
6860
10005
11312
447
6063
11717
11609
11889
9470
6045
8702
4916
2198
4528
565
514
10952
5327
9746
6885
4464
2828
2429
7336
9063
475
403
7773
6640
7354
2185
9478
1450
285
11781
5894
9739
10880
5443
10567
5078
2331
7262
3653
11772
10475
7532
5642
10214
981
9911
1503
6084
2897
413
10818
2143
9946
11340
4479
8632
3205
10700
6941
8952
11229
8262
11351
2949
9702
11006
2150
7922
5120
6922
812
10783
3327
8714
4065
3229
11905
1243
8233
9497
8763
11152
4421
2987
8530
7693
4335
232
10361
2445
9271
521
6227
6535
439
2283
2872
1063
11369
6776
3980
7255
1872
10023
1603
9394
9654
11184
10433
917
7395
3285
2746
5699
3215
11564
9892
1359
9249
4042
4796
6761
5649
10549
8552
8953
394
10856
2575
3341
639
7469
2970
4726
2692
6828
5318
8298
4590
5022
11745
9109
2323
1936
4462
2015
10869
8350
3202
5896
676
1007
11311
3348
6758
8641
8516
3950
3566
6473
8566
3403
11025
11499
6568
11466
9726
5365
6747
7117
2574
7929
287
361
10402
71
11051
6266
240
2385
4452
3895
5164
3358
3619
6966
11382
2040
668
4687
3503
7838
1762
9403
6590
764
4453
1070
11212
5174
7279
5536
8108
6300
8561
1458
2124
9852
3247
5707
3852
7299
10412
7184
5292
10243
8615
6981
11828
5190
6822
146
6149
4384
10419
4023
10197
3104
1266
10898
9530
7793
7634
2755
9623
5618
9179
9434
7623
6840
3357
11
5029
1961
7399
5874
631
1324
4060
5073
6243
142
8768
3059
8504
1491
6724
2086
825
4264
4607
5679
10222
713
5586
6036
6598
7157
7044
1361
242
3561
2645
6504
6247
2267
4320
5257
1106
11242
2899
8529
7460
9935
2698
5235
5897
3733
9944
1127
9433
6463
1568
1060
7803
4876
6090
9964
2351
753
5704
2997
11747
7083
5579
954
11438
4329
8471
9046
161
5003
4635
1674
8223
1140
8009
10268
1294
2223
11338
7472
1125
11908
8738
11277
6950
1289
7580
6721
1719
1368
10413
9402
6361
125
4132
9204
6410
6181
9269
11186
1006
5096
2049
10018
1852
11806
8099
4301
11734
2798
6570
6425
3274
2350
7785
3140
9505
8541
2554
2194
9767
1429
5011
6626
5262
6995
92
4545
10782
3575
11913
6892
3384
3951
10970
7874
11655
2564
3890
3815
8777
1968
4310
9835
5145
3501
6301
8349
4366
5987
9333
7210
3230
5795
10905
6624
8253
6542
3906
11493
91
6653
11618
6882
3250
1068
902
7639
5876
3529
334
889
4969
7089
8458
1910
2458
4002
9960
11122
925
9307
1611
7570
7557
11914
5238
5375
7101
2072
9916
3319
8810
2797
11294
1960
5397
4699
197
7307
3214
8522
7638
4085
1608
7522
8858
2475
9600
3681
11763
3806
11621
7648
3042
10169
8372
856
11295
10717
9863
1990
2068
188
3007
6500
1637
11638
4200
6029
3339
8619
5518
3537
3663
3193
5797
7407
4465
5753
3032
3381
2378
11360
5564
6905
11413
3683
2924
11176
1538
8079
4303
6059
6643
9584
7046
3530
7543
11627
3304
2061
4835
11510
82
4871
9334
10510
9899
2346
3986
2484
10833
11314
10637
3139
2063
4473
7099
6785
9422
89
8740
11023
7872
8784
5129
7917
10341
2896
9541
7983
2743
916
7462
5236
10682
11044
4448
4291
4263
8650
1315
7337
3701
1574
5678
1159
7542
11755
10889
7496
3206
771
2656
164
9492
2285
9618
11576
11737
7854
6518
7463
2234
2818
8466
2616
2278
9523
7081
1045
9425
1665
9765
3898
8948
1213
6867
7346
4317
11485
7935
5752
3367
6419
1537
4105
6850
3067
4363
10477
1573
11160
837
11251
573
11859
11819
7533
5019
2189
7866
1809
10406
740
2342
1396
7390
9628
4112
11463
10320
7235
4416
2689
2250
6740
1160
7136
8020
595
10421
754
4915
323
8390
9
2114
259
7938
1284
4371
1296
10473
819
3962
6910
5004
9017
1277
4220
7103
10492
344
134
1430
6120
10828
4714
1260
3553
10847
1536
6021
5199
11418
9306
11069
7783
6046
11825
3627
10167
5166
596
2159
4139
5176
7291
3709
604
7710
1932
10649
3714
3085
3697
7139
452
10997
8414
7406
11303
5869
4662
1595
2357
253
11278
6513
1232
4013
4592
6374
11612
116
7387
11135
3797
2926
9281
4169
1644
2693
11531
649
1693
8250
11395
5829
8252
9614
7247
8813
8829
1329
5555
2890
3782
6491
9621
1793
6172
11279
6014
1710
4516
3836
6147
6912
3994
7985
5651
10502
7989
5363
5146
2511
4582
3993
2593
4718
5212
11807
1926
5505
4870
6526
10100
5302
6847
10962
11744
1950
8412
172
5400
4868
2428
3249
7656
2499
11096
11508
449
411
5289
96
3293
3662
2211
4240
8255
1041
5886
1242
10584
2347
3719
2279
7706
4068
1944
11205
542
2121
4327
1474
8380
5127
11843
2528
3150
1222
7855
2196
1523
906
8151
9235
5905
9324
10242
3798
6522
4374
8111
3995
4781
550
8826
5946
11054
3204
1394
3607
11133
8313
7449
4192
10968
7003
7877
9483
10923
7513
3483
6730
3400
1188
3329
793
719
10358
3634
2339
2833
7451
1925
1338
8520
8361
4004
5933
3563
2400
7171
10576
11391
11770
11482
6470
7605
11637
5834
9393
3527
8513
9352
3932
8668
10041
10289
6913
1824
5824
4221
314
10954
2216
3655
11086
9369
6812
10116
9803
2375
8613
3742
3453
5708
3169
3185
10953
187
8809
4439
591
1199
5290
4447
8549
7001
8624
5362
10995
1617
5695
2395
11529
11202
5847
2643
5237
9250
4860
758
7562
9447
1717
3372
7811
1145
4976
9945
9450
4978
6329
2817
2366
2197
6426
1594
6954
3879
4785
405
7318
2628
9933
4515
557
8693
11835
9630
5551
5489
8614
9442
5055
10090
3080
2170
8027
5582
7324
11374
5778
7170
11158
4346
9279
1026
10527
5784
1150
6976
10708
9906
4394
1711
236
10033
9069
7585
1136
9910
11457
1410
997
11321
9703
9987
2205
3512
7697
10171
5571
7199
943
9657
1600
5726
10530
11626
11526
488
11842
10187
8863
10277
5804
4886
11241
6920
10820
5202
303
3536
2158
11419
6561
9487
169
9236
6400
8246
4227
8576
4898
7624
3753
11916
9711
3374
5742
8512
8758
215
1923
6864
8677
3665
5139
8288
11166
3409
3008
8358
3967
8469
4095
118
1772
5978
10864
6572
8327
8468
4707
1628
6334
262
1132
6507
8970
11393
11486
2707
3725
