8037
4358
415
2446
1635
11563
10864
7783
6370
3059
1568
11621
1014
5767
5739
8108
2491
4895
7389
10609
5021
6569
10055
5849
7398
6653
965
7262
6184
5831
6950
5201
10880
11554
9628
1910
3543
6765
8340
10986
8646
5598
11306
4906
7656
7642
8092
1716
9861
3427
7992
7560
8673
1323
1405
3777
7721
3157
11276
10617
182
10205
9115
4013
2187
5455
7380
6714
7030
1304
10105
7963
216
2800
8448
7359
4554
5492
7706
9305
4150
6163
7091
3346
1223
11233
6840
5766
6002
8323
8975
10402
420
3591
6552
5840
7579
5364
2017
5074
1872
5946
4121
6363
8407
2663
3095
7083
8558
11555
1591
3381
828
9154
693
3284
3669
5235
7423
2458
8111
6210
11446
6893
5285
3086
6766
2933
10118
7454
180
8003
8044
6585
11492
35
10010
3287
6028
10467
232
7895
9874
1270
3746
5888
3863
10367
3584
5114
8812
8642
2826
3187
8718
3269
11879
5069
10342
11419
6910
7620
5316
11873
6626
9803
8171
2202
6750
8783
4563
925
7648
3908
3141
7967
4138
7189
4761
9083
947
9325
4967
4951
7589
9226
628
9807
4652
6876
2769
9169
4452
8277
2706
11662
263
2862
2094
2591
10833
8034
2952
2878
2401
11653
4871
9573
900
7280
7369
5699
6568
10820
6171
8029
10286
11198
593
7013
6523
9316
10981
2720
8641
8351
2162
1365
7503
5338
4060
2708
2583
2904
11517
11540
3764
622
10674
1356
5273
11320
2134
9846
11022
4075
5373
9827
2699
685
5336
4331
10764
8900
8009
9281
1835
1059
7246
7373
6806
10692
308
4516
9144
2979
10035
4614
8594
5496
7858
10773
7496
11258
5986
2499
9289
6847
11656
11715
7425
1869
2989
8142
5726
7157
1520
3197
7684
9387
11593
7207
9136
1259
7242
11666
1842
9764
10278
10504
10360
2681
764
200
1684
2355
683
2072
1413
1298
7530
7670
11859
7526
1501
2464
7632
5914
8965
4465
3329
10258
10591
9622
6957
3798
937
6119
2440
11724
385
5725
486
10041
10563
10969
1374
11097
11211
11376
1883
54
6463
4015
6189
8378
6599
9251
2756
9370
11018
2429
9636
5096
11212
10829
6562
5903
9353
830
5006
1919
5516
1133
8200
11265
10330
2835
3402
1744
3138
6874
3266
4382
6517
2366
2726
7067
3681
4047
2621
4508
10568
9208
11411
816
2161
7256
8335
7018
1950
8927
3600
5031
10900
11373
7758
3374
9128
6392
456
6220
8775
7903
3925
11620
4573
9836
7507
5910
2131
5424
9441
8296
6104
1986
6768
7629
1780
2896
3116
5120
8282
424
11927
7571
988
1144
9380
11481
4444
3484
10584
3193
933
9424
1523
11116
242
7148
612
1997
1968
2779
10889
10321
9531
3367
2350
6648
857
3492
4607
4929
2980
9054
6914
6058
5415
8738
6581
7981
10464
6365
11324
11096
4816
1019
8801
1878
3400
11581
5320
6102
4321
8045
11171
1592
10997
10124
6299
10835
9522
623
960
11727
3363
3626
9326
6896
1312
1342
9772
3004
11430
5084
9204
6328
9919
2576
279
5789
7400
6712
557
8971
3465
5015
6632
63
7972
2888
596
7206
10730
10564
692
10599
6873
315
10465
3078
3357
8792
4498
1351
2294
7486
4506
3320
9285
11024
9296
245
1033
4050
2158
6892
4570
1537
5860
6698
9988
9371
3132
1627
9893
11132
258
1890
4840
8064
4786
7
3104
11827
9430
574
11113
7153
9748
432
3781
9047
9690
3071
8928
10388
6992
9829
5924
2105
1071
2963
6292
5294
10970
8403
7802
11652
3413
6668
3318
10231
1942
11124
9277
11134
8701
440
159
6289
6319
37
2124
3565
2365
384
8894
972
488
233
9225
9702
7334
7260
9404
2476
6968
10646
10936
10320
9582
1547
10451
7874
11175
11302
1692
7163
10006
1582
5616
6315
5281
449
575
8615
9871
11409
7336
451
5113
11286
2180
2841
8007
1934
4182
8612
4002
9484
7956
556
7404
983
10215
11023
6140
2040
4905
6
1693
7937
2842
3185
6794
4232
5985
5822
10009
916
737
1338
5388
10838
4636
6373
9821
244
5695
9640
8300
6355
4425
1558
11905
6156
162
9692
11484
3700
1
3016
10280
8622
3556
6936
541
2854
11764
9423
10442
8021
10069
6891
8129
2944
4319
8189
3294
1061
2762
3889
7562
2539
5253
8640
11160
1096
8552
6509
11278
6740
4868
9852
978
7101
4293
8863
1772
10352
2204
1585
6256
8946
11535
9947
10557
10044
10271
5193
8838
3204
8066
684
4768
2778
8982
11359
433
3305
10719
4428
762
7490
4051
1118
7047
3158
3057
7927
9376
566
1216
11709
196
8313
8917
5487
5148
5019
6598
452
8081
5518
7182
3429
2472
1892
5001
5085
7245
4545
11331
10306
5344
11509
7111
676
9674
7660
9746
1330
3466
4591
3795
4619
7386
10702
521
519
4200
2711
5067
11702
708
1267
11229
8297
10350
4798
10152
10827
9902
10036
7002
6558
5024
10378
10063
6344
10573
11103
236
1115
6253
10879
902
6146
7165
1504
7415
6724
6532
2634
5605
4581
4030
9313
8723
9447
5284
10186
7668
943
2178
11303
461
11841
8110
7108
11049
9394
6990
7639
3230
9682
7634
9530
8889
802
8515
2495
10898
115
11230
2196
11699
5928
4734
4409
1221
6239
10700
7928
5499
512
6785
2225
5011
3799
1214
1244
5102
2859
3175
672
10973
5894
9754
10995
2742
5847
8920
9163
5163
9551
5500
2607
5633
3159
2448
883
6883
9045
1720
8999
6958
7787
9611
7921
4862
1410
5239
9673
11698
4551
9719
4537
10232
11428
9790
9586
3763
5662
10413
10950
1158
5615
9240
7849
9566
5416
5677
10234
2844
10403
10167
6148
3030
9065
637
1683
5904
8480
1468
8566
1163
492
7549
981
5932
3079
10550
6324
546
10000
8847
5852
7054
9791
1855
2215
5694
8516
3278
4156
7712
10673
3941
8505
3140
3818
3250
11720
10843
9964
7100
8106
8686
7523
4664
3224
10845
1349
4564
7931
9223
2581
10611
4923
8155
6112
2310
10683
10160
1531
6540
53
1451
8255
6065
4525
8660
3237
8457
5311
6995
6353
6263
2234
3634
2815
10437
6046
6147
9780
9152
4779
9540
70
9359
7261
10752
6172
8397
4286
5553
2368
2213
8764
2004
10027
5582
8475
555
10394
3403
6676
6792
3437
3390
4250
7885
4552
5614
6478
6832
10500
11099
2575
9538
5992
340
2900
6012
1494
2764
9591
7504
11456
7508
7777
5212
10887
6139
5911
1512
3951
991
1396
7913
5519
1799
3582
8440
10655
6173
10244
5879
5383
1622
299
1329
10766
1190
1510
4740
2995
1719
475
10275
3422
8700
8156
4227
2152
2593
243
10385
10325
3500
3628
8835
9703
5202
2960
1459
110
7229
9978
4223
8055
10825
4203
1932
756
4106
11285
5978
9699
10098
9024
11177
4634
4651
9384
1023
9654
1602
2905
1748
5140
5858
350
5884
277
11843
9503
7274
9857
1154
4155
5118
899
10324
5363
10810
8668
9808
6660
10530
11310
1734
6401
5613
9916
5668
6461
954
1657
11414
5111
141
6895
3904
6531
6860
5474
10872
11746
3987
5060
8577
4959
5092
2753
2098
5743
11152
6337
821
9141
5375
4254
2256
2159
6031
890
8844
539
10387
5123
3241
7616
9998
10163
3969
8219
11131
7306
2772
5382
3328
9051
4813
3773
8709
9666
1269
8214
6851
1970
2895
8169
6991
9150
7154
2482
9882
10519
9838
11851
2554
11287
9124
4814
2395
659
5527
2655
6595
9487
1959
5600
1969
11476
7957
8496
3411
11914
9011
11753
1572
5181
2185
9700
5254
1709
4519
5280
5101
8981
215
8882
468
5435
5811
9738
4004
5645
7328
128
11393
2600
8018
2485
5354
4763
5452
6399
8666
7370
1765
10770
5497
6824
5532
197
6130
2611
2931
7989
4338
10693
11367
7235
8027
8970
4157
7863
9396
9529
5732
6748
7216
3232
11026
1311
4690
10334
9350
5419
6572
5635
4950
1798
5267
3221
1856
7974
4553
9792
9774
946
226
11708
9781
1046
9641
10645
3800
2814
6613
757
10672
740
10991
1774
3202
11143
9433
848
2501
3464
8737
2603
4880
2529
154
2331
6901
1946
702
3566
10826
11455
11796
6633
3978
2717
8223
9098
8648
11602
9269
11319
1433
11224
6882
3984
3412
11185
5103
10620
10172
2886
10665
559
7686
5326
3834
4384
11294
852
8280
577
10187
11312
8318
62
4284
1431
11932
964
11089
8072
5346
9386
1665
5005
10775
4077
3701
5869
1224
10996
8305
875
3807
6588
3841
3257
7643
11315
2319
11107
9297
10313
11500
10698
5308
8593
10033
8685
8191
700
2207
393
5678
3778
9847
1485
9188
10159
4186
7247
3075
9079
910
9711
5947
5318
11355
11906
4511
439
9026
1611
10150
10510
6733
7489
7463
4294
792
5357
3174
2374
3924
9216
11377
10375
4718
6504
3988
2404
9456
7918
10954
3151
416
3958
9818
1730
11333
6120
9110
1458
6864
3355
272
2837
10630
10594
9469
11025
4218
11450
11546
9873
469
11447
5091
3124
538
3572
7534
10397
9802
3455
9576
10586
2934
2393
1847
5821
3179
4650
5372
5968
1388
9106
3394
6398
2382
514
8116
8939
4058
8772
8637
810
4276
5328
8664
11231
3147
11207
7227
6318
9929
10414
10791
6838
4507
4438
9200
5226
2337
11926
846
6361
819
2868
7894
7450
10225
893
7778
3024
7255
4246
11232
5199
9515
5824
11351
4546
8423
3759
2648
1834
1379
4273
10909
1496
9980
6932
3008
9937
4187
10475
9709
5833
6372
5393
7652
9953
7630
1438
10865
3005
26
2351
10914
8430
9018
11044
6713
3867
1711
772
5228
5456
11311
4435
8542
611
4122
901
6460
5164
2563
3916
7746
9798
2188
371
1486
6731
2519
3589
2679
7352
6454
4097
82
3184
5785
3222
422
2932
8984
9863
9521
10640
1630
3462
11671
10240
3879
1718
10239
2078
5689
4070
1260
5733
2086
5429
476
1887
4745
4949
11828
5130
6757
5802
414
1127
359
1851
3098
5526
6625
3678
8585
5150
4113
3579
8192
7200
7804
10043
5093
10045
4808
3710
6796
6725
564
1423
8817
10091
11690
2035
7739
8602
7607
3723
208
8871
2031
10703
10329
11466
5829
8989
4290
8592
4229
9659
2170
3447
3031
294
1205
10267
9657
5037
8246
5533
3420
10874
1475
6580
11077
3852
4463
2006
6048
11788
6544
6837
2702
7747
5355
5186
8606
861
6804
7675
11247
970
9142
9810
9801
2565
8020
2198
1419
403
3331
394
2301
2328
4137
5807
649
4912
6352
2981
6176
7980
952
8381
11007
10613
6301
3248
11806
8278
4355
5407
4012
695
9668
1439
7219
7625
9206
5528
2107
1874
3321
4571
4960
6543
4916
10847
11805
2454
8120
8754
7704
9820
7469
8649
11413
6023
897
1881
10088
281
303
8460
1197
4445
5895
10618
3737
5409
10942
2512
1424
7669
3354
1320
1081
1763
9981
11735
8216
8854
222
5078
1879
1104
7586
6954
4412
2951
1028
3292
1826
11159
942
5805
4542
10547
4760
9224
9145
11467
7883
3421
3753
5933
3094
5258
2320
2643
7819
10469
8205
2189
4678
9506
6414
10556
4749
8260
9089
9701
11438
6956
9908
3255
5703
10122
1334
6702
4661
4624
8386
3583
6010
5878
7273
10792
7084
5095
8776
2242
10235
1177
10937
2972
161
7198
4178
9546
1925
3062
7838
11826
3105
1694
4608
5901
6442
99
6624
9961
209
1511
421
8721
4295
1989
8782
6238
1467
11328
10603
4850
5266
3246
6518
2943
9258
2738
3896
614
8964
11772
10647
8025
6489
4565
4067
1979
7765
6631
4394
7099
4202
9943
6405
3957
8421
6687
2060
1343
2230
2783
638
4641
7964
11544
2985
388
10935
7224
2646
7342
96
3588
1603
1755
2104
7705
8327
10828
8143
4310
8233
6805
1698
784
6049
1541
668
9052
2824
7310
11824
5086
889
5956
2233
4767
5793
907
8435
7364
116
9596
9558
3548
7020
6389
387
8957
4976
7144
1072
10520
8722
9883
3206
7040
1617
783
5033
1926
7225
838
9574
3130
10279
3166
2220
9915
4853
7540
3808
11060
8539
6227
4185
7848
11130
1440
10422
1800
1086
10411
7791
2817
3898
5434
10972
4148
4705
396
529
11878
3183
10365
3404
10446
1977
7344
5082
2940
11087
10855
7965
7326
9315
3967
10656
4016
7994
8412
9825
8244
4618
5489
3472
9213
5661
2216
3754
6282
6333
1062
2386
6514
1871
6310
8574
6137
1393
7497
4606
10432
2728
801
227
8763
3377
6495
8674
11189
8360
3527
90
3607
9664
4812
5256
5861
5537
11870
7390
18
929
2493
9092
5291
9730
11027
6298
8451
10494
11646
2427
610
9600
4329
6444
11474
1253
2935
3662
9037
7066
10132
1549
11431
8228
2008
8487
1473
8048
2212
1761
7075
7611
460
4822
5463
620
7602
3789
5398
24
10800
3498
8245
10359
2431
9324
4184
1394
4139
4857
10322
321
7037
7962
3347
10448
10718
4715
1503
9771
4195
4947
9740
2378
11240
2347
251
3609
6252
6723
5768
10888
5948
5262
2432
8470
11815
6272
9186
7651
3471
2288
6803
11150
8963
2799
5240
6670
5356
1189
3683
9180
1384
10007
10503
631
8242
5132
1090
8173
11112
2639
5744
8658
10720
10989
6959
11332
8822
865
2562
7810
3886
11034
8804
9695
2571
4322
7624
592
10095
6165
7786
3854
11528
5640
1145
2851
7405
7821
11654
9304
3168
36
515
4031
4266
5554
3501
10473
2961
7846
4904
1142
1025
8891
10575
7847
11032
5654
11468
4869
7638
6506
11558
10441
9766
8468
7147
8884
11607
4994
3192
9397
11626
10269
377
10919
1357
1914
10756
7408
6030
5724
7170
11483
8100
7413
7866
5139
8903
9497
1789
3139
7156
3312
64
10999
4141
8503
11574
11432
9351
9604
9168
8324
11391
3845
10296
9254
5742
1169
1422
9340
5374
7805
105
648
2635
945
10690
3034
9061
9492
10761
2123
7999
6415
1998
10252
4911
8343
8164
4633
3475
3917
3066
1277
7820
2971
2625
11365
8550
4860
613
11459
1961
11346
10604
2014
11249
11531
11643
8549
2184
5473
4754
3219
6507
3256
11891
9776
5129
3672
8344
2483
1100
6505
5588
341
2260
3220
7433
3194
9990
343
6605
10248
5788
2391
8930
9811
6823
5301
7569
3561
999
1348
7461
7837
7614
10908
5941
7119
4222
11899
8632
333
1293
1563
11527
1909
1266
10744
4843
10162
10528
1972
2827
1554
9745
3897
3849
7875
739
6194
7368
2034
10666
1811
4695
9097
1387
6131
6432
8425
2707
2297
11115
6841
2016
10891
2249
1545
1575
6903
8902
2618
998
10927
531
6362
2548
9583
870
11644
1268
3516
10667
11387
3489
829
5813
8336
1108
11716
3112
6122
2005
5436
5391
2384
8036
1762
969
3534
2126
1645
3616
5617
8667
5155
9108
3780
1779
11809
10941
5211
11634
5208
1999
1069
7891
6471
11898
5705
6651
4313
8683
2296
1305
10963
3332
7823
10181
11887
3210
7828
4556
11833
3714
10971
2958
6940
7300
3103
10420
11922
9555
3655
4429
11123
8135
3304
323
1315
8687
3521
1825
11383
231
1088
4264
1827
2097
550
8925
11511
8198
10486
5562
888
3384
6842
863
5348
8947
146
7092
1401
2942
7776
6650
6774
11339
234
10379
3223
7290
9494
8452
6086
8163
10788
874
7137
1846
1987
10169
5283
10946
5131
9627
125
11304
1024
1928
2755
4011
9727
5950
7372
4245
1628
8012
6770
5238
6380
2186
5299
2214
7298
8056
1484
9889
8849
3251
2197
5546
8426
9722
4669
9960
9872
4204
5438
10799
2518
2744
7237
348
9125
2647
8459
6778
11629
8873
4308
7973
9809
5384
6930
3637
10802
9395
297
6831
8655
1548
2528
5325
6005
6659
6001
10142
953
1726
3345
9524
690
11745
3995
2114
2610
1455
5428
8273
3907
11274
11680
10523
6293
8207
5023
4884
254
6652
4025
8180
7278
9467
2436
8633
295
9008
7521
5479
7687
4094
5843
9164
11837
3673
5599
11503
5112
4907
7794
808
686
10602
1685
1699
3598
4517
429
6721
7740
8962
7270
10653
5749
9303
5716
4095
11737
1392
3453
9335
9713
5222
9056
7417
8062
2222
7737
5595
1620
1295
5730
4979
11090
4780
205
938
1593
10042
4003
1179
10505
5572
5245
10511
2608
7750
4686
6994
9468
9182
1539
8332
3340
7190
2988
5156
6587
8314
5717
7279
2277
4726
1567
1123
10754
6262
2449
3026
16
8127
11707
8929
7685
3196
7337
287
2015
4092
5604
10531
4020
9686
7199
10689
7135
4446
1781
4457
9308
9542
1208
6329
4817
3069
6705
6900
298
6108
11283
6423
342
7238
3670
4897
11330
2069
2754
6014
774
4022
1171
10485
10734
11900
11742
7382
9799
11368
7441
2150
9028
3088
2044
11095
7650
6516
6487
10017
7093
2690
6614
640
8263
9513
4510
7757
10141
10054
5913
6945
2662
3035
3277
4102
11718
1613
7103
5426
7884
1756
1896
5370
5461
7982
6063
2718
7406
9234
6342
11076
4731
7102
2601
1167
4777
8467
11530
10270
4373
11186
4974
10567
10934
4074
11835
2116
3554
7192
2329
3408
4426
8514
5402
6634
11259
10883
11296
8388
3822
594
2923
4448
1953
6590
8560
7318
729
11583
10600
5076
7179
3440
10771
11052
493
2976
4259
7588
11672
6813
11323
11692
4832
6068
2059
5110
6671
5622
3238
4588
2724
5776
11051
9834
4493
10077
2251
5965
567
10145
1933
8955
6056
6174
7531
8074
9533
4849
7926
3446
442
3150
7578
6706
9187
4655
8826
9333
2396
11364
5047
11279
1350
3327
4574
3375
2232
4794
2918
1045
763
10968
11158
9375
712
6905
8944
9060
4349
2510
11585
4898
4326
4776
530
7134
3761
10073
2377
7693
11769
6685
1234
178
2027
11846
2850
280
5310
8692
11756
6759
6400
9577
1865
7471
9685
8368
537
3645
10816
9865
9195
749
911
9196
3870
6797
7236
9737
8757
9323
1251
9926
11774
1286
10836
10377
269
892
1068
7800
6525
4966
11360
2261
5418
2275
9564
8497
8793
10072
155
3989
3824
2211
10343
3797
1782
132
2719
4993
3815
44
262
2063
288
1347
9343
6166
6234
10032
11752
5002
8215
6577
1361
9694
378
1905
10113
9069
1991
7028
7983
5454
8846
5671
109
11206
9935
3458
11033
2410
2203
7647
6013
1626
7890
7566
8442
5798
11791
6661
5345
10527
7539
6567
3426
134
137
3087
5922
7714
7868
10487
4210
602
5623
10171
8620
7324
5897
5969
7251
5815
136
4996
820
6967
10774
3229
2463
1721
1962
2638
7517
1791
10890
1122
8749
8345
8990
2437
1316
3843
9367
5094
1412
4133
3417
4789
1637
5417
4580
8439
7665
6265
10323
2547
2332
3844
11356
4193
1907
5626
3129
6103
3418
11589
7678
3562
7019
11915
3160
10097
10361
4997
8052
10127
6417
9348
3689
9881
2103
11854
4336
1339
8570
406
8937
11162
2788
9016
1729
9969
8759
4086
5204
2915
5185
7209
9864
1640
9360
483
395
3859
1151
11133
3574
7730
7395
3580
721
1152
3273
780
8720
9119
10932
7458
199
1743
5966
9398
3878
9794
2357
10311
11711
10538
4653
11117
1980
4708
2771
6074
2221
3186
11420
10577
5590
9704
7749
6477
4806
4632
7738
2502
5806
9006
8998
7289
4057
6869
9044
10979
6135
4724
9470
3494
11135
6183
10856
5559
1952
2422
11369
1080
6325
2887
380
7004
9261
5462
3975
8874
11638
1429
8746
3449
1727
11348
10862
1240
6886
3871
7143
4418
11773
10622
5536
241
9663
5471
9614
8099
5564
1666
920
4700
6000
2250
7899
8236
10748
8082
4605
3165
2692
1448
7118
7481
3679
1725
7316
81
9361
8271
8538
845
153
5680
10099
3259
3724
9478
9749
1819
2629
5777
10694
6974
6533
6680
11907
7296
10558
3931
11818
6929
826
9161
10089
9349
6136
3986
9377
3727
3499
9070
7301
1231
9295
1360
9342
10123
2573
677
4804
9458
10005
6963
1404
4175
9209
4475
3401
4788
5696
4079
8199
1159
547
9271
11683
2293
10050
370
5942
1505
7768
891
8306
1775
2455
4536
10168
5757
4367
5857
7775
6083
9457
8001
4796
1663
9909
3177
5039
1465
9504
3015
1001
5159
73
2846
3699
5902
8431
6918
6819
2907
8657
5759
7053
10051
3788
9217
3341
6570
3979
1898
9830
10863
1590
6913
4330
2998
423
2457
10207
1639
9177
389
8665
7649
6167
1279
8659
11726
494
7741
10070
6594
10491
5220
4371
799
6391
6612
8181
7795
3444
447
5937
8713
1018
8309
9892
528
837
11098
3537
6113
163
11512
7784
11014
10383
8530
1466
5795
9198
3430
1442
2743
1248
6309
1707
979
6513
3323
10684
1492
8028
10366
2619
9549
8880
7297
10819
9793
470
6641
5608
5065
3611
6722
2914
4938
4401
7633
3674
6093
4663
1235
9675
10495
11913
7548
1619
7164
9602
6473
9339
5275
1415
361
898
8809
2556
6617
8790
10574
2996
2466
9879
5501
11889
2247
4902
6158
217
4249
2438
748
4727
8432
8243
6948
6760
11168
6675
5659
10369
7695
8498
5298
6578
8979
627
7954
4682
1853
8543
6597
5481
1278
5578
4627
4876
8210
3651
8907
2612
843
2574
2509
11717
9620
7940
11139
7017
2339
7063
10478
8137
6266
2376
11617
7453
56
1306
1324
1135
11031
322
1294
7035
7748
3858
7912
1654
2585
4645
10951
5191
8956
339
10460
10988
10424
6435
195
3012
6480
10216
1477
6732
4561
20
2087
8569
10125
2825
9656
5631
8568
7056
9934
6563
1746
7829
2283
2313
2061
7253
7498
11519
9378
5149
4698
6793
6965
8387
8269
790
10351
5446
11403
11779
1010
9368
3636
8650
1644
11358
10555
1671
5042
6040
4366
8371
5334
1483
2492
10953
6192
775
496
4006
7362
10918
52
11000
4491
3581
7908
6038
5921
2590
7901
4177
5896
4752
6248
10978
10644
2871
1376
9197
6085
3482
10779
9214
11241
4052
2132
9448
7112
5400
5644
11689
5561
6257
11869
11429
1941
1581
5166
1817
1042
8252
8264
4347
10115
11625
6606
6434
8898
11041
9728
6783
2978
9017
5165
8800
4547
213
2268
5229
7831
6696
11584
10807
5652
2033
746
6775
10251
10339
2070
4165
1113
11501
11180
11832
4348
106
9853
9585
4758
10450
5875
2176
9837
4088
6110
4941
8479
6100
4534
8128
5534
3435
6433
9495
11834
5146
5906
9235
4978
4835
11437
6129
4985
2870
4416
2654
1682
1132
7351
2322
3719
4032
4481
6425
2081
11006
1141
10846
5444
10289
1538
6090
5625
9071
6091
5577
3698
8272
4302
9951
2945
1793
7541
4560
3339
5658
5868
11449
11170
10907
9218
1250
7452
9523
10170
5183
1648
6364
10658
2259
11440
4268
8
3274
2990
11297
726
2637
4411
3809
3734
9938
4230
8316
834
11382
10316
10757
6335
11085
6284
10008
10676
3743
5327
6059
4681
2897
4120
771
11725
5830
650
9091
9989
11592
4626
11251
9312
2121
69
8745
11215
6351
1204
7094
10001
1513
758
3291
10621
8534
8126
4263
4533
8557
5121
7346
6371
5676
7990
204
4083
1126
8286
7733
10430
5068
1060
6290
4005
9983
8225
5975
5544
312
8237
4146
4380
8287
278
5523
8952
10536
4975
8146
51
4376
9584
10109
8803
2085
3890
1861
2467
11923
6865
7291
3123
9137
8369
7793
3872
1035
1656
11564
8901
8604
4654
8675
3696
6419
3620
6904
495
9910
7416
10341
1771
3914
6849
8840
2791
5167
4887
5122
4932
6004
4192
4939
1599
10421
8179
7597
8201
11573
267
7998
5247
1555
3007
9997
9844
8478
645
5796
1737
4623
2338
10711
8777
8187
9099
7631
3061
11575
4735
9181
5685
10185
9936
3555
3520
9036
2734
3887
307
10896
803
4111
11556
2148
4112
7045
11816
10502
2141
7467
9684
1764
3039
4616
2421
6623
3349
951
10691
6559
7724
9483
10565
2168
5347
767
7494
7857
3823
7958
3806
6128
7243
3131
1168
10853
5012
6236
11526
7728
10743
3733
8396
1063
8289
2151
2544
655
6640
3619
11599
3915
7688
3303
11220
5410
2223
9414
3507
1964
9681
10149
8781
6064
11645
11931
2049
3840
11167
3996
9227
5825
7855
2701
3575
573
9132
9151
8972
4196
9170
8669
10356
1303
4528
9835
8586
398
9449
4398
3337
8010
8011
1383
3544
974
1536
505
7971
9907
6320
6226
3862
2746
3762
9739
7930
10882
10221
4087
3014
7449
5814
7325
8144
3687
7955
7975
4490
9172
458
6850
6630
8390
1150
3571
6554
4660
386
8682
8909
11015
3409
9276
1783
5030
8333
5483
7976
1140
522
1378
11845
11545
7371
3602
5905
1149
4166
3745
6596
8075
11252
956
8462
980
1664
4875
2032
2459
11036
1529
2628
9898
9693
4826
6622
5248
2043
4733
4671
884
2024
268
1829
5213
8747
3597
2674
2781
4956
4346
7090
1689
3665
11655
7568
10663
10781
10419
10206
1809
4913
9027
4168
4844
3529
11536
9078
2999
1313
1586
11825
10062
10060
9866
11202
2243
7514
6795
9263
1194
1302
119
658
5264
1559
2553
5507
3509
11747
3814
6839
6829
647
2160
1284
5951
9010
4589
864
2925
3311
6811
296
8250
5713
10431
7146
7058
4772
8848
4353
8380
1676
1125
11070
5751
1493
3771
5469
5627
9000
4372
11178
2096
4771
4241
2500
6922
2349
2292
2405
10194
7623
4282
4132
8259
9676
9502
6855
9945
11269
7414
1845
8093
10037
9438
1702
6815
3831
10455
2402
6247
1564
3624
6209
7175
5437
4732
3768
8705
4538
5105
1854
1917
9593
4662
5004
1430
1289
10154
4750
5119
1891
1752
8109
3940
1441
5056
3606
4048
4841
6181
6488
4870
5974
9944
2025
10765
2346
6396
3705
3239
10116
3445
7379
8484
1367
782
5591
664
4672
1233
6032
11081
8992
5851
8729
7161
3169
7785
720
8251
3052
7011
8304
5337
5172
3214
6307
4312
11005
8693
334
10276
7443
3359
3976
9249
8774
6154
10447
11088
11539
6649
2620
7818
144
503
11193
2465
7516
5606
1478
4364
2656
8813
10681
9560
1838
5748
5274
5451
4042
10716
11342
189
3962
8353
3258
169
4680
8039
8090
7049
718
1105
10412
9765
8855
11547
7065
11868
407
9465
2274
2071
3643
10873
10331
2279
5158
3610
10811
6801
6230
11059
5020
3826
8899
1739
6938
3399
825
9107
11004
6109
4704
2834
2036
1988
997
4024
10824
5686
1287
4383
3085
2852
8197
8587
3366
4877
8890
11616
7460
11395
3993
10708
2419
3231
4257
7769
6092
11238
2673
2409
38
10376
6445
10952
10293
10024
3093
1225
3832
6374
1806
7886
1213
2385
9632
10034
4969
6576
4191
6327
6073
605
10837
11482
2913
6635
7085
4492
9317
170
8954
3022
5491
6281
3107
9677
2810
8624
1034
5249
10468
919
10136
438
3647
6228
2889
3933
10747
466
7910
9962
10871
1574
8765
3393
4805
4488
3368
666
8750
5993
6542
11261
11108
11909
9232
7766
9101
10842
11890
8322
3356
3474
9007
3943
1402
1788
10806
1403
9160
3383
9925
9901
793
7022
9987
8279
4879
4068
7722
1037
3188
4213
6975
2175
8414
10347
2166
844
4381
4988
4454
2693
2790
11863
11295
10961
9718
10370
5919
4592
1824
8235
5362
7244
4479
5741
6657
6482
5195
1160
2526
2986
709
7495
8502
332
9135
8071
882
1079
4915
11836
55
8845
5893
8053
5915
8038
3970
11486
4920
791
2760
8102
9568
6288
4637
1095
8853
5397
7677
2666
9159
8696
9618
871
10046
2007
10053
5329
11797
6198
5669
7641
502
4825
1870
5058
7661
7877
5996
5886
6716
114
3510
6678
4085
1055
1963
2504
7082
6470
2564
2418
11161
8719
9933
9405
7551
1667
431
632
1873
3121
11225
5505
2133
7431
10943
5303
9171
7308
8153
10449
10213
8837
270
713
7533
305
3535
5210
6526
9845
5217
5464
9415
10081
11357
3642
8912
479
8404
206
3473
3467
11086
8026
7811
7064
6217
5794
4555
4741
1288
7613
4142
8830
5634
2796
9286
5545
4484
9259
8736
3835
5447
5771
5472
7378
11340
8063
9015
4274
11472
8091
6469
8525
10699
3895
2022
11293
173
2727
6175
7208
4526
5949
3296
10707
1297
4399
11378
4421
5778
7984
8016
2617
4461
703
11436
5041
6508
8124
4562
2050
9917
6802
7993
10433
1041
11548
8961
7478
1107
7679
2041
8703
3309
811
9646
8254
4033
7072
8628
2312
1325
7480
1456
10025
11751
862
3428
2657
2445
430
9747
4893
223
9420
6202
10305
996
1608
9434
1565
10808
7827
7440
1050
8377
11256
2627
3201
7900
7559
1995
798
3997
3228
5022
9973
10801
6527
10710
2531
8080
8217
11475
6928
4753
3825
6749
1735
8766
7029
4255
11529
1432
5014
2869
4023
603
9974
4543
1556
11925
6019
6848
8262
8253
9222
7720
7580
9638
9854
7902
1242
6693
10015
604
11062
5200
6561
8136
9920
9888
609
8172
3888
5870
2879
3436
6858
9956
4455
1818
7836
10259
1820
9178
10737
1332
3115
8656
4300
4677
6814
6964
7210
10701
1215
4462
5010
6111
2890
3508
7666
6127
7585
736
5290
7287
8298
11639
1828
4948
8973
1577
2558
3517
8174
3755
7830
10456
583
6734
5203
10736
290
928
2054
42
8147
4697
9982
2113
2823
7127
10230
3618
3880
9307
9601
11068
11148
9683
6684
4781
10392
3319
8883
11284
7044
4239
11045
1091
1275
9072
8876
10189
11637
101
3546
11877
9952
8488
9474
506
6642
3769
10755
9775
11063
4078
3077
5994
549
11053
11844
7116
485
4617
3503
5750
8532
3178
126
560
3869
2688
9439
4831
1944
5411
710
7388
9826
9344
6356
6694
1954
6020
4578
8008
10662
249
5508
3017
2439
6669
4579
11808
10304
5923
4914
6271
7315
10595
11823
5066
6747
10204
9233
10924
4977
7657
6225
9884
8991
11814
3646
6084
5636
9038
5770
1610
2710
9783
776
357
809
6579
72
766
866
3070
10585
1370
47
5075
8575
1897
1996
11250
7920
3952
773
2468
576
7048
8466
9510
91
5589
10784
10628
10179
3089
9412
1054
2474
8712
8739
10514
7893
8755
1106
9252
5453
4105
728
10176
7881
4201
3718
6550
9665
873
5190
11582
6688
2413
3286
7945
11016
11463
2555
3912
1015
11404
9432
6887
4848
5624
8291
7796
674
1801
6752
7919
1276
7215
5883
2076
11194
11008
2954
3512
4628
681
4417
2906
11106
11266
3391
150
6867
4687
11510
2580
1117
8083
6923
3950
5982
8097
1852
6500
11050
6003
3971
11710
6788
179
7595
2140
1474
6534
1583
11169
2950
6095
6603
639
10593
568
9020
11807
1087
9207
3264
11697
8821
1114
8836
6388
7550
10546
4544
405
8983
5960
4283
4569
2644
7377
3725
83
5321
9567
6317
7543
7697
11782
3750
2135
3490
10540
6695
3592
467
9623
1109
123
10980
9429
10226
10078
10284
2773
3977
5073
7387
9162
9511
2861
2373
717
11292
990
5127
11888
1528
1982
630
10709
3060
9550
3557
9459
8605
6955
4803
10763
7191
1609
7499
665
9996
524
10068
1077
1636
9965
8208
6216
2962
8827
6441
781
1862
5983
11897
6885
629
5842
11188
3456
11674
3547
7234
7354
11114
7809
8134
11673
11819
11557
755
9090
1653
1728
2052
10262
9647
4894
5282
2303
4815
5642
1900
8495
9731
1180
7117
9744
5850
9126
7220
8362
5542
4482
477
3536
8740
10483
2177
504
6481
2797
10349
1595
6221
4527
71
10901
4529
6983
11288
10501
6138
9541
7512
835
2503
4986
8115
7561
10071
5780
2872
2079
3726
2787
8613
8918
5712
6077
7553
5300
369
3709
2733
10268
10406
4221
3644
2481
6658
2770
3205
4961
5427
4992
3661
4430
65
3480
7126
6821
1916
9053
3395
6273
276
10815
1098
5236
2594
8161
46
5184
6536
11647
8893
10834
10576
5057
5632
3716
2143
11761
4400
2924
9001
10962
11410
2527
11464
1882
7760
4983
11571
10987
4610
691
2342
9612
11513
2169
7010
4742
2305
3697
5865
4858
6947
11518
10626
6185
5109
6427
5399
9946
9963
1359
7422
6868
9443
5175
191
7713
10298
9918
8101
11734
856
4128
2287
9890
8218
168
11783
4464
2394
2806
10532
3282
1784
3926
4515
7702
6828
5307
6446
9461
2077
7272
8523
2122
8829
3148
9407
3961
9609
10780
7201
701
3656
4410
5087
1655
4824
4795
8818
1935
3322
6428
7360
11122
3660
3530
1519
11603
324
1341
9403
5841
9729
5570
3913
924
9537
9081
2112
6541
7751
4785
4374
1385
4061
9979
4040
6677
8768
2582
11277
10358
6679
7155
10746
2258
9603
7865
9369
17
5571
9991
4807
10721
11248
675
4717
9992
9880
8398
8043
1008
2369
532
1491
7381
7193
4320
6949
11886
10135
4823
11078
10925
7424
3760
4043
7462
6416
7557
8450
2926
3744
3627
6662
4101
3313
3212
8433
5470
8872
6145
2375
1521
10860
2341
11700
6243
143
8727
9486
9756
1945
7396
2456
6050
10368
3817
10753
9621
5506
1658
1700
10415
5049
2088
7283
1188
2420
6036
7719
11485
9421
6820
3615
5563
10539
1280
9999
9358
2709
4327
376
2828
6343
6941
2626
10190
8839
601
971
19
4447
1673
11321
1532
1411
8308
7596
3868
7612
3143
1296
8441
6779
11094
6643
2051
6909
2855
11881
7361
11762
11125
2602
3671
4987
1051
2486
379
5136
10671
3779
8070
352
9431
6616
1162
2584
11648
6027
1703
7409
2807
8234
4248
2765
5973
2403
4337
4861
225
11538
6164
11166
2450
3861
1690
11067
7468
5040
6810
8732
411
3732
4778
5977
1981
6338
8702
11706
1314
636
6382
2665
3960
10061
10592
3885
7487
8268
6408
80
2067
7317
2304
3211
8603
2367
11386
5263
4123
4318
2167
5147
2315
4391
6703
3260
1802
4345
9287
6018
8358
906
3300
8133
10521
3114
3625
6464
1222
5579
4176
11477
7917
11314
7567
7524
11422
465
6453
8046
8399
3782
9290
7174
4167
2276
107
2115
7606
3120
6902
1322
8831
1064
11719
10016
9025
10197
5803
6039
325
3149
6082
4599
1358
847
4888
10675
9906
3275
2323
10423
5698
731
2549
459
8795
7323
8349
3041
3481
1134
11221
1674
8864
6203
8638
10405
8295
8934
7197
7098
7233
8704
5912
3301
9862
9927
1923
5032
10233
10537
8583
4258
7856
8865
2517
9557
11618
722
5389
10338
9236
3690
11693
3006
7121
5587
11580
9897
6894
3439
1908
7327
34
9272
7472
9173
4129
936
5192
5752
11061
9413
11384
4922
3791
3161
9782
5055
10
6055
600
3629
9691
4723
8098
11
2908
7947
6704
6300
1352
6334
11657
10133
4354
4149
8417
8993
61
3106
8019
7813
2521
10107
10554
5353
7558
4896
6211
7946
1178
6497
5697
5490
358
7129
5775
2567
10140
4214
8511
9452
927
6937
11933
3195
4743
2340
1017
8639
4103
3476
2863
7152
619
28
5194
7026
6383
1005
4211
8350
2916
9002
2782
10738
4716
1036
4903
5779
4076
1446
1368
6522
2917
3058
9855
7039
8372
5515
7552
2970
11744
6254
207
4247
117
8190
7892
2752
2540
2013
5445
3176
8453
8394
9532
9332
8565
4643
3664
5721
8694
6208
8559
5551
7263
6011
673
3717
9270
181
2125
4878
8567
9190
4670
0
6604
8241
9215
9785
1546
9717
5734
11576
4041
4272
3213
5293
11598
1226
4256
4587
1161
2194
542
6875
8529
6218
6450
10484
4419
745
10079
10153
10851
9650
1662
124
6499
918
8710
2324
3742
2818
10439
7074
7872
853
4762
10529
10638
6966
8178
10196
3842
7136
682
1915
7120
10126
9341
10212
10026
3528
4889
11860
7505
10964
7188
4688
172
3617
5209
8449
9087
4931
8677
8819
8945
5050
9548
3457
4237
5319
10018
8162
9817
98
5740
11566
10297
2387
2484
955
3906
3040
7139
2959
8057
10717
3240
2530
7000
7003
2286
6157
11572
8138
909
934
7904
2751
7343
4375
4696
10214
5379
7184
5820
9970
6076
1340
817
4842
10637
253
3134
2557
10809
5227
1414
6041
10955
375
11661
10926
5433
135
4385
2636
5141
5823
9505
3770
3053
5272
785
7407
7333
753
7576
11896
7173
10923
7089
9800
2411
7909
6347
1502
3156
4084
9425
3233
5832
8151
8261
5596
8088
704
7577
7615
11611
3903
6878
5059
7729
1420
1943
9613
1717
7271
78
5442
5939
9559
1843
7839
6973
735
5176
1621
11423
3283
6830
6946
7314
1450
10959
10223
4751
11341
7598
8948
7840
5100
317
551
2511
2949
6118
4725
7202
4968
10303
4502
11521
9116
5154
10401
1460
6437
7936
582
8494
1176
11042
2789
10314
1186
8290
1143
289
11187
1070
4096
10789
4140
11069
8493
4390
11567
11196
10106
2763
5145
11401
3790
11522
9189
6360
9046
6535
25
11445
8458
4707
9485
1888
6738
8224
9411
10261
1629
3998
3653
7701
4943
6264
7587
8548
8341
8601
9278
10143
7080
2311
7774
3247
3894
3067
1212
2000
11392
7773
74
9645
8714
2364
578
8486
8461
5028
6354
3860
3593
1530
8811
6237
1261
7332
10549
11105
5460
540
11151
2684
7288
2877
7525
8758
6866
501
5940
3043
1518
9658
5343
8799
7640
7922
4583
11495
7488
2675
9512
6972
855
9123
3573
10082
11149
316
10861
6149
8731
7435
5173
11508
10477
7711
8892
9753
618
8485
5959
7985
11072
8521
1807
5478
4393
2240
9280
7832
344
4049
10459
10906
5769
11197
8152
10728
7667
3833
11664
3877
7299
10601
1331
7309
1990
7073
4205
3552
1672
1584
8908
6326
10541
7659
5046
8810
11140
2572
2816
285
11366
5048
3930
9928
9672
11396
9789
478
5406
2239
9073
11374
6919
7009
1566
1522
1406
4535
1816
4021
9035
5168
2356
3563
3051
214
6551
7542
10797
6336
533
10960
9843
7109
2099
3804
8524
8595
9592
963
7055
2248
8756
5667
1708
6545
11421
2238
9721
7353
4924
9143
349
314
5650
8974
5541
11882
5653
4236
2018
11454
1153
10393
4456
11600
10998
10727
989
286
7057
3330
4209
8226
11009
4453
142
7522
6859
9762
6057
2898
10242
4925
1509
4995
9294
7012
353
3751
1089
6390
8107
7605
7949
10522
2737
2266
9279
8531
4231
9631
7432
8730
11035
6981
10080
9063
7850
8561
935
1181
6308
11153
79
5352
10285
1550
3968
11864
3570
10726
3949
5312
10619
5609
7939
11439
9556
4572
1918
7071
8935
3850
1810
8489
4299
450
11079
10729
1747
7319
2652
7445
108
4625
3392
4886
4736
1199
4194
915
4219
304
2089
9064
3787
10288
2798
5218
8623
7128
11594
10852
6072
2941
800
11728
9891
11013
11608
2284
879
2780
6741
7397
7451
9466
8422
4799
3267
3633
2700
2412
2977
186
8227
6472
10203
2009
3386
9569
9629
6857
8331
9649
9451
6191
2953
6667
8856
9179
3364
6180
8881
4056
5929
190
8556
11494
397
1262
2598
4212
8938
4281
3944
565
10260
3493
434
5874
3805
4420
2080
4173
7854
2792
2195
8651
10086
7929
1032
11490
6297
4344
1753
133
1397
4866
1082
2494
5731
5309
10158
6496
2715
3203
9362
2475
11071
11537
5643
27
6777
11663
8791
8767
6920
271
92
807
646
11349
5641
8395
9519
9900
1833
6387
9605
1043
3934
2864
11781
10664
4473
9034
1321
5137
9153
5443
9406
3382
11770
10428
4466
3142
3265
2042
7305
4499
1844
4403
10735
9812
10566
6515
6697
351
7812
4014
9109
1016
11176
4524
2400
45
2023
11043
6912
11895
1738
8579
326
5723
10745
5482
3491
8288
87
10933
8477
2269
11855
4392
6244
9460
8405
10627
9870
6207
5707
5586
4038
591
11736
11350
240
9243
9199
10096
4744
6066
4335
8631
6911
2691
5987
7604
1978
11738
2206
5877
11778
4489
3772
4965
4940
10513
7479
9708
10177
9262
4867
10340
6786
9520
331
7822
5550
11628
4859
9298
5834
33
2801
11681
4115
4317
10680
3167
11799
10682
8002
11765
10762
2414
8584
10014
11204
9260
8866
11394
10635
5804
3502
6379
2522
10243
224
8676
10897
5380
6029
8711
6985
8415
3708
1195
8361
3376
11810
7218
1797
5182
7715
6199
7031
457
7399
11760
8367
5257
641
3102
11872
2045
8118
6769
2653
10869
8784
3752
4151
2117
3080
3526
368
7076
5510
10307
11549
6346
2936
7062
10131
9043
9479
7801
1469
667
2520
3293
10817
1951
1078
1333
1864
10496
2270
2392
1097
2231
7442
487
699
3483
4706
7876
9334
9488
4470
235
7350
4590
10917
9630
6846
88
6758
3215
11491
2139
3853
836
11400
8145
10250
9440
3373
1006
9117
5013
4518
3564
11268
5292
413
2062
9062
6571
9393
3285
3735
4124
7622
2736
2735
1366
1232
10059
4930
11688
4851
7948
9477
1646
6311
789
2616
8828
11798
1487
8513
7841
1712
7172
9639
7732
306
7953
11493
4228
6812
7584
11234
5885
8629
6153
4689
4007
9911
9755
89
7171
8980
9442
362
5784
4265
259
1136
2144
1880
7792
8117
5687
10064
8154
1649
1447
5976
8413
8857
5957
6607
5568
8541
7180
5762
360
11216
5077
6022
1230
6409
6644
10608
10782
8000
6743
7814
6397
10384
11338
8315
5681
6193
3013
6101
5509
7621
11861
3836
7864
11267
4722
585
6075
11817
7477
2845
2716
10178
2891
569
8867
747
4301
8406
4291
2095
8596
11610
10332
10019
6468
3111
5735
9088
5670
9388
8916
4303
2697
2535
6451
6927
10144
4339
3276
11853
2566
5390
4497
1576
10188
9848
11275
9475
4597
11743
7181
11904
3654
4934
7845
10493
4365
2360
8520
1207
1249
6715
7001
6261
8597
4277
8379
5786
4642
9330
3068
2592
4275
4769
9306
2477
11755
177
2819
7228
8017
8030
6833
43
1691
5265
7145
9763
5787
6982
4509
8936
3813
3133
1217
2664
5524
5157
10636
10945
1647
9253
9565
10295
412
2725
9244
2302
5607
6182
11590
8678
8621
11499
2994
4598
1701
11347
5535
11141
8875
10590
872
6524
7764
11850
9972
11329
3485
8910
5758
1889
8444
4600
4285
3692
7742
5816
7803
8619
5958
11195
164
2423
6742
9575
11260
992
3518
11701
4520
7759
1307
5618
8728
9971
1421
6986
6291
10348
4437
4673
5174
6212
7307
7418
1815
2108
2193
1860
8334
719
1631
11908
7593
10910
10610
484
5967
6021
8785
10944
6553
1573
10492
3025
1836
5381
8119
9875
694
9118
171
8862
10312
880
4363
10161
1745
8506
2836
8326
443
9366
3922
3939
8921
4443
11104
7426
6316
9496
11591
1053
4770
1955
252
3881
6730
1258
5361
11385
711
8196
10915
7434
513
1594
4362
5488
9954
9314
9757
8443
1044
8471
5573
5560
1052
10457
7470
3980
2179
3350
5649
7081
1736
3033
523
11402
5317
5083
6067
11213
10287
6549
11754
10990
9637
2546
4790
9942
5231
2333
1185
2661
3707
2832
10476
10881
10108
5761
7683
3044
6424
11763
10916
152
1600
7162
7966
4501
5371
10583
10266
2609
10257
3942
188
4110
3096
11636
8911
9648
6459
10844
335
5244
5051
3796
2157
10253
744
6977
7882
5221
4958
3663
654
11880
9610
5672
3448
6201
6144
5931
6345
9402
1766
3122
3715
6479
3050
9735
4759
8416
4328
6711
8533
961
7269
4114
5271
5302
6407
9352
7575
5964
1937
663
4659
6884
10404
8084
2873
6931
9
9493
5392
4304
11080
3921
1124
3932
2348
4699
9357
3538
10117
5237
11405
118
8507
1773
9268
5514
218
7046
1540
7125
7782
3706
1500
7710
2241
11144
402
6245
3899
9422
3438
1377
5920
7603
1239
8504
11562
5177
151
8695
11520
6707
962
100
9710
11504
11179
4821
5892
8182
10100
7282
3736
7036
8325
10474
8691
8926
2729
7391
4174
4797
11619
595
3242
8424
1437
10798
1198
10512
2745
9767
11427
5812
10649
1604
11322
7363
765
10783
10090
8512
10739
2808
1116
3786
1638
5690
917
7692
1863
4830
9539
2680
8270
6094
3827
8741
2682
5688
4942
9385
5569
11842
3682
3348
9105
5679
3084
3372
6993
6767
3048
2747
10440
4635
7444
1960
2860
10438
6608
4240
1007
7696
2257
11916
10396
10410
5276
2645
10509
3601
6246
7008
2843
4408
11239
2314
11375
2153
4159
3994
6589
8354
10302
8551
6939
4709
11684
8476
4356
9155
7252
10545
2967
8054
10982
9042
4034
8820
7935
441
6045
7027
1464
1675
1009
6498
10892
2880
8684
2330
10899
511
6121
3851
5760
10087
3923
5663
7107
4933
10654
11502
11313
8376
1026
5128
6761
1710
10790
4340
2683
548
4834
3431
8389
4952
8997
9594
730
5995
6822
7570
9955
7265
6689
4885
1757
5029
1557
5938
4119
8209
6406
11852
6729
10241
10151
4434
3336
6490
11126
8576
11058
1257
9726
727
1936
11780
3519
6162
29
6037
10052
7038
5246
10315
5887
3097
6452
4164
11473
11223
11792
7513
4131
6306
9655
3003
9595
11627
2927
9839
198
9712
9819
827
6279
8352
2537
4615
738
1482
2295
9501
11862
10977
4644
9379
3032
10572
7506
5335
5408
3635
366
6751
5465
3599
3959
9528
6190
9029
11448
3454
586
2359
7944
11801
6436
6462
1973
9100
4160
10878
9899
9736
9587
1252
4407
5525
8160
2899
7130
6787
7341
4158
330
656
5138
8206
2441
7226
2774
8614
7021
2508
4500
2882
5955
1196
1170
3545
1428
2053
10134
2142
6099
11205
6739
5706
7674
2205
10277
3302
2252
6455
11679
187
9389
6984
9416
5230
2130
9450
2969
11214
8522
10294
3023
2430
6229
8578
7211
9773
261
60
1206
1395
2761
6776
10180
3691
7658
2490
10582
2229
10249
11301
6666
11412
7535
2068
6275
8188
1792
584
11418
3049
8966
160
4472
2909
1271
9299
2513
11270
1680
2805
5856
7544
3985
2589
10023
11609
6686
10548
2149
8547
10429
9784
9267
1131
6877
4238
8540
11790
2306
3741
4093
10631
11924
5715
4957
10198
11601
3410
3553
5480
3966
1187
2997
2285
6491
982
6235
7436
10395
9241
4646
5330
9009
8610
9096
2968
9828
6219
8885
9331
3816
9082
908
5339
1808
2853
4480
7138
11733
9033
1899
8089
4474
10518
11553
6126
11789
9667
6200
250
8588
11670
4582
4833
6378
8808
2383
7355
4104
1099
8794
11612
818
2447
4311
8408
2670
6586
854
7292
5867
8943
6615
11305
1514
11465
10772
11242
3463
4852
3021
9205
6009
10648
4029
2171
2267
9816
10639
8307
11054
7731
11675
8773
9231
5708
3652
5289
2106
2278
3358
7476
3295
9514
2881
6976
7938
8125
11682
10357
10612
1369
4679
5366
2922
9191
10466
7723
3953
1285
8434
1073
6756
794
2
3539
6486
9856
2809
7217
6621
10482
8079
1386
3688
4839
11787
11729
10712
11871
127
15
11665
1906
9924
8370
4427
520
1837
3419
10725
8170
3365
8363
8281
8061
3608
6283
11800
10928
7459
10195
7756
10854
4292
2630
3338
4601
7110
7254
367
6302
11142
10222
926
10458
10629
1681
2689
6047
4402
5651
5420
1924
8748
1770
11457
4439
3511
9127
3152
2833
7991
5839
4169
7281
497
9245
6784
4267
4183
1241
5219
1495
6560
5555
7873
4483
10581
448
3728
1618
1172
6081
10199
97
2265
9578
5797
425
2599
10559
11257
5580
7183
5930
6155
9242
8786
8165
1457
11458
8858
10386
4147
5859
6418
5838
7594
2428
11917
10224
8317
10685
510
2545
5003
4059
6255
839
7755
145
7694
11222
4471
8469
2536
7532
11121
5498
587
10217
6639
9321
5866
5552
5722
9476
1927
7911
3935
10657
4357
657
7703
2698
7166
7345
9055
3905
6999
3268
1527
2671
7867
5581
1790
9720
5104
5848
7264
11203
10905
11565
10870
9080
4596
5991
1000
11771
5753
6117
11040
474
8299
5517
754
8359
3590
4714
10793
10818
8919
10104
7427
5597
3249
4668
8630
7515
5660
973
3680
9114
11157
4921
8065
8988
7485
6720
2090
944
6270
6054
3113
8183
5255
11243
3076
8953
4066
5365
8232
5714
10114
4389
2538
3876
1449
10333
11918
11441
9322
987
3042
8047
1901
4065
8073
9547
4984
5543
1375
3314
313
3385
2058
6369
11017
2987
404
2321
11691
9074
812
621
7676
11337
2224
4787
881
8035
3310
4713
9250
1612
10028
4220
6443
7335
6921
6426
8611
8342
4130
3948
4970
5425
4609
4069
1754
4039
5401
3125
9019
9134
9133
9758
3170
4309
11635
2358
7859
6381
8802
9146
1601
3525
2473
1027
4691
1203
5038
5064
11630
558
1476
7767
2026
5984
10374
2672
260
1243
5876
11184
9619
5704
6856
1971
9288
4436
3638
8385
10208
6274
6410
6280
8647
