11186
6548
4991
6179
7452
4834
11915
8327
8009
5811
899
4763
8929
772
4283
8550
10835
5442
5573
5978
10462
8554
8800
5711
4811
6885
7671
82
7915
6289
4043
8527
6321
4896
10714
3478
3511
10757
7173
5624
3440
5303
7528
10974
10578
10667
10513
10833
5663
3062
1041
11615
8861
7535
10525
5806
59
1345
5827
1430
910
1174
10701
7016
3469
5436
8
7501
11642
7841
7961
6531
1450
5993
10991
7710
8221
8070
3968
6624
6328
6314
10830
7675
10713
3849
7440
6279
3038
4165
4351
1254
8383
7124
6336
3722
789
4253
3181
917
8278
1027
5270
5632
3868
8880
3626
7345
7097
4109
4637
6186
8939
242
10955
8716
8909
4524
6127
7224
7036
7829
3597
3865
839
3249
4111
351
7689
4438
11880
6883
5784
4778
5534
8814
10490
8038
8808
5488
8673
6946
3896
3067
1403
830
10954
891
10777
8437
11859
4976
1441
8802
6054
3856
5672
4398
803
5141
5895
4846
5075
5973
8507
11006
8086
8348
6959
11167
15
8210
5375
5599
4405
3917
6389
5898
6807
7703
6553
7968
5127
1335
3402
8510
3009
7790
7202
1156
3264
7796
5594
7017
6741
6317
8224
7754
11145
6093
1073
4939
1231
3886
1446
7942
7838
11581
4366
11149
3842
69
5636
8360
6900
7183
11121
5650
6377
3634
10893
1448
3027
4161
7583
8644
5809
3154
4700
5816
4455
6509
4425
7162
6173
4424
8566
1309
4295
4573
1439
11716
11675
3956
10807
6125
315
8508
4532
8565
3497
7604
1280
3043
1255
8351
6275
1219
10748
7848
3275
1348
6436
4217
6847
7916
8793
5974
10686
837
842
3444
1194
5501
8162
3739
1099
3768
1175
240
1343
3870
4317
5367
3294
5969
3845
932
7112
4254
8923
3787
6975
851
4062
11023
5319
11661
11734
10697
5836
8607
1361
6516
10761
6352
3251
8905
882
1291
8270
7727
1210
7104
4334
7909
5104
8767
5058
5603
8037
8892
8541
8933
7728
4342
7966
6733
3888
3920
7983
1397
4098
7419
796
3333
11178
7945
1389
7931
6126
3803
8240
8876
4352
6202
3121
3760
4516
7511
956
7085
7357
10765
8622
11728
11737
4910
6276
5584
4868
4139
3305
4263
3912
7291
7853
804
7949
7924
4567
5773
6355
11064
4747
10885
6557
3976
8597
10826
3314
8893
8352
5992
3563
5019
11099
8818
8010
244
5188
6992
1371
3093
1208
5013
5605
3603
4608
8365
8801
11001
8831
4126
3900
5579
6029
7247
7774
186
8563
6470
6404
4193
8190
6578
1112
1428
7315
8176
4563
1236
7425
7532
4611
7658
254
10696
3164
88
6338
3334
4039
6517
3160
4381
6894
3237
7557
8094
6812
6430
5545
5683
5224
7384
1275
3763
806
7664
6369
6580
6117
8806
10515
7932
7406
10675
10554
3070
5205
4205
5272
5662
7629
895
3439
6416
8760
7652
4343
7225
4238
8000
3502
7736
11660
6692
1307
7069
3853
8390
942
5689
6341
3065
4893
4705
5814
5432
10909
10962
4340
11007
7552
3184
7860
3798
11017
5185
4847
4409
7693
8123
4403
5420
4410
7545
4418
61
3531
4408
3301
6790
5786
8722
6764
5459
7947
1227
1421
10485
3985
6643
10809
8694
7362
7190
4086
8684
296
3728
11606
5622
6668
8040
3108
6771
288
1105
5477
3811
7029
4185
860
11870
7934
6051
5977
3203
5032
10919
4107
5055
7064
7597
7896
1117
3693
7341
10750
3947
1312
6387
8858
1132
7585
6424
6139
4691
5795
3813
8542
8151
4708
3873
7342
7360
4997
1129
7324
3114
10978
6642
5014
5927
10776
283
75
8126
920
8600
10838
785
8343
4849
10528
1125
8036
11849
1190
293
4199
7686
6250
3123
5290
6515
4001
5589
5387
7249
1035
7837
3544
5441
5621
220
1059
5493
5546
6908
4384
10867
7243
7772
3850
193
7388
5136
5729
5025
3991
11735
946
8912
1123
11669
8438
11844
7268
8113
3025
8631
3572
6789
10879
5722
3984
3048
3824
4122
5677
6086
7970
8139
7733
7527
7537
3096
10715
4482
5761
7524
3952
4581
970
5575
3851
10493
11652
5307
4326
6750
4498
6255
857
6116
8164
3098
1258
4805
4844
3316
4486
10737
1012
3409
7077
7227
1115
3935
8770
11713
5938
6414
7251
1139
10947
4493
4134
3755
1203
221
7217
11682
7411
7650
10925
5154
7603
7087
7749
5793
3745
3353
7422
7871
3338
5848
7558
4955
8547
3297
8702
3846
6468
10706
7052
7654
3300
5664
7115
8328
8610
10496
7009
5481
3685
6999
325
11576
3548
6062
818
3588
7062
8499
10641
4406
8656
5414
8339
8747
4769
45
10452
3212
6950
6729
3884
7390
5048
11569
6887
3470
1265
8805
10533
6284
5872
3376
4571
10756
6922
3053
4702
11572
5266
8618
3318
11575
7797
11088
7873
5070
7991
10599
8374
1106
5918
7573
6998
7292
7878
5329
7918
8034
4376
4008
8812
6466
6974
346
11918
1085
8921
6457
10953
7591
6565
3817
6461
8128
1037
8006
11129
7492
3208
10878
10665
8231
4076
913
5234
11611
5433
5586
7638
5777
3054
11746
6229
6432
8483
8776
11933
7570
4888
6039
5733
8108
8073
6793
10629
5675
8763
1336
3540
6166
7306
271
5682
5796
1021
4630
6989
4792
10573
3401
6710
11670
7943
7861
7847
6735
6449
4866
6676
4483
4791
5923
8236
5451
867
11676
8904
10740
11644
3805
76
7702
6947
10718
3244
5485
6706
8733
7284
3115
5857
7128
3713
7228
3347
10873
5791
5449
8165
7286
4407
11162
6540
10502
11879
10649
1141
7212
8425
11595
6830
764
7222
3463
5648
4760
11667
1322
7034
5941
8506
7365
3705
7804
6042
4490
886
78
4535
5489
6783
6776
8373
316
7067
6003
7762
4548
3937
7028
8370
4476
8936
11629
6882
5084
4108
7304
4620
4273
928
4826
3517
4248
6002
7297
3629
8322
8704
5513
3013
11077
1426
3911
5904
8194
5202
7369
1337
7482
1356
5275
6573
3084
3421
7889
6299
7080
6752
5860
3354
7218
7690
3085
8473
6955
5576
11038
7887
7695
11005
4470
5530
8355
6162
4432
3001
5444
6626
8260
8711
6235
5088
10605
4610
8713
5291
8208
1329
11107
6311
5874
4338
6696
3225
11627
11584
7010
6366
6094
5033
10856
8649
5764
11003
7944
83
914
1260
11114
4583
7937
6372
4944
1317
7846
3779
5241
3777
10708
3457
10942
1010
3992
8153
8440
7250
8820
10680
8945
1483
10736
7475
6291
6242
3819
11045
902
4661
6609
8708
10711
8477
887
10745
927
236
4496
10677
4434
4181
3648
11724
7785
3118
8946
6640
11634
8198
1471
5736
10841
8178
5963
5229
8035
4303
9
10547
4867
3425
11076
767
8748
880
7136
7054
4932
849
6575
4201
3193
10926
3906
6594
3395
6104
1211
3157
8280
5560
6411
3604
1196
51
10801
6331
3829
8239
4807
4744
5704
6787
5750
5417
6455
11712
6368
7929
6816
8150
10798
8111
10987
8938
3981
6851
6768
4578
3081
8116
4619
7209
5131
4926
5980
5269
7293
4966
6625
3285
1026
7234
5671
10762
3557
3741
3317
3833
3028
7513
4503
7137
8180
5894
3660
7316
974
5254
6719
8448
7314
1324
7962
7468
5383
1102
10928
4183
4051
6497
7730
7828
5590
1261
5754
7279
11654
6537
1149
7347
7813
4239
11035
8394
1004
7441
4027
10895
5907
10917
8753
4722
4550
3472
6431
5769
3874
1108
7870
3256
10607
3605
6559
7303
908
10728
8678
4354
6479
1290
7364
4945
5330
8528
10854
8344
4467
6063
4779
235
5762
4316
4218
7590
7193
1172
4863
8105
3265
7567
8874
4587
3747
10727
10722
1003
4149
6099
3674
763
6356
5310
4058
309
10940
8642
10812
10989
8268
8585
10908
4833
11011
5666
6262
6826
10612
66
6554
940
5881
807
4694
6574
7891
8660
3844
7396
4616
4513
5429
5138
8875
2990
4816
5358
7371
3857
5181
6930
6485
8050
4752
6409
5723
10567
7404
10816
10491
4683
3529
4514
8095
4286
748
1472
3386
11577
6682
5040
4790
3872
4737
10849
7893
11681
4192
3585
4262
4917
6552
8737
4527
7886
208
3934
4191
11112
7298
5490
1217
6606
1300
8836
6921
4653
10507
11874
8474
4818
8761
10956
6110
11579
7111
8255
1286
6089
3453
4190
7480
972
6319
7844
7372
5462
7619
8242
6824
3925
6616
4004
11684
5249
282
3042
3969
7196
5510
10937
1327
8613
6799
6954
3381
4341
7141
7090
3825
8232
6020
4909
5399
6526
8467
7990
4456
7735
8432
5891
4104
5177
1205
3066
5435
7023
5511
8639
6979
10896
8902
3721
10961
1007
8937
3233
280
5018
11919
10598
6661
7544
1325
3536
3336
795
1159
4693
10504
5749
4309
4709
3370
10980
10535
5913
4962
3550
10663
6896
8159
3606
5714
326
6708
6628
8723
10510
7474
4154
5471
4477
7743
6469
11727
3254
3473
7517
5368
5718
6098
1469
5066
7827
6879
3676
5628
3698
5168
8362
10642
3944
4034
11747
5688
1111
226
4557
11845
5278
3343
4269
10936
6805
4189
10813
4517
3569
4188
5474
5130
4089
5057
1288
5112
6862
3889
8452
7327
7237
10464
5024
3128
5170
8846
5385
10648
7987
8213
4294
6018
7410
6016
7479
911
4825
7178
6707
8254
8056
5396
8031
251
7206
4757
3035
8813
5716
1347
4304
8709
3770
10678
4280
7245
1431
6097
5533
8650
1455
1233
4147
7235
3640
7720
3483
6394
5096
4617
4914
7366
10721
3448
3500
7198
10943
6598
11026
3151
4591
5072
5189
1200
3989
5843
5386
3315
7805
8857
8181
11622
7750
3781
6177
4007
7061
3686
1413
3083
3044
6953
8862
4245
57
4465
7275
4364
5503
6301
7956
8576
8524
11036
6567
4861
10861
8426
4445
3129
8935
7426
6969
5571
5092
747
5071
7951
8534
8316
3510
285
5333
1023
4172
7526
3037
8157
10526
5815
5674
6465
7340
6570
5085
5287
11699
4416
4324
8083
1267
897
3221
6857
5634
7051
314
3812
5372
5031
4291
8413
6150
4995
5384
21
5798
8084
6820
5079
8368
7922
5557
6263
11625
6941
203
6499
8899
7498
840
4920
331
4911
1363
8688
8196
10986
3707
6346
4547
4423
6210
8614
11610
3828
7405
192
3616
10752
4035
991
1244
10788
7177
3412
4365
6916
1114
8002
6863
1040
3216
3296
11068
8536
8263
952
7941
4720
6027
5015
6884
1017
11711
6035
777
4128
8513
6902
11586
5981
6544
1385
7770
6037
7220
5318
5903
8629
5343
7984
4615
5148
6013
5803
6530
6932
5295
5427
7330
7447
6476
4640
10712
6333
894
1407
10603
7757
8211
8022
3088
6993
4261
77
4426
3436
275
7006
5473
8189
6664
1198
989
3740
10484
7895
1121
1232
757
4441
4559
5774
4168
3051
6342
3122
311
8366
5504
1237
1468
7277
4771
7624
5171
4762
5378
4773
10447
5770
1144
11144
5735
957
10949
7066
813
7713
3435
5401
7201
10590
8345
1299
11700
3079
6491
4800
4055
4211
10540
5026
7564
3476
3413
4097
6629
5681
7336
5917
4957
6865
11160
6154
10702
4568
11037
6918
11063
6757
4852
10948
260
4726
11690
6274
5618
11123
3177
6612
6869
6017
5302
8493
7907
8838
6550
5219
11736
10767
8405
8104
7531
6745
8132
5994
3560
10688
1082
6257
4228
11135
5706
7673
1148
7402
10700
963
8395
365
6421
8641
4918
1167
8349
7070
7483
7607
1042
3869
8632
3407
5955
4519
3063
5165
10823
5808
7697
6350
4094
1326
201
1418
4877
3106
11680
6819
10486
3136
4801
4049
3942
4131
5500
4542
1091
5869
6603
6386
6001
7996
8294
11614
7079
953
1243
4289
8676
4673
3808
3795
6259
7039
7309
8512
10444
5787
7773
8879
890
5897
4810
10551
11707
4686
3100
10514
5042
850
3158
1262
4371
8551
7100
4625
8300
3274
10602
10647
5780
4813
7877
11177
4348
1456
6797
4396
3258
8218
8809
6933
358
6103
8581
7807
11618
11147
5260
11008
10492
5832
11150
10458
6647
6384
5353
7627
6467
65
4037
5480
5847
10450
8562
7276
5379
10820
3986
10768
7244
6079
4545
1100
262
8860
5788
4657
10994
7883
6929
279
4685
745
6316
5758
11875
3454
1008
205
4186
7572
1204
6362
7978
3389
8544
3492
7236
1218
5164
4439
3248
6948
360
3571
11693
8306
11058
4621
8099
4534
3458
11648
1181
7529
215
794
3228
5651
4208
10693
7687
8701
6831
7470
4430
8453
11072
5102
4115
5023
5507
6325
6699
7512
6163
6000
877
8851
4594
1263
1481
4618
1223
780
5550
3144
7134
6858
4457
8878
5531
3837
3508
5209
6523
10621
1283
8640
5946
5676
7741
6938
7260
322
4379
7729
7593
6966
10585
8256
3826
6254
7954
3910
7881
7914
4595
5645
11850
5694
7430
7898
7691
8068
10499
1089
7645
3245
10741
8112
5555
8310
7403
6709
8940
8617
4417
7680
4647
4233
3198
5701
3107
10466
5670
5697
3382
4448
4148
188
6286
11617
7500
4349
10669
10772
8848
8299
5203
5547
10527
8500
5997
3522
1488
7287
4074
5190
1092
7569
5328
11044
4393
4336
11183
3758
231
241
815
8309
6028
7613
4876
766
3452
2988
5323
8397
6714
10557
3764
6248
10482
10759
10445
11631
4749
4864
1014
10617
3281
7795
8931
7432
8138
7716
5117
5929
4806
8926
337
4497
7742
832
3731
3240
3132
5068
10828
7261
1249
4347
5932
7979
3351
1330
7867
8602
6762
6780
7577
10779
8749
10465
6866
222
7296
5890
7610
3201
11073
5119
4057
3133
779
8738
8659
10785
1458
4501
5373
5339
1279
7457
1001
3794
6195
4117
6846
7281
7386
4746
3806
11113
3140
4906
6303
6247
1332
5541
250
4092
6808
4596
10966
5216
4928
6610
967
6543
11888
1478
5509
10984
10519
6532
3525
4466
5956
4413
11100
11103
11843
8839
5300
4874
5577
7083
6795
7993
3017
7007
7819
5713
5248
6875
7056
6772
5771
10595
888
1367
3862
73
6837
11091
10652
8023
5926
7155
862
8643
11867
299
5118
7521
985
1479
8481
8589
11857
6483
7229
931
1088
8016
929
6397
10795
11877
6652
8819
6782
3656
811
6841
4329
6632
10729
5695
3273
11621
8429
5220
3734
7169
11639
6381
5149
11079
5206
4978
8179
8754
10913
3097
344
10775
3344
8484
6376
11740
7534
1152
11573
5889
7783
6818
8582
3378
8283
6505
4158
948
6620
334
6061
4907
10957
3553
8055
7335
3732
3227
6525
3750
11119
8578
4943
8490
3964
4463
8307
11730
7798
4855
11651
7543
7477
3303
3007
4781
1297
5496
7536
7930
6273
8729
3446
7880
10831
4356
3769
7294
7156
5494
70
7255
5712
7588
1058
3358
4394
6568
6621
10594
4894
6597
3474
8215
3816
267
10565
5928
10897
3030
10868
5554
4526
3499
7661
4738
3011
81
11745
5233
11678
3923
8695
3331
4440
6890
4965
6727
6308
5447
1292
4983
5160
3484
3149
6152
10597
8828
213
6351
19
8464
6792
5187
10898
4590
5053
7835
3941
10570
3268
1269
11628
4525
984
10478
3661
6711
5983
10880
10457
3479
6608
6312
7584
11051
8598
8416
3791
6641
6634
4508
6681
1399
8885
11673
6500
3445
4869
1490
0
307
10640
5476
3310
6388
6861
6502
1453
7718
8303
3124
7107
7290
6222
11865
8187
7825
6904
11165
6060
3953
7858
3978
3641
7571
7791
6367
11878
1078
10758
8361
200
3753
11860
6775
11563
773
6370
6015
1296
11873
4751
6617
5183
8599
7622
3167
4704
6422
7972
8830
4065
7110
10935
4934
7633
4399
8667
8382
3932
8750
7768
3611
4741
7595
5285
8385
6032
4799
4699
6138
8854
6221
3556
4321
5556
1063
8141
8837
1405
10676
8404
7561
7439
3542
8251
1045
5524
8219
5979
5089
3915
11138
8934
10731
6067
3145
1189
5783
1212
788
7214
6731
5409
7331
7794
298
7413
3538
11650
11118
3146
6677
8941
4651
5804
7305
7469
11095
8611
3555
7738
5143
8177
7579
291
3898
233
8367
8312
4016
8877
11169
4843
6981
4764
6164
3205
4707
7004
4793
8915
278
7719
4837
7646
6324
1120
10846
4032
4196
6348
6687
10923
8736
4989
7435
10494
3089
3064
8314
4678
7859
8172
10684
7334
6569
7540
951
7160
4815
3891
7481
3971
5502
4203
7398
6562
3652
1104
805
5005
3696
4059
1202
4716
5950
5499
7368
6756
3232
4460
5858
3513
8768
8359
958
10892
6088
7936
3963
5332
3046
876
6586
6320
5951
5231
3528
4650
7387
3694
8142
8734
8703
4142
5288
5225
7913
7677
1387
4240
1177
3326
1425
5942
3105
3239
8869
4530
4931
6090
4225
3519
3742
4031
11133
4540
7096
8671
4820
206
8228
11153
6911
5876
8591
5418
3574
4562
3137
1138
4828
6577
5388
797
10825
11599
833
5522
6121
5564
3524
3858
10563
5879
1011
3576
3990
5617
8488
8223
8357
6529
1097
6895
10749
5659
7816
1225
6506
5544
6888
3673
4176
3262
4675
7126
3394
8612
11020
4905
1362
3174
4768
3995
3706
12
4970
8415
3161
3290
7325
3346
7662
7267
1467
6976
5230
10542
2985
6688
8840
6174
7151
8775
8654
1459
7705
11921
3887
7213
194
3515
905
1195
5565
1018
6718
11081
8886
4644
6996
1460
7634
4845
49
8545
6243
6360
950
3319
4544
11923
5781
10810
8744
8131
6891
7580
1005
5294
6901
5360
6963
5313
1180
207
8072
8205
7445
5925
5063
8764
6427
3970
10512
265
11029
5658
998
10704
8845
3726
10656
1228
4639
8740
3034
7395
10477
6748
5591
6056
367
3635
6073
1116
3692
3587
8714
292
8200
3141
10699
7152
7043
11024
7755
5354
4883
6909
11744
7651
7344
1171
4293
11722
8427
6194
5251
1285
5240
8267
8779
8881
7230
6382
6732
3631
7698
4346
4509
4272
11159
11738
7258
6914
746
11018
8873
4251
8185
11589
5184
11922
5426
11031
232
4500
6716
7786
4588
5218
10634
3488
7611
3699
7722
3593
7047
4105
8895
6396
6380
6290
352
7379
202
1153
5051
3946
4802
8799
8762
954
5348
2984
4831
5355
761
10549
11635
7539
11016
6219
8110
7960
4246
5321
3675
4487
7035
8308
11185
3735
10623
3954
7031
7460
4961
3926
7318
4862
6850
3782
3979
896
7509
10613
6770
4479
8790
5776
5374
3890
8262
4292
3373
10586
1277
11717
1213
7071
5347
3418
3551
10662
3650
7753
10872
6619
3061
8188
8919
6036
10672
8406
4270
8186
8556
10691
11132
5669
7935
5214
5721
8318
8265
6957
5597
3973
4040
6604
323
8653
10806
3776
5461
3419
11633
994
5863
6261
7617
1029
8396
5306
7074
4428
3796
2998
8780
7568
7977
7606
1064
289
854
332
3000
4469
7989
8843
10982
8479
10531
10875
5943
7946
3367
11110
3392
4195
10747
5412
6111
4056
8424
1165
8568
3243
4579
10608
8282
6230
7988
3684
297
6864
4554
4141
6680
3224
7836
4209
11647
8523
3429
8777
4079
6395
4756
8071
3147
4006
4812
3339
3126
4924
1215
6153
3933
7037
5551
1424
3222
4202
3627
5103
3139
6252
11710
7270
8789
7885
8129
10520
6829
8732
5221
6136
5453
86
10726
4803
10454
4872
915
1341
5120
3945
11696
5639
1234
4120
4774
5331
3677
3411
6128
10488
1173
4267
3526
4599
5389
6983
10791
4332
3877
7618
11847
4873
8605
3183
7503
11171
3213
8258
7668
3180
11608
7149
6794
3304
6237
3972
6085
7125
3875
3359
7192
7510
3800
3831
8027
5514
5851
6120
1465
5421
3405
8066
8664
7538
5753
5685
5906
5730
3309
3625
1380
1201
6146
3761
4564
8560
5989
1164
4184
7057
6318
5159
6823
6374
5137
7436
907
7884
3955
8288
6964
4765
8595
4948
1239
1375
7438
3113
6410
6839
6124
4247
865
8098
8041
4775
7866
7254
8342
7274
6265
11096
3023
7685
11638
8350
7840
10498
3566
4019
4175
11743
7102
10930
10481
5732
302
3665
4954
8865
4047
7263
6534
6137
7059
3681
7637
1406
7933
5021
4431
7022
6910
7958
5076
4777
8182
969
6788
11872
5398
8214
10888
4166
11179
3430
3288
7246
4904
6429
7195
3966
3883
7459
6102
5708
7681
4146
10735
8235
10973
5271
4558
8209
5886
7576
5911
6492
5959
5604
8269
7717
6270
5125
4013
866
1323
10786
11663
3835
7957
4553
10668
3236
7020
3428
7232
5041
11140
7356
11168
6216
6251
4627
10627
5516
11623
3651
5982
8175
11571
10518
6927
11093
11659
5852
5838
5580
5737
3447
8354
4230
3131
5267
6271
3171
6657
11116
5644
8216
3235
7350
1429
1071
1422
4606
7678
8078
10821
4442
4472
6759
11605
3039
3414
7319
3242
5403
6193
11626
8203
6393
995
10569
5835
4177
7489
237
5864
8519
7809
63
8555
863
321
8896
5105
6267
8648
6802
7285
937
11175
4585
1382
1295
5110
7040
4507
6445
10650
3175
5855
4296
4858
6956
7963
7025
10771
8765
5877
4645
8903
3071
7614
1038
4038
4116
4415
5495
11580
8375
89
7643
7752
10582
4589
8625
11704
5095
10468
3342
7138
4464
762
1264
4385
4593
1353
6214
7044
5146
8285
5508
5833
187
8336
6798
5069
3959
3277
5009
8891
8504
5583
4667
5772
6755
6040
5846
5582
11000
1191
10559
7241
3148
1087
3729
5116
8021
3876
3592
8583
10707
3711
7063
6167
6005
10600
246
5880
7682
11125
3464
6700
10580
4666
3633
893
3914
3202
11109
1303
10581
1334
8442
10794
6010
79
8884
4808
10575
8787
4584
11030
7779
3612
3368
4981
5829
6673
6659
11697
5818
7376
10859
1314
10944
11012
10610
11154
6781
6859
16
6135
6596
6323
10814
4940
4923
5948
6926
6100
8898
4206
4890
7427
5392
3727
5132
1068
6315
8029
7620
3827
8824
8621
10992
8311
5629
7776
8868
751
48
6698
11015
4609
3286
10609
4710
8334
4046
6112
3427
11094
4721
844
8497
11863
6007
4936
11596
4968
3267
7707
5799
11108
10799
10544
4570
3793
10673
5766
5515
11187
8304
6627
8731
3040
7904
4734
8620
4897
1062
11731
5381
6849
3320
11157
4207
10848
8241
955
339
979
7751
6452
872
3938
3092
7462
7339
6200
8549
8174
3908
11065
5792
5273
7519
5196
3022
7601
7559
8431
3527
5953
10824
1214
6305
8847
74
3116
1477
7154
7175
1240
4391
8026
4697
5250
8462
11174
7046
11152
1101
924
3570
7072
822
3701
11115
6873
7843
8064
7639
4052
7216
4979
10538
328
7288
3820
10571
5845
3586
8347
3324
5293
6972
10655
10906
1241
3537
3393
7832
4392
10503
4063
6287
8834
5542
8289
3621
4681
3799
11926
239
10643
11141
3535
7328
6656
5609
6203
3142
1305
4151
277
918
4011
3143
7015
3830
4361
3710
3056
6635
853
11883
4478
4053
941
8428
10555
270
1480
4066
7308
5407
11686
1098
7679
5457
10564
3823
8692
353
6444
10983
1411
3211
6912
1331
4194
7669
3255
3270
6296
7005
6934
6765
7815
10920
6218
11010
7746
3101
4592
4226
6852
4022
1047
362
6417
8949
988
7081
3894
11043
3003
7732
8291
5261
4173
198
7472
5521
10760
5078
3683
10545
5142
1289
10792
4652
5122
8603
1352
6329
11723
1150
4674
361
5830
7694
4665
5985
5802
6898
4915
8593
8561
5999
3384
5899
5794
7382
7375
4449
1162
11176
3398
5633
8167
8106
6392
10990
7630
1339
7556
6144
4435
6077
5198
4690
900
11674
8817
11087
7337
1383
4322
7894
10874
3075
5195
4875
1224
6322
8059
7900
6872
227
5512
3282
8290
6513
5115
3153
1048
8326
4471
3189
4758
8690
8682
1433
7367
5140
4411
3754
1119
8364
4331
4404
5529
11692
6399
1161
5336
8433
6960
6118
11084
6962
7631
6115
10852
1315
5455
4723
3783
6860
8785
11070
1462
3380
7683
7826
6590
10577
8005
6148
4676
10766
8046
6737
1006
6091
10753
3565
5109
7890
5144
4152
7018
11853
7548
5567
5463
1360
11695
1176
7188
3190
7310
5201
6050
6246
4278
5862
8604
1193
5458
11181
4539
3214
7191
6853
6340
7283
875
5710
7777
5446
6906
8047
5264
5304
3909
7995
4212
3200
1409
8897
1298
4980
7307
5543
5350
5930
4344
5397
5755
10881
768
10968
3807
5391
7621
1137
10636
3579
8587
7888
6460
5217
8901
6654
287
6724
8457
7839
6712
11665
828
7490
7507
4085
11886
8571
4256
5016
5292
4048
5920
7363
1452
8125
6952
6549
5028
1364
11714
4401
4163
4266
6208
5469
4042
6347
8017
6217
4260
7135
4461
834
4922
5506
787
3060
1390
7709
6385
3332
8794
5915
1124
5286
8332
11582
6611
3104
7381
3168
10487
3589
8679
4901
3241
6723
5107
5050
8706
3615
1316
18
8423
11130
7144
1051
1281
976
8102
6801
10483
6878
6415
5562
301
10744
4495
5097
3073
901
8420
4839
3219
11069
3423
4982
6189
5871
934
10717
3905
4412
7494
10770
3700
6398
6584
4870
8402
6482
3861
5067
5884
6456
8712
4996
8250
8222
8386
7114
6157
5908
3501
8204
7508
5491
5824
4518
7857
5003
838
6809
5752
5059
6069
11151
10903
5519
11158
7416
3489
1404
303
8925
7554
10606
1084
831
2987
5468
4333
1000
5393
3467
6571
5359
7094
973
939
3558
3455
3577
5030
4373
4082
4512
8076
3374
10932
7455
7226
8387
3662
7981
5297
11574
6649
3644
5823
5649
4164
4124
10866
7632
859
1002
1009
4231
5587
10754
4132
10556
3664
10915
10844
263
3987
5314
4786
961
1402
10692
1463
1039
947
7699
3702
11624
7266
6353
8883
5413
3679
3204
5425
8663
5523
10601
1321
217
247
7086
5528
5363
10924
10871
5227
6405
7150
6838
1340
4140
7926
10446
4903
3298
189
6132
8191
8918
7787
4856
4314
4018
7170
7311
3322
8533
3518
4646
8120
6114
4446
4420
11080
3784
4323
6965
997
6475
320
5715
4488
10805
4739
5765
4369
3708
8594
3690
4794
5074
7421
5312
1235
3695
7349
3902
6561
7027
5086
10657
10743
11161
8272
7140
6434
3019
6924
10683
1094
3534
7211
3047
6579
1143
3341
5825
7082
3192
5947
3263
64
7346
7992
4308
5182
7449
6763
4458
8728
4743
4713
4840
4586
4386
6264
5124
3810
7808
3291
7176
8039
8379
234
6215
7485
7814
8492
8143
8516
7105
7181
8546
11856
8796
1168
5193
7174
11182
4701
3601
7850
11097
8369
5867
6059
6935
6435
7997
4648
1142
4145
11869
7131
1157
1444
4156
11120
4436
6669
10965
5157
7592
8338
4515
7903
7166
10620
7919
4444
6234
3173
4243
10522
11105
10996
6666
6551
11122
5422
11612
4822
11040
4643
8421
4072
6172
3559
8053
6049
5585
5566
3257
8458
3055
6175
7505
6406
8514
8539
3756
7299
1032
10449
5888
6834
3539
774
1086
7763
6690
5439
3127
7800
1442
8297
8045
4290
4529
11127
881
5113
4198
4301
8024
6747
8042
7734
5361
4672
6871
6034
4492
4560
8054
8841
6180
6122
84
6556
6228
3590
4127
1485
3323
3400
8013
8559
4130
10976
6512
5498
6033
4565
8051
5180
3036
5487
10476
6704
7106
3994
6546
1107
4772
7280
4375
8430
3780
3357
5162
6970
7194
4880
6630
1134
6618
3689
4093
1229
3610
329
1359
4916
11131
10802
6212
8313
6334
5724
1308
3112
4626
11137
6738
10470
3260
5281
4750
4224
7423
7259
252
799
10589
7775
5176
10523
5526
1096
8407
5098
4622
8930
7925
6674
7109
5486
5702
4871
6418
11687
4857
5859
8699
4288
10912
8445
7348
3365
10671
6165
869
3514
8515
892
6951
3283
10946
5404
8446
8580
6441
5627
11887
4886
7373
7596
3608
7563
8721
7397
7146
4960
1270
1220
5236
8134
6702
5242
8786
10815
5902
7998
10666
7428
5626
8156
340
11594
10985
6728
4607
7239
4050
4952
11602
6298
6581
8296
3788
10840
1454
4528
3410
11052
4081
3462
8058
6889
11656
5909
5002
6440
6245
6448
11742
5139
4884
4788
5667
8908
3924
5853
7049
4892
6236
5043
4927
8160
5602
1365
4841
6213
8202
3355
4655
7923
8944
3059
8842
347
5371
6602
5405
11885
6070
1304
10999
5011
3591
1147
7383
8450
3653
3940
6266
960
6160
921
8932
11597
8757
8535
11075
6994
7093
8889
11034
8670
3086
5922
8718
5150
3752
8784
7802
8872
6108
10646
4389
7295
7602
3983
8441
10914
3045
8335
11679
6655
6481
11600
3348
3074
6133
5800
8184
5010
10467
855
1369
6843
281
7766
1349
5166
776
3449
3012
8145
6931
8853
6181
8609
1475
7463
8412
7948
3185
6527
6240
6538
3998
3580
1318
5595
11708
8683
6345
6437
5944
1056
3778
6006
335
6734
7810
6868
10902
7120
5255
10720
7530
4718
4689
6412
8451
4865
10521
5625
3867
7999
6767
4110
6487
5268
7920
8575
8769
4221
8778
3703
3628
5406
52
4543
5440
7594
8829
7928
4144
3575
261
5995
6119
10596
3321
3369
3099
8797
10853
4232
7401
8724
6041
5990
11662
6327
4167
5849
8271
3789
8756
11619
1328
6307
7461
8745
4276
4551
3361
6693
8340
6459
10628
3918
3002
11090
7975
3958
11014
10725
1484
5630
5282
8244
3215
5696
7655
3951
1374
10625
1182
5309
5563
3709
5173
5207
5094
11683
4623
3090
10945
6192
7221
11636
4684
6563
5975
8152
6304
3015
3465
3366
3860
8323
6239
6205
6451
5822
3552
10562
3620
7354
8543
8114
1376
8418
1057
4305
8725
6784
6572
7351
1074
11688
5921
3363
3176
348
5037
1284
5484
5705
3165
6881
7098
8646
7448
1197
8530
5631
7973
6447
4687
10530
5893
8443
5957
4809
1392
6330
3943
11685
1437
11139
366
3759
8195
3533
212
11858
986
5558
4363
8103
1416
8065
8558
5479
3026
5039
6644
4277
4832
10615
7765
6204
5424
3882
8460
5247
1126
4712
3292
11055
4475
8601
4956
4000
4730
4029
10456
6373
3438
6558
1151
10883
4658
11927
5289
3364
1373
7038
7780
364
1486
7002
823
5611
6988
7560
7322
5601
5382
11726
1184
8292
6428
5179
1435
4311
3125
7982
1378
5191
5638
7042
7641
3546
8735
8279
1033
8358
10587
3636
8520
7792
760
7434
3340
224
4921
5643
6183
1346
5054
884
10618
8657
10732
10911
7329
6081
846
4649
3622
1192
11671
784
1344
3328
10938
4963
4015
10797
8804
6919
4077
8564
6361
5466
8325
350
3016
756
966
11658
8746
8517
3330
6522
7089
3974
4784
10622
7164
4337
7361
7864
6582
7910
8007
11046
11565
225
7711
5790
4719
8168
775
1293
4912
6443
3619
6633
7830
975
11854
8081
1060
753
1015
3822
3797
8470
845
3658
8253
1410
5991
4197
11089
6471
7129
5408
4879
4222
3182
3885
4938
6486
5742
8082
3278
8647
868
195
3450
4112
4576
5820
258
801
6913
3188
8666
10695
4119
5001
10782
5434
8870
7476
3743
6052
269
5933
6030
6310
7158
3790
5029
8844
1122
6478
10769
11914
4613
7478
327
6095
8590
7767
982
268
1338
1095
8816
8305
7065
6876
817
4891
1065
7902
8685
3250
5101
4102
5892
11591
7688
5082
10687
4312
4219
4899
1266
7851
4010
5505
1301
8135
8680
1436
3020
983
5914
8163
7484
6971
1160
6697
216
5390
8751
4069
8060
7616
11748
6778
8705
5443
5100
8109
7608
3308
6725
8553
11047
2993
3688
8408
4631
7163
4075
7876
8489
7747
7562
3637
11640
5061
3687
7215
7076
1135
7433
4767
4113
6507
4679
4390
7182
4335
1072
7725
3306
8148
6477
1273
4200
770
3936
8942
6009
5274
4397
8766
10845
3024
10818
5049
3493
8485
3609
3802
4659
1259
3371
10970
4180
10637
7852
1393
4227
3864
4598
3748
7769
5060
8803
980
11607
4975
1046
4902
4898
8273
6722
6206
4668
10958
10536
5901
7504
5613
11
1076
6753
4814
8237
7272
8487
3461
3719
4170
3599
7615
6038
943
8011
8686
4137
6897
4264
6364
4187
6295
4204
3217
47
6244
10471
4030
4538
5012
10733
6302
6520
8627
4908
7262
7831
5961
5954
7609
6332
5655
8048
6407
343
5064
4414
10858
7905
1154
8324
5317
7499
8146
4933
5518
4433
3194
6803
981
8459
5362
3302
5065
4546
992
1449
3179
8439
3554
10560
792
7380
8615
3329
4320
8715
10796
7133
3649
6622
4634
4597
10804
1186
925
1313
5647
5538
6774
8496
91
5725
3801
3327
5810
5223
7906
3271
5232
3680
11049
4229
6736
6185
10746
7207
8003
4443
808
4838
7415
6761
6130
7721
6607
3272
3521
6365
3928
8212
4520
3031
1350
10572
7491
8638
5135
6855
8495
6198
295
5192
7113
7912
4662
5356
5905
4123
1103
11868
5020
3751
6825
5239
5745
5431
4827
8781
3645
3596
5719
6740
4541
5971
11706
3004
1199
6588
6357
5226
11566
8115
4388
4005
8691
8795
10644
6048
6583
3111
3295
3613
3433
8463
1445
6147
6046
3670
8501
8130
4054
10501
4959
11666
7099
7000
7644
3406
317
7389
5283
8815
5612
6689
7952
5428
7003
8298
8333
197
1093
1252
5402
3504
4656
3520
6949
4973
6458
10780
10709
7599
7971
1081
1066
5759
5035
5152
11866
55
5779
7302
750
6256
4536
363
826
5335
11718
10539
4785
7781
8782
4252
5454
10839
7811
4121
8019
7854
5394
5377
8381
7429
4770
7665
5445
2996
1110
3847
4580
6651
5199
1400
1077
4881
6224
11925
3021
3757
8468
11739
11601
4556
4999
8856
8491
10443
4754
7101
5873
1136
1415
6684
8633
7199
6754
5022
4836
6614
1466
7759
10863
3253
5834
10645
8411
4437
8570
11570
1474
4044
11855
885
10451
10960
50
8302
11142
5728
7278
4028
7385
4953
3638
1256
8422
11592
5257
3962
8447
5133
8850
8100
5751
4133
5376
5720
7078
4014
4628
7628
6187
926
3632
3417
10907
3388
6413
7589
5760
5831
1476
769
8532
3196
3186
4215
7223
5156
3999
5931
6967
4073
11071
8927
11092
3284
7210
7515
5744
6058
6462
1248
10832
8275
4736
6260
11050
4624
1396
8475
944
7605
8849
6145
4036
3481
7256
6188
5574
5091
6773
6464
4078
7856
3997
10934
1083
7771
3530
10658
5045
3289
3714
3582
8920
10742
11039
7965
4067
7667
4060
7778
11054
782
8674
3209
5081
3505
3939
8057
3617
313
6514
7060
5316
4095
7122
4823
8277
10459
319
3477
871
5365
6107
4895
4967
11598
7801
4287
4450
4216
3117
4368
10884
7231
6473
3980
8043
11664
7359
8771
5875
4885
6241
3312
4504
8509
256
4033
5596
8511
10778
8206
8281
8494
8363
3646
1395
4531
4468
5305
5151
4236
10500
3487
7869
6004
8090
8088
1013
8758
8916
3468
10624
8247
11056
7471
8825
1166
11066
6813
10674
8170
7454
8315
7269
6151
3506
8286
1036
1434
11732
3480
8573
6474
7147
7407
7391
10933
5610
6511
7976
7265
306
10664
6168
3916
273
10508
3639
11102
800
290
191
8372
4740
6156
6508
6074
1420
3854
5520
7313
5717
4796
5175
6943
7818
4974
4257
10870
345
8569
8287
5237
11920
3404
906
8075
3718
8414
10524
4602
3451
10616
3907
3138
7200
7431
5147
11041
4642
5244
1080
1250
6253
1272
5007
1287
6804
7582
836
5370
3230
3094
1268
3422
7821
4711
6814
10661
6726
6488
6023
5970
3840
14
8911
4150
7955
4717
6024
3197
6075
8317
4780
3172
5108
5936
5324
4632
11677
8700
2991
7660
7167
7865
1113
8951
8030
8461
6961
4787
4766
4370
1440
6845
6066
13
5958
8063
3967
10808
4275
4103
1333
3443
8249
11163
5837
3903
10475
1278
8234
10886
4162
8049
6720
1170
3949
10716
3774
6593
4382
3815
6258
4913
3109
11059
7142
10851
3600
10787
4930
5197
5532
6450
1282
10639
6268
821
5680
4605
10781
7739
5174
4234
3166
3491
8726
7701
6379
6043
10516
1024
5661
6533
4106
3982
3307
7908
7418
3387
3238
10461
6746
5334
3775
7788
3494
11180
8321
8295
1020
5642
5475
6945
5145
11587
6232
11655
7443
7143
5607
5212
6494
10979
3841
7203
6408
5568
7238
10877
4798
4688
3549
7497
6495
5850
5844
10548
10473
11078
5380
7708
10626
1381
4359
6777
5924
6648
8498
7442
11019
11916
11620
4017
4213
3072
8419
6142
5245
8197
8596
5178
5276
8092
6292
5856
3543
10723
10751
4633
6282
6968
858
6109
1185
4306
10905
6903
10635
2994
6178
5325
781
8220
8245
60
5252
6383
4654
10469
6281
3091
8531
4350
357
10460
1306
7506
3187
6496
5919
3050
8403
5741
5470
274
5828
1034
8201
11057
10967
10822
8608
7516
6786
1031
6836
8662
4994
5472
5460
1246
7075
8636
10952
7764
4850
7453
7758
10509
3345
4889
7161
3080
2995
6501
4422
3657
7456
7320
4268
5581
3356
3377
1487
11117
864
3581
6313
5641
6870
5465
945
10836
5121
3578
5778
56
5937
1169
7240
8774
7343
4099
4761
4002
11613
8900
7045
8341
10789
11715
10862
8293
8476
5052
4135
10682
10480
3712
7696
1311
3313
6170
6158
8436
3103
1274
6277
7940
7189
7219
8079
8259
7525
333
11002
4698
7514
6419
5785
8025
11085
7446
8376
5337
11028
7551
4372
4575
7014
1178
7520
6978
6691
342
11637
11917
7950
7352
1206
7784
1423
923
7803
4387
3431
874
4537
6293
3033
6833
6542
8329
4521
7566
3195
5767
7824
8630
5964
8226
10972
7845
3220
7663
4729
6907
4473
3385
6832
824
8637
5940
10869
10632
5945
4378
7635
3993
2986
1230
7377
8456
6982
7917
3744
230
5357
7523
7458
6426
827
3975
338
7408
7394
11022
5482
6595
5699
8069
238
1443
3901
4494
7130
7684
4319
7842
7392
11590
996
199
10495
6134
7378
308
11884
3261
8697
7706
1221
6991
5691
7555
324
10591
1372
5731
5842
6391
3772
5539
6678
5341
3957
4080
6285
7892
4851
6844
4566
835
4298
755
4459
4882
3614
7019
1470
3266
204
6685
7715
7417
5640
5340
3416
1128
8525
8133
5540
7822
7897
3325
7013
4374
5106
6940
2997
1247
8482
5437
8158
11172
184
7726
1482
11585
3838
4223
4636
10811
6591
5349
5623
11124
10755
1044
1187
8331
7495
5450
3866
8677
8529
4824
6223
10819
4241
5896
3871
11568
6184
7789
11082
5939
1022
4935
11741
10995
7117
219
4829
6053
3226
6171
7565
8907
11672
7242
6390
4612
4797
6504
4819
3766
4853
3893
3834
6231
3988
10561
8548
3162
1050
8449
7586
7642
11083
790
4715
6490
6288
8093
4255
3130
7959
4484
4505
4345
8169
11146
8409
5263
5866
990
11593
5038
8276
8193
4114
3724
8062
5299
6047
6703
7714
3771
7863
4641
5228
8717
8537
6008
6096
4731
10793
4153
11882
10951
7467
1179
8586
5535
5456
10864
5265
3362
10506
4357
11074
8574
6760
5738
8080
8588
8466
4733
4603
3246
1025
6694
7849
6297
8730
5887
6683
5411
4987
304
4817
7612
10850
6044
6371
5686
359
3150
8917
3269
4214
4964
1388
7159
6977
6078
843
6810
4946
318
7653
8378
11173
4454
8791
8540
1351
4601
10904
3495
930
7974
259
3672
6613
10763
6068
5679
10959
814
5423
7301
8867
3573
7116
8645
6535
3532
8669
1401
7264
6743
7123
791
5258
922
856
5747
3977
6892
4009
3567
8616
4179
5637
6915
11009
8136
3584
209
4380
5243
8388
5527
8922
6489
3821
8166
11111
11588
7088
6928
10931
8384
7053
802
1391
5549
6942
10860
3839
3426
4941
7927
8117
3965
4421
4727
4848
3391
6645
3659
4249
8928
6973
3623
8914
6675
3178
5259
10619
825
11721
3809
5352
5344
11086
3169
8910
5826
8798
7187
10653
7033
1075
5322
6057
4510
5262
1377
5660
4481
3792
7168
809
5438
368
4328
1257
3335
3337
10631
3120
5656
7400
8122
4725
8505
11653
10497
3199
7073
10614
7598
8400
11657
11148
8020
3069
3682
369
6937
1342
10705
1207
6306
3655
5569
6199
11027
8894
8018
8015
7370
5559
11876
3459
7550
8755
6785
8833
7493
3512
935
889
4084
5882
7148
6071
5430
6717
5111
11913
3485
11632
10724
4502
7648
3818
8687
5238
6433
4859
10922
312
6905
3730
11564
8252
5748
6233
8077
7760
7549
4783
243
6660
4947
8319
8061
4318
3897
6695
7374
3372
4706
3299
3564
10698
7451
6631
10998
6454
7939
10857
4919
5805
4985
10764
310
10505
8087
6083
7692
3352
6400
7901
6359
10543
7626
6423
2982
10584
7862
6980
3595
4569
3223
7068
5698
8033
8626
3163
4003
3895
5163
8225
6817
1055
1302
1451
1245
284
6446
5134
7444
10834
6207
8004
8032
5047
758
6092
3749
8465
10773
4533
5235
264
8696
6650
5222
1216
744
185
8821
8827
10783
10784
5739
4671
6564
4990
3375
10803
3804
10719
3231
3471
6012
355
4339
11578
7157
5211
11033
11848
1276
10592
2989
7649
8522
10887
5208
7465
8392
3717
6658
10993
904
6159
4259
7001
7248
7553
1438
8089
6249
5087
3678
6984
7323
977
8681
8672
8012
4178
5673
4237
8455
6064
5789
3010
8001
4096
7186
3765
8658
968
3170
10630
5123
6811
10546
8353
11702
5865
10479
10679
10611
5976
5448
8434
3568
8619
4315
10534
4242
3077
3647
7756
4696
6131
3773
3919
7205
11156
349
8651
8538
7312
11733
936
8472
10489
8284
5467
3397
6815
11134
7533
10988
6671
8707
8947
1432
4986
6087
4297
8480
8741
6401
7321
10453
5320
1394
4325
5452
3516
7731
1146
6294
5972
6463
4377
8811
786
6339
8502
10593
3350
8377
3420
11128
3738
4091
3032
5619
7740
5910
3049
6686
1209
7625
938
354
8859
8668
286
6730
7184
8444
5090
3379
341
4984
3509
6893
6227
7868
4143
7032
8274
8264
228
7488
3390
5315
3666
3663
5854
6197
4071
8238
7450
1253
4748
8121
3156
4951
3082
6539
10710
4789
4993
6997
6226
810
5746
11583
7233
300
11725
3441
4462
5194
7761
7496
5301
5478
3848
7026
883
11106
1030
5616
987
8478
4427
919
8154
10583
10463
8943
10532
4220
6300
8783
6877
6667
7393
11603
4929
7793
4491
10690
8772
5497
4669
6442
8823
249
3583
8743
5253
7424
1414
11021
10900
878
8592
4068
8727
5415
3523
4782
8742
916
1090
10916
46
6679
3029
7882
7855
5756
5678
6939
8661
10604
6744
7338
1118
5311
4274
1427
11616
5635
7412
6806
7518
4635
8044
962
4776
8173
6560
276
10977
8391
7041
1016
6337
8266
3669
852
6944
4160
3607
5279
3715
5004
5570
8217
6065
6715
10638
6155
793
4549
3234
266
5588
6840
771
3630
933
7823
6143
8552
371
10685
11864
11668
8183
8584
8091
4474
7744
5008
229
6653
3442
1188
7522
6636
11729
11609
5548
3052
5600
8192
1473
5709
4485
7874
11698
5044
11184
5986
11719
3863
5126
7172
3383
3859
4400
4453
7911
8330
4070
10541
6958
6521
8863
3671
8028
6326
1354
7623
8486
11013
765
10918
5167
3424
5572
8233
8810
8719
3152
8852
1419
949
10829
5561
6721
10730
4159
3399
6196
6713
5813
7252
7502
4561
7541
3545
11567
5326
8124
5158
6519
4265
3008
7012
5606
3716
5073
5464
4012
6555
4604
11143
11851
5400
6528
6821
6176
7409
3311
5821
5740
8380
1069
5693
11126
7782
4835
1109
3697
4129
8577
1398
8107
7332
4383
1130
85
870
8948
7317
3950
7055
1127
10774
993
5099
5962
4447
6536
6072
5006
10670
3014
11053
6791
11645
8401
3276
3541
1226
6800
7300
210
4299
6358
8689
1461
62
6019
4887
1019
11705
6503
11861
873
3855
8693
8118
8634
1163
7600
4600
11189
6484
5592
54
999
3207
8888
11604
1070
8826
3960
8792
8155
8624
8014
5153
4362
7103
6920
4795
4958
10651
6026
3852
8635
5840
10894
8171
8410
8866
6766
8832
3503
1319
8301
11646
6899
4480
11004
6140
6936
11881
1052
8567
8230
6987
11062
7879
5819
5537
752
5172
6278
5161
4728
3498
1417
5351
4577
8469
11846
6149
3723
8101
4942
8140
11155
10558
5536
3618
7656
7118
3899
8655
5727
4842
4572
5083
6587
8950
6272
5364
3929
7581
7672
8074
5155
6600
7011
11643
3836
10568
4367
5797
214
4614
5883
1357
6425
4522
6701
3961
7171
10517
5338
1386
7326
4395
8147
4174
3668
5934
10842
1061
6269
7145
4677
3843
6141
5308
4629
4281
67
8261
10
11170
6402
898
8371
5186
6084
3482
5949
3547
8337
10739
3229
903
3880
4900
778
3602
820
8052
80
3733
4355
7659
3594
8503
11709
964
7437
11042
4977
4451
7578
6672
6779
1368
10734
7575
5056
4854
2983
3931
6031
4742
8229
7208
3095
8320
4020
6518
5868
4300
4992
1370
4302
7899
8096
7282
10921
4041
5878
7466
959
6453
6835
11694
10659
3456
7542
3191
6848
6011
4402
3159
7921
3913
255
11067
1294
218
10800
4258
10660
10891
4327
53
8871
6101
7676
8149
72
3259
10837
10855
4759
5885
8864
4988
4670
10689
11852
4138
3624
3119
5046
6995
10964
4755
7737
8257
1366
10654
5700
5988
4937
8137
196
10576
3562
10537
8720
7487
6828
10981
6238
3921
7546
8606
6592
8710
6637
3507
7812
1457
8890
1447
3210
4452
11703
6545
5775
4235
8675
5410
6105
5129
8393
6638
8227
58
5839
11164
4157
1131
4182
1145
5703
6923
3087
3785
11060
10553
5419
10899
5757
272
5062
6025
8207
8389
7723
3349
5284
1183
6280
8773
7817
10950
253
6874
8882
10941
4118
11862
7108
7127
5652
257
11098
3832
3287
3948
6354
8085
7969
3930
11701
8356
3496
10997
4998
6796
5987
8835
1464
2999
8906
4703
3475
7358
4330
6190
5620
3005
6751
356
3247
971
7994
4353
5841
6211
4682
3437
10865
6986
5416
5036
5768
7636
5734
4358
223
4860
5687
6076
10969
6742
8346
5657
5277
5984
10876
11641
3720
11048
5653
6623
816
4969
3667
3396
3068
861
10847
6480
4313
5996
6867
759
6169
7745
8097
10574
5684
68
3078
10738
5114
5668
4250
3408
10817
7547
5707
6547
4101
5213
8788
6493
5298
4523
7938
5552
4804
10910
6022
10901
6670
4821
3018
5366
4972
5807
10579
10939
5017
5342
87
4282
8067
3904
6639
11720
6343
5861
4830
10827
7355
305
7399
7964
7872
1155
4310
8665
6585
10633
3280
10511
3206
10550
7820
7806
211
7030
848
8759
6378
5615
3691
7980
6758
4714
4735
4745
7834
4136
8248
10890
10694
3155
8628
6566
4660
7353
6439
1133
5246
5598
6191
1271
4732
7464
3218
4878
5935
5916
8855
6856
7271
6854
6335
4025
1379
5483
6524
294
8246
1067
1140
3762
8652
6021
4100
8144
6880
3654
1355
7048
6990
847
4574
3922
6827
8807
909
5525
8399
1408
6129
8572
7273
7986
6113
4664
3403
11101
5952
7204
10588
7414
5900
4499
7257
5812
10971
4680
8913
336
3041
10963
4663
5960
6472
6665
829
5654
1251
6985
6438
1384
1079
8739
10529
1053
4271
11871
4210
10566
3466
5593
5614
3460
5690
7657
7121
5665
1049
10474
6739
4925
879
5215
11630
812
10552
7050
7967
5646
5369
3360
4087
4552
3252
7486
4169
965
8698
841
6123
4949
4307
5280
5204
5801
5998
10882
3279
1238
11691
7724
5782
7704
3110
6822
3725
7289
5296
7953
3927
4692
4088
7119
3881
5817
4950
7640
71
6309
3561
8752
7574
10472
3996
783
4171
8623
5027
819
10927
3736
6045
798
7712
3878
5912
5346
3134
11924
7058
1242
4125
8243
8119
6663
3737
4285
5256
17
4582
5395
6082
4045
10975
3135
5080
8887
4021
7799
7875
4724
5578
7253
7185
330
7008
8822
3786
7833
7179
3076
6769
6842
3102
7473
6601
8924
5608
7021
7333
6225
4753
5763
1358
1054
4971
7139
1158
1412
3814
11061
749
8417
4083
8526
10455
6080
6705
11025
1320
754
11104
5327
1043
4284
3892
7095
5210
5743
248
6283
6749
4511
5345
8127
11932
6599
3490
8557
3415
11649
6662
5492
4489
7091
1028
4155
6363
3746
7084
8521
6403
5553
6498
10790
10843
5000
8471
7666
6344
6510
8161
3432
4506
6349
6375
5077
11032
5870
3598
5726
7132
7197
6106
5692
6220
912
5200
7420
5128
978
3057
4090
190
44
10703
7092
6420
8398
7180
4638
5169
10929
4244
245
5517
3642
8435
7670
4064
4419
4429
7748
1222
4024
7587
6576
6589
2992
3879
4360
4023
6605
5034
3293
7647
6201
1310
8008
4061
3486
6055
7024
6161
3704
6886
6646
6925
5093
10681
3434
3058
8518
7153
6615
7700
8199
10448
11928
8579
11689
4555
6209
7674
7985
6541
6014
3006
4026
4279
11166
8454
4695
3643
10889
11136
7165
6182
6917
3767
