495
970
8948
1466
11518
11108
11402
1951
11211
7279
11483
10653
9153
1412
73
6441
9262
2004
10928
4771
755
9295
764
1151
1527
1718
6821
8444
6550
2212
5165
812
234
8910
1953
9369
249
56
3715
2949
4416
622
3213
10232
9396
1950
6955
11429
11699
6750
8809
1604
11836
8893
2666
9964
1096
11495
7724
4124
7416
3889
2494
8360
143
4830
11769
10240
9378
10001
9000
5652
6245
9577
261
6721
8702
8251
5677
11188
4803
2231
997
11702
1919
5271
8379
3212
6500
11909
3564
3394
1036
4403
6842
11698
9100
7786
3548
10997
3529
7812
4029
8291
276
6653
4590
10365
2270
4410
5991
5678
1305
8943
6850
4407
9863
7058
8081
9820
1838
4402
3048
3644
4779
8713
9062
7900
11358
9627
799
2285
5046
2526
10873
4096
6938
9978
8246
7453
8767
584
11131
7657
1847
8765
7848
5642
9845
4166
2906
5491
6119
11058
9798
4110
332
6707
9389
6572
9280
3305
7506
7953
1198
7954
6291
7480
341
5435
4907
11898
1783
7784
11177
2366
5526
603
9205
1878
9682
1743
5010
9268
6487
11386
272
10396
6851
7225
10440
2050
3259
9947
4816
1313
359
10761
1311
6093
2377
3827
2393
7306
5561
3085
5420
565
278
4104
7759
5021
10602
9585
4336
2014
8774
6023
11927
4320
7594
2989
6369
9522
3782
11162
8954
9169
1817
1239
8466
71
4536
9092
6346
3860
9208
4591
277
11511
862
6113
11122
5631
7666
339
7832
7675
8396
2671
8045
5509
2016
7944
3633
2772
9218
5856
10153
8999
10662
4624
2518
0
899
11050
5803
8244
11257
6433
1928
8540
11008
1208
3647
637
7984
9614
10852
3175
7513
10322
656
10799
9865
3113
10241
4011
11458
10197
5095
1033
8739
8992
5429
3960
8440
1167
7639
4804
7109
11447
5239
324
11204
4158
7009
5402
2599
9189
4122
6878
4132
9071
7684
4877
8467
1520
3295
4137
583
10955
8570
2791
6257
11027
5309
672
6436
962
11576
10541
2059
6338
8565
3196
1014
10622
11285
2261
6229
9249
3201
10675
2328
3899
7849
207
1069
10527
11392
11251
9476
3474
6640
10152
4058
10171
1428
8340
3395
3070
7102
11590
6415
3177
8530
483
4957
10105
11080
695
11801
485
9143
9586
2726
4185
10071
5274
7454
3088
2520
10276
10429
6000
7251
6230
6740
11455
4619
8746
10843
2040
10145
2395
367
5894
7316
5283
861
10900
4004
1707
8138
2078
5154
4051
8539
1592
4661
4039
1674
6490
11751
6552
7489
6693
4716
6417
8875
2400
2890
2034
5614
7461
1099
3970
7938
7477
10567
4304
10863
1053
3481
5658
11645
1676
10477
10014
6209
11733
4419
10547
1478
9819
4732
2259
7130
1871
7605
9989
9827
11357
4518
3169
593
3626
16
9882
6464
773
7794
3427
3165
7471
10294
8782
3834
8593
7512
9440
5822
7917
6356
1716
4995
6822
5469
7695
4065
1153
10423
1142
9506
11411
11853
8595
5418
4750
2825
5249
11436
8839
4924
2144
2329
10131
4209
2386
9946
6578
6158
5681
11508
2575
2058
10583
8918
2958
2333
9513
8441
8736
244
7117
8432
108
11324
10846
205
6454
1807
5022
6371
8810
11854
11522
1626
9558
1944
6569
5866
8891
11256
10225
1188
5947
4363
4948
1720
1415
3898
5451
7319
10063
2367
4034
9613
3563
6533
8317
2405
5499
1492
6758
4237
297
4149
4839
5604
9241
1158
1765
8793
9263
7720
9856
6018
6801
4472
10464
2491
10243
4905
5906
9042
4842
1810
1180
2429
9493
10728
3041
7481
3714
8694
4455
1297
893
2311
10430
1387
4580
8021
7390
9915
10114
11580
9591
6658
3980
9906
3683
2609
2409
7659
8907
11159
3248
5793
10726
2940
9325
2828
8920
8178
4480
10441
1052
3941
2583
1068
459
1864
8624
4977
8766
8623
4634
4408
6131
865
11067
10745
11629
10052
4868
7119
4164
4191
8764
1593
7803
10141
654
7521
9438
3555
9629
1658
874
5023
9304
8633
1339
5398
10548
5626
1449
1233
11719
6148
2790
5994
2663
3790
3628
8260
676
10222
5777
4537
3670
6192
3174
5113
1383
3610
8578
7810
2464
3771
7
6635
2122
2167
4609
5042
6180
6010
8957
8786
3223
3962
1926
8709
8018
9630
105
11619
10743
4734
551
3942
10882
4330
10215
7000
3384
10262
2378
2445
2915
7850
7549
2896
3885
28
11258
8341
4371
6549
10387
4430
11414
3093
11627
4923
2535
10442
10528
2017
10586
4959
6399
1820
1932
3797
1782
5343
6149
10190
8901
4761
8727
2688
11364
8909
10187
10853
1801
11737
423
1764
1900
2368
7022
6642
6586
6021
11418
3413
2184
10568
7949
3143
7586
7235
9134
902
3609
3485
1873
6657
11610
614
1288
11906
7839
7399
2483
6172
8280
8327
3268
9488
5942
6156
467
7459
10717
9565
4767
3832
4254
11014
3854
3579
3655
2907
2878
1204
2800
5858
2301
6945
241
2987
7504
1091
1698
6471
10503
9809
407
3220
8187
7840
8129
8172
8773
425
42
5284
9434
7543
9119
11592
5159
610
3419
2656
4354
8431
217
3654
2169
6135
7760
596
6776
7245
8612
2592
6650
7694
1694
10502
4259
9700
8993
7939
8309
549
11744
898
1856
10621
5092
700
2773
9155
7498
1217
4329
2859
9474
10784
11168
2580
8460
11474
4832
1404
6562
636
8792
7335
9349
10673
4885
9632
11556
5030
5194
1671
3719
2347
8370
1595
10280
6091
6030
7962
8804
892
7262
9510
1990
9792
2719
801
2808
8651
4889
3725
11158
8962
8154
10656
5717
9936
8871
2178
10861
1726
839
3822
8030
6380
11547
7479
4794
8223
4633
10512
1648
10124
2690
5433
5291
10694
5743
3105
7956
910
7236
2161
9879
1260
10550
486
9314
4787
4105
10420
6603
4501
3237
7847
5769
11006
5481
4880
4210
10154
4393
8619
5933
8295
8414
9537
6047
11106
11835
5901
4795
4200
2735
3869
7523
7445
10135
2675
3769
10657
938
6050
1456
1100
3345
8359
9695
3707
6680
8903
6189
2049
3453
4356
1710
11735
8560
9114
5452
6604
7585
955
10630
1448
683
4853
3400
4943
10523
11870
6612
7387
7053
11581
6920
1457
10746
186
3493
2124
11274
4464
8403
4327
4751
9961
4085
5174
3742
4516
2215
11620
8664
7056
8639
9154
1907
1819
11862
3904
1098
5820
934
5816
8677
8108
1549
854
2904
4155
11931
5372
9650
10495
10376
5471
1773
11553
10937
4299
2572
2720
5006
447
5258
4390
2125
2106
8448
4700
9524
11895
5058
7658
6973
379
10356
9883
564
4383
4222
3844
7406
6496
6165
5870
5139
5312
3697
2476
11589
6950
864
8737
5975
136
5833
5950
3516
3304
1790
1028
2203
2771
5861
9803
3133
7449
4131
308
10493
5335
3311
7462
2258
8063
1485
701
3367
6336
8019
63
9767
3575
11175
2990
1440
5759
1402
539
9043
11616
10116
5608
2503
7901
728
8881
5393
9829
7486
6631
384
1347
10242
2806
7737
466
5282
8189
6884
908
6198
10648
3562
1206
214
7408
11536
1253
2346
2430
9515
690
3744
8318
2045
5834
1747
2188
2664
9735
7778
11238
3466
1035
3943
10584
9128
4499
9006
4015
5301
7172
404
9351
992
10987
10539
505
5533
4285
1422
2554
10744
10627
9834
4903
4589
4812
3597
2114
10044
6561
7755
9855
299
11689
396
8648
2954
11186
7136
2823
11670
11761
4596
7836
8363
10879
3583
4326
11608
10366
8235
7010
3095
2978
5992
2454
8503
9188
3147
4688
3733
6094
7561
9747
405
9556
7773
9600
7589
2455
2295
937
3728
4186
2305
2603
11652
8100
2175
1603
10756
9322
3836
7155
6075
1510
5069
3266
5905
9485
5500
10397
7128
10990
11205
848
4337
5798
8520
9549
7341
4033
7207
1117
3327
8691
3373
9429
9484
9991
7558
6857
718
64
4303
9789
11706
10277
1284
1827
4960
8439
6581
4984
4672
6932
8498
9843
4069
7260
2818
9397
10917
11301
9224
10555
10647
7292
1145
2107
7431
6761
3229
674
2142
9079
268
10081
8362
3202
8721
11167
8722
6902
5177
10658
11807
9910
10780
5056
11133
8242
24
675
2744
3751
8917
10891
5735
7993
4571
11249
7894
10936
2257
605
6748
5982
9254
6491
2232
6495
2959
10432
2872
1874
8145
4788
8090
8458
5192
7170
3993
11160
6031
10070
10467
6946
2297
3925
2383
1359
4524
7881
11557
11450
4583
8678
10064
5771
9403
5339
2466
7369
7747
316
5885
2054
1582
8106
9530
10054
7278
6254
5263
3197
443
7182
3912
6144
3463
3152
9881
10333
4976
10150
3961
6731
10752
11446
9227
5887
9087
7003
10557
1149
3849
7342
7873
4398
7998
9672
3057
2916
9150
7516
10558
6559
2396
8199
5227
9919
6912
5456
6724
9808
9187
4346
1349
739
5461
10793
3422
5713
3125
4438
3840
3122
2312
9478
4050
5590
11049
10296
3374
2936
2032
7031
4906
4659
3210
10181
6587
235
4076
153
2854
9744
2909
7913
8966
44
4384
3012
5685
10978
2868
4365
9420
10613
1455
475
6806
6956
7046
1194
7801
2899
720
3465
5164
5537
3211
6848
4814
11773
2437
2881
11332
10185
9089
4005
5280
747
6382
8234
7055
3959
7856
5066
5930
7137
3581
8876
1016
8867
5780
2105
8232
6608
1683
5384
11918
7865
9109
11140
7145
9461
611
6814
3426
4861
3665
155
5903
11529
6076
9431
5321
3710
3230
8604
4916
2202
1897
37
11799
3931
1756
8975
5725
11089
10845
11512
1621
9330
1106
9236
6174
11206
2788
1017
2718
5293
10113
9118
1977
11664
4168
6104
11715
9618
10572
7472
11422
11565
8188
7062
8080
7121
2715
9222
6829
7193
3625
5454
3761
2833
2691
6793
5786
10680
5191
6293
4651
6157
2942
719
2870
8025
2294
2979
1244
8484
5411
1882
3247
1484
5723
4862
9097
4443
10469
6936
7973
6167
3476
3013
3538
1865
240
9713
8009
3023
10909
2637
6929
2826
4184
9078
9749
5093
5329
2063
11141
9852
6199
1690
7307
6694
2778
9191
1186
6166
8812
8524
8794
7884
10872
9083
4266
2751
10017
11646
6972
119
11779
11692
4966
8984
10639
6605
11359
11259
7859
7184
2917
4268
1181
3932
3546
8638
10609
2360
3447
11567
6273
6598
9096
2013
8165
11016
7602
8268
7908
4256
5679
8919
4587
6632
5281
4850
10763
10754
5893
3520
10316
6103
3114
7989
1303
1320
4598
9720
5345
5219
8523
2067
441
7071
11742
7209
9144
8288
1869
3120
6019
10194
8034
664
7281
5802
5149
152
2027
4560
402
8119
7490
11319
1307
2376
11346
9550
7912
4780
3796
3530
7864
10320
4349
4642
7093
7769
3716
11395
8692
11171
5572
8673
11716
2061
8529
3035
4886
5650
3637
10289
7514
9270
6766
9893
9944
1532
8659
9911
5806
6615
11752
2927
224
1232
6481
10693
6662
10631
3340
7642
179
8938
6999
11792
3743
640
8784
7082
8412
8763
917
6370
290
1917
11618
11825
5148
10518
2324
2423
11638
3706
10476
10484
8072
7630
9620
2969
7649
7396
5528
2873
2652
11864
11679
6059
4898
11287
2537
9360
11562
6927
1187
2521
7118
6823
2413
9207
7152
4743
9056
4214
3967
11437
10811
6138
7738
7756
657
11223
1936
8054
7216
9603
6986
6434
9818
7162
7867
10323
981
65
3971
137
9512
11726
8281
3976
2799
1314
99
1529
4601
4267
7705
9965
4112
6122
11413
9441
11135
11097
1126
11890
1267
6255
5517
4293
10881
1365
88
2456
10961
3222
3417
3638
10536
11215
6774
8250
6373
8450
6459
2131
1627
7470
6732
3472
5921
5924
7090
8511
6571
4645
3851
5734
2440
5075
1531
6405
6067
11607
1825
11782
8827
8946
7425
9460
1916
9621
1602
288
8667
2419
845
5137
5276
5663
9116
5262
6218
9960
5632
10133
7443
4084
8350
7343
8324
11558
6054
6596
5238
4713
537
3062
9721
8504
2357
7289
5842
8783
567
2117
9045
5024
8279
7660
8241
1753
7337
10816
6540
1116
6237
398
9839
10259
1329
9812
1568
10513
3652
7154
10638
6095
11643
5356
8747
397
2276
4663
829
4562
4636
11582
5912
7400
5447
3608
4429
2502
10836
594
6901
7310
8326
133
7100
191
11297
7368
8218
973
9465
3431
6284
10593
6734
4799
7442
9592
11059
7202
1475
5346
5752
4375
9250
11142
1125
8631
6362
6904
2914
8394
5355
11284
9133
3086
3939
2196
946
5996
2041
10810
2269
10028
3709
4479
8808
1451
1509
9054
11599
4312
5374
4968
4030
4376
6797
10954
1483
1628
2967
8134
1729
4194
1351
7395
6488
2763
5157
8322
5078
5300
1585
609
4367
5778
2662
2925
7309
5695
1050
5212
3161
132
11349
2654
8928
10188
8237
9807
2152
10482
3149
8800
4967
6678
11423
6327
3700
10618
8884
3681
5588
1540
7732
487
623
7089
4922
8586
3097
3629
61
258
2247
1910
7354
1134
10413
1599
721
3825
2112
5294
4061
2121
10097
3599
10037
6472
2950
2179
11393
2952
4534
1655
1468
9479
8443
172
3680
1476
9611
818
9871
5714
4067
2090
9802
2162
783
9051
9622
7858
11403
494
6342
5057
4554
19
7028
6543
6086
9676
7039
3368
3103
4078
7966
11347
7332
9179
5210
10815
8048
7999
1023
9496
9172
784
10772
9080
10072
10501
2189
10753
4295
10612
10914
2463
496
10590
1469
11107
5928
2960
2538
4643
109
5375
6451
10890
10007
360
7868
10946
1360
2638
6048
3690
9836
8099
1546
4670
8701
7451
7373
987
2303
6643
3287
69
4878
10069
5815
10275
4014
9035
5319
6378
8982
2699
974
5478
11153
8542
10458
452
8074
8930
5589
11933
11432
2495
9838
9619
5886
326
5984
4193
9171
9648
2567
144
3232
151
2447
10422
10545
9251
4129
5463
5390
6406
8965
3206
2846
3309
7678
2252
9294
11366
11233
4759
4723
11088
8487
4095
2528
8505
2025
5110
693
3448
9352
4070
4660
9101
9730
2286
5600
11459
5112
2465
11152
5758
9492
10806
6553
5740
7030
4947
8974
9532
9475
6595
11180
5101
4679
10405
1063
5320
5382
4920
3140
7967
3483
9909
11099
1054
10230
6212
8522
6121
424
1662
4165
7228
8476
9623
8569
711
8065
10305
5111
872
5546
5302
9811
8181
2850
11628
3381
9825
4605
10340
6624
9533
10118
7922
2634
9276
8939
2729
9612
7460
4950
2805
5167
531
2472
245
7643
2898
7018
2186
8169
8845
9846
5392
1504
7665
4183
4047
168
1829
7964
4201
4668
8406
3989
9053
1797
7350
521
6730
7218
6622
11520
3636
10026
8334
8226
7297
6788
4813
7785
2512
7147
11648
4869
11051
9658
10341
5446
5532
1572
4654
6126
9376
35
9766
7522
7362
335
3859
5184
9366
1666
1961
7157
5660
1278
5766
1862
8925
8323
10053
8858
8282
6381
8963
2323
3363
3611
3296
5266
4969
2926
2338
1368
3079
550
6778
8342
9935
5545
116
9432
1539
6137
8046
9666
154
1008
7415
1107
2747
2697
11538
7081
9044
8380
10919
3233
5033
8344
6685
8488
2737
5795
2819
1522
3399
529
11454
8621
8111
7595
9956
1334
11476
8585
7138
4102
323
9385
8007
9313
10035
9271
9190
3150
2251
10104
5434
3662
504
853
2684
6108
9505
7945
5185
627
377
1144
10683
10739
9162
6022
11295
7540
3376
8686
11077
10207
20
9538
315
11824
11630
5308
4833
9745
11783
4824
7468
11734
5209
7001
4502
5076
8118
9125
7768
692
3025
5497
3807
8577
10016
6560
2160
971
999
6541
5958
2211
847
11086
3195
6318
11701
1161
4876
5579
11296
3293
8434
11293
2493
11220
11877
294
10925
6236
1386
8047
5841
4915
1591
10404
782
8929
7074
6866
5083
10402
8126
6526
961
1501
97
7163
6309
3386
8424
4718
72
1999
10601
6742
969
6109
7388
10775
3606
4528
6028
9285
3781
9261
4493
8245
2918
6056
522
11647
9377
9458
10043
10834
8803
6058
8730
9370
3134
6
11311
3845
1197
11193
358
2566
10774
107
5202
7181
10474
933
4736
8704
9901
9854
8453
754
10297
5380
6396
11925
7577
9423
10977
5510
1007
5554
6523
8137
5581
7620
8480
781
8866
5939
3518
8748
1482
450
1073
10807
10934
3356
4644
5876
4456
281
641
7370
8696
3539
722
9127
844
9379
2717
10576
2185
6785
3590
2249
7613
10033
681
10100
5696
9826
10234
1055
1248
2404
1680
4147
9539
7083
2673
6518
7525
5761
8107
8525
10538
3104
7570
4740
10491
3240
385
4331
11693
3996
924
7926
4997
5015
8426
9242
5518
5031
1635
6029
4448
5220
9997
7782
1367
6117
4896
11913
5609
7229
11112
11132
4762
3948
4366
6419
9439
8935
2072
6283
4565
4249
3391
146
3313
5104
7495
3764
1970
3788
8980
3642
2500
10989
9088
2042
7831
2707
6499
9135
2590
7622
945
4552
4276
11886
2310
2134
595
5651
5299
745
3682
5623
6959
2709
1341
6616
5200
6307
1214
1446
2636
4491
8666
6579
11231
6248
6443
4213
5859
9019
5047
3584
8892
928
9594
477
9081
7188
3635
2665
8594
6911
8102
460
6590
8468
7360
4309
11531
1844
774
6649
7226
3907
177
8479
639
5977
11763
4866
8605
8361
3435
8156
8981
4232
6741
2913
5255
196
6228
3049
8208
3671
6147
11337
6300
3886
3914
9209
1135
3438
655
10663
1302
3429
232
340
6275
10395
11467
2086
79
5338
4097
8262
10971
8225
1972
9610
9450
8669
5654
3952
5553
8036
1523
3273
187
8201
8714
6498
11085
10168
8243
10125
7890
7143
11661
3258
7166
3439
1577
6896
11023
10870
628
11746
2742
1799
4970
7325
8489
546
9070
7183
5428
3501
11817
9776
7126
4704
1215
2855
2657
2391
6921
4574
6922
3759
5580
7568
3554
9918
4103
11401
1316
4543
740
4857
4310
7092
2330
1356
11013
2221
8417
10329
10024
7008
11709
7346
10115
6994
5037
3620
440
10818
3329
2216
8133
6984
5884
1692
1791
9467
708
10298
1959
8216
6949
11123
3203
2279
11276
4150
9701
1563
709
1042
10537
5896
3314
7372
11654
10986
8182
3879
9200
9466
7765
4052
3170
9357
1294
171
2230
6617
9674
6883
7723
11096
11833
4140
2234
6760
10779
9235
9872
5596
1350
376
10927
8660
533
7535
7713
199
1987
9244
11323
6517
7146
7929
4130
7424
7693
8961
11710
9511
6183
10783
8890
2436
2051
10006
11198
6333
11637
7714
9781
2449
7994
11105
4573
2132
1323
11681
4435
9402
3924
393
6939
6153
6873
4156
8889
6630
2341
3957
4178
8712
4940
11791
2511
361
8368
712
4895
11463
4760
6759
9152
2645
1179
9528
11814
991
3616
173
321
9447
1955
1001
10447
6824
3850
9141
6297
11535
9609
1474
5986
2809
3269
3017
8777
8254
9217
9288
6792
10729
5606
575
3492
7749
333
438
7740
10095
4002
3277
7487
5653
11823
451
7111
10626
4983
1385
7946
4255
2094
7409
6003
4022
7301
9414
9072
6696
4221
3872
5832
8846
9026
3260
5064
915
6940
10738
4227
9312
10107
8551
2594
918
10059
4526
1061
1721
6715
4123
1249
5878
2171
2869
1271
5211
5668
2238
907
2977
6722
9665
60
10140
6689
8117
6424
6803
182
5464
91
11098
11923
6536
2153
4138
9988
7494
7640
10034
3500
3421
5004
4240
6280
1442
2539
9853
9793
10801
4678
5082
8534
6777
6677
6351
8862
2743
3192
10221
11315
314
8179
1942
4318
10685
8261
7902
9361
10559
10077
2321
10640
8163
1781
8874
9457
3489
7485
9468
8314
10050
3826
10368
263
1780
10494
11625
9348
1086
11591
10716
11684
4157
4344
7974
3246
9395
5690
5455
9015
456
11926
46
5694
10897
7296
1505
6272
331
7333
514
5524
7173
3250
3418
3645
6966
1095
11125
3624
1654
11070
9007
4204
4290
8097
3350
9897
10629
11197
5794
7144
7704
10666
6859
4875
3726
10025
11780
8461
2519
11724
3528
259
2602
9862
11635
3724
9675
11195
3887
6040
2628
3615
10450
2187
11024
8277
10172
4690
1728
8269
3808
3444
1009
1295
9145
9098
10055
11018
502
252
4544
2953
9335
306
3179
11656
11439
8003
9574
6145
9774
1793
225
10456
2043
8332
11052
713
6452
8818
1493
4867
11486
10611
10126
2239
7611
142
11882
8398
990
8027
362
5193
11770
10521
3933
5940
11090
10899
9069
5325
11548
7237
7269
6531
11796
4212
3282
3458
413
343
5616
8451
271
4556
11725
5659
470
6234
1439
5703
10781
632
4931
1537
6139
4120
4381
3312
6480
2995
8457
7047
7891
5381
7776
3016
7129
5960
4673
8908
649
9388
7398
342
5640
7503
3935
6239
10403
5307
270
10330
8574
4313
11409
7120
7921
4996
1330
2459
9286
8478
9477
10790
5712
3897
11827
11126
6460
1573
11025
8898
7774
2861
10906
11095
1775
2411
547
7911
11212
10451
5128
1746
6716
8272
5775
926
3903
11078
7758
3804
10594
10186
5472
2961
4301
6983
6525
11203
9753
2275
6522
134
3940
6659
2096
3521
2845
8732
5067
3741
6354
6577
9582
8084
1104
7386
8433
10158
5920
7621
7336
4742
6661
8497
11503
7795
11805
4425
7603
7344
10585
6770
3241
9305
10369
9656
3059
3491
4588
4708
10554
8155
8885
2024
10117
604
7422
11079
8567
8776
8255
10827
11365
1178
7804
1852
4871
118
6462
2962
11378
4481
2797
5965
1575
2612
9226
9917
3698
8695
2250
7866
2585
1259
8538
4745
5797
11103
439
10592
11834
1808
3916
10109
9569
7075
10279
9729
7614
11117
7679
7578
5669
5155
3494
10163
6725
2842
8521
3339
7919
1960
9186
5330
3115
1937
5203
2288
4203
9136
5779
10690
7875
873
7557
6299
8252
11269
2736
7197
8991
5807
6515
9568
10311
9343
5087
4461
10412
11329
1019
10393
11234
8039
790
4484
10980
952
9090
10312
1639
1519
11431
476
3536
3519
10359
7539
10253
2265
2394
8296
5245
3509
4949
5289
10520
6468
8306
6865
5715
10701
10358
9394
2844
7651
8415
1586
810
8459
7777
9038
5001
10170
9639
9762
9756
1044
3050
1342
6667
1005
2005
5453
1826
8835
1576
7965
10809
5444
6567
5812
5011
9421
2113
188
11680
387
4689
10771
2296
1872
8785
5569
5662
2428
6514
11544
10257
5938
2970
3601
613
10981
4821
6445
1905
10260
1080
3823
388
11602
7404
3833
5910
7990
7674
11351
11843
10042
1396
4286
7809
7270
8016
150
8397
10385
7101
9663
1980
10167
3075
11076
3393
1645
3867
7127
11504
1357
4808
7560
8848
4581
1108
11477
5523
11004
3457
11266
125
7633
7004
6957
1397
6427
2441
6756
3678
7044
7597
6652
11375
6812
10824
6504
4292
10383
1230
5568
1366
5571
1609
6513
7526
10496
7290
206
3089
8685
5985
3512
5050
6243
6840
600
4399
9339
11394
1212
2619
7935
5425
5336
1763
3385
11221
9647
5699
4392
5235
7607
7021
4902
2340
11457
7305
5109
6020
5218
8588
8091
11762
7874
6860
8297
7544
10343
11662
395
9046
6302
8606
5741
3508
2810
836
10892
9821
9973
11671
1536
403
1788
2611
3007
6977
11485
11150
1590
3184
6606
5633
10315
6545
1321
737
78
9296
7820
11510
2412
6092
10199
9772
828
3692
3480
4843
5527
6063
3242
1644
11412
10487
5085
8170
8120
4525
106
11043
11015
2762
6101
1392
6379
5785
7670
9281
1431
11617
8012
11845
488
9368
2769
5542
2648
7975
6306
366
10945
6931
8682
3183
10505
11924
1559
3372
6100
6641
4006
9601
6751
431
2365
9243
3402
11815
10720
2260
6846
10045
792
1060
5823
5410
1163
1496
4265
1601
8011
7201
5230
1963
7552
10270
7364
5804
8477
5865
1132
9146
8916
704
7569
5168
3664
8029
2555
10384
6874
2999
825
2728
757
3185
1109
2467
8470
7458
7948
430
2801
2527
6524
9575
8236
6837
4507
8066
9602
11809
1503
5995
7206
4021
5680
2006
6633
920
2350
26
1845
9002
4848
9180
2077
5013
11494
4056
5077
7108
3813
4264
2339
4610
10421
3106
3557
9306
6210
7910
3975
6270
9123
6320
4956
100
3503
8731
1358
8533
10908
10549
213
4445
4391
9955
7180
7379
3736
650
4705
2672
7048
10375
8205
9559
6687
4016
2635
5437
2157
9740
1410
5636
8147
4726
4488
10285
6644
5915
1684
1168
10982
5436
8093
3510
6613
11855
2126
1619
6001
4087
5028
6757
8584
3994
2681
4941
1581
8298
2392
469
10428
1835
2420
6651
3705
6252
10828
11563
2402
1991
8613
2044
1105
5221
2320
8674
7414
3592
375
6244
2302
10896
5253
7013
9848
6374
5830
304
10466
4777
9082
4994
8386
2474
1296
7148
3078
2581
11045
7883
8628
7827
11178
11149
3995
4340
1717
11000
5535
5838
2069
1555
4411
10079
8399
726
4835
7702
7899
5744
9954
8115
6625
6558
11657
9232
386
6648
8495
11247
3412
8557
11007
7288
10565
7057
4569
145
5103
7377
11771
2
9979
10378
7423
10258
5129
231
9702
11330
856
6191
4088
3355
2267
11490
47
3076
5247
863
6831
10348
7255
3221
5119
3337
10465
3917
3753
7647
1918
11400
7616
7418
2985
6444
1250
4182
10708
8738
3156
6265
9681
7435
11860
10106
1118
960
2971
350
2304
11841
9443
1861
5118
10844
2095
422
4975
9430
2143
11396
515
1465
11584
3124
2733
11772
4263
11594
2563
4706
7505
2941
2364
909
9052
7957
2071
2283
8407
5541
630
2022
4436
4600
181
11914
9641
2355
658
6011
10082
8997
7027
2432
7822
5914
5041
3278
10901
5767
748
38
11790
4527
5370
3051
2770
9340
11603
9469
6887
7318
8828
7821
1460
8853
5599
5290
7802
9452
11907
3871
5904
4888
10692
25
6316
5416
8162
8416
2617
6334
10773
735
1757
10883
4961
5166
10374
9996
9487
9557
8936
6005
11031
11774
591
7830
10455
1124
7641
6804
2009
6580
10889
2760
10591
11572
3923
62
2980
267
2266
2274
1024
4699
11087
10762
9117
11564
3021
10224
5976
5852
8002
3061
11356
8650
9126
6743
5415
11891
2618
6037
3274
11283
8687
10973
10338
10284
6266
344
7002
1738
11465
2348
4606
11674
9486
7683
4632
4146
4219
6364
2168
1277
9857
6867
5687
10765
4697
11368
2322
2385
1941
5733
6455
243
7918
11593
3231
5462
3805
3565
631
5829
1441
5039
9315
9233
8270
2135
11060
6668
11232
503
9016
1558
8955
9
9980
7757
6675
6310
1207
8926
789
8642
685
7351
5208
2546
2827
2644
3588
8001
870
2880
4776
8668
6271
6542
11241
6344
775
6185
7750
2504
11863
8632
9555
891
4768
9902
11691
4401
1376
3024
5748
8512
8304
8921
9605
7775
1221
2176
10826
7829
6752
8883
5190
3445
3358
4852
2943
646
4616
6009
7576
17
3357
7382
2070
10791
2530
9578
11176
5490
1122
10160
4858
2724
7991
4454
11438
9034
6891
2103
852
10960
10424
1518
9204
2591
10325
8263
9704
10089
10854
4452
5760
4025
2951
2607
7054
7976
951
11239
9880
3600
5400
2256
2446
2576
3336
691
9433
2900
4228
4347
7139
8781
6712
10689
8233
3455
2314
10838
9504
8325
10531
11500
2574
6004
1006
6256
10972
3285
2085
2369
1860
8630
11682
548
9371
5661
1647
1610
9234
9456
8596
5957
3364
6013
10667
2139
5850
3544
4785
666
5399
9009
3816
7687
8308
2293
5005
1770
3188
3913
7730
8676
5086
8109
5417
4904
5408
2781
2922
4447
9604
10475
4884
6425
5474
2815
10235
767
6486
52
9738
11808
2240
3034
10789
2222
7084
4291
10865
9297
5132
9278
11789
9667
9342
4798
889
10149
10898
114
10251
2007
592
9514
6446
9161
7893
1557
7450
2653
4579
5383
10321
11341
7283
3978
11517
9091
3779
6128
10736
11342
4113
1836
3672
10988
5649
7697
10098
10339
7985
2693
3735
33
10473
1176
7571
5622
10051
162
4570
7038
10933
2475
4520
1287
10036
9583
6544
6964
758
9726
11842
2484
8532
2996
10196
8351
8000
10888
6894
6868
11861
1851
6913
6264
7783
6507
5040
15
1045
7567
3737
9110
5363
9289
4177
9542
9937
1162
8387
10869
8592
10672
6941
4175
5814
2582
10068
4551
6855
11707
1927
5483
6365
897
875
2213
3098
7263
5379
7982
1046
5401
11288
4542
10710
5470
11828
8219
1734
2166
4427
780
4275
10091
5136
9523
7931
5068
9132
7253
9142
11787
10654
4974
9521
6985
1154
7927
4879
9673
10351
1672
6049
4709
11355
9405
5298
2553
2670
9835
11468
10676
5508
7242
8649
1901
70
9503
4169
10644
9108
8817
5265
9873
5911
3080
330
11571
972
3040
45
11868
9587
1612
11032
9451
9710
3276
2935
8514
457
3752
663
8315
935
1034
4457
11213
1251
11573
9497
2414
6347
10968
4463
11832
5048
5492
3573
10546
10162
4417
4635
772
5644
9649
3926
4024
5055
3430
6784
5848
8655
566
5959
7579
1954
4687
2482
3096
5388
2716
2924
2457
5860
5482
3843
6858
11583
6193
3139
9341
5237
9573
7496
8558
9638
6171
4202
2197
6453
1988
2837
2141
762
9548
9924
4781
10530
4439
9317
6554
4993
484
8899
5373
5407
11170
7766
8711
5032
8718
6301
1143
2060
11184
1071
9529
10835
10711
11663
699
1681
4952
2863
1725
1712
1945
1393
2418
4607
1528
2905
7550
8116
8075
7731
6963
3905
6982
6769
3409
4912
3283
6975
7076
3708
6720
5968
756
2401
10808
3111
8055
766
2702
9567
11267
2683
3359
9115
791
420
2358
5121
3265
4412
9362
10304
9898
3787
2133
5956
729
10698
10419
3773
6918
5613
7920
576
7534
11729
2761
7955
7427
9718
7845
11456
1511
5246
2734
3868
8703
6820
4538
9693
1152
10459
295
1701
3322
1136
4979
8749
1736
5145
3890
4725
7323
8641
3015
87
9983
8541
322
2630
5100
10090
2431
10176
7739
3112
9027
2374
7432
10798
7904
10800
11932
11711
3053
1514
1709
11566
9990
2871
3186
7389
497
3691
9637
4092
5348
189
1032
3656
2584
3436
5849
1755
2571
5182
8900
6281
3988
3745
3689
2115
9925
1784
5564
4860
1892
7272
3228
1998
2508
6838
8289
7559
254
4077
412
2824
1115
3643
4733
4498
4003
7210
9566
5544
8561
1663
9519
8089
1405
9655
8844
7872
11509
1266
4724
4246
6428
6768
8998
5228
3718
5983
2706
1846
577
682
4038
448
8597
11166
11810
11376
2908
10303
9974
1332
4942
7729
8224
2159
10907
6317
1150
2680
6118
11053
1361
9628
8693
6905
1338
9712
10837
5796
9929
6437
6388
10009
1203
9900
2342
11026
1818
9332
528
2994
5587
10575
11331
4474
6418
2593
7562
10233
4174
10231
8462
2981
351
3264
6948
5969
10061
3332
1225
8471
11708
7413
11673
2517
8894
3256
4508
6910
3456
5181
4258
3284
5273
9168
4677
1842
10127
4778
4281
879
9847
7094
7161
5857
2223
10792
7189
10239
3798
11546
956
4617
4840
1502
4195
1737
1421
1890
890
7315
8637
2889
6261
11036
8864
8882
5240
7625
6012
8146
9790
5573
7045
5978
7855
5951
8990
6909
1630
461
11530
808
11675
11621
7407
10991
9199
8972
4592
3835
1978
1708
6739
11187
2158
10563
9055
6324
629
7624
449
4241
2349
3249
7667
6407
5742
5344
4274
325
4851
11493
4173
10000
5967
5496
2015
5183
8989
5536
10926
9170
9916
8902
1636
996
677
2053
10431
10108
1649
4849
3768
11005
2753
11545
900
6877
7656
7156
8136
7936
9181
6819
10691
4582
10755
717
10123
1541
5551
4841
4475
3881
8710
3653
11492
6892
936
5158
7980
8819
2031
11061
1113
3762
8559
8831
10073
11151
4374
2278
287
4519
9861
2080
2287
7217
1657
2988
5275
9206
6527
209
10529
3319
10212
7596
6563
7728
7841
4815
5929
4826
11717
3420
8657
8404
4159
3338
8728
2547
3979
5987
1889
11575
5371
10223
4223
11035
7971
11502
1064
7580
2268
10574
8215
3526
4529
11797
11760
8044
11104
727
5941
170
7553
10195
8543
9028
6090
6253
1792
5948
5824
532
6360
1079
2972
9036
3168
4142
5020
6045
10735
2207
6387
6847
2780
1512
2647
1286
8389
11727
2621
10349
5932
9020
5749
10603
11383
5919
513
3204
3404
8336
9971
2036
8568
5721
4048
5366
303
11655
6570
6110
10681
1545
9333
10999
1262
10015
5562
6084
11554
11279
9164
3166
540
4148
215
9416
204
5327
9386
3058
5460
638
2756
1613
6479
5923
6200
11022
9277
4355
4671
9560
8576
3069
2877
1828
1261
9785
1340
10132
11871
1934
8971
574
7710
11033
8790
9727
11747
1833
7676
10646
6207
3044
4707
2033
1000
8442
9810
4758
2087
7317
3440
2499
2698
7584
10041
10151
9982
9425
3467
7524
2923
9177
2573
313
9404
4042
11653
11044
1450
10122
1467
11519
7508
11859
11764
3651
5598
1806
6783
5347
4059
5236
9970
4115
11312
3679
8135
6810
1964
11528
10159
1997
9323
5073
10851
11268
11068
6787
7355
11222
1437
9267
4394
684
9685
1811
8836
9501
8847
10674
2746
8872
5051
7530
8026
4894
5825
5419
198
10829
906
9677
8422
5222
3817
1413
6974
4434
703
3321
3527
6343
8531
11207
11430
3454
7198
9494
665
11143
262
10005
6227
686
4119
3390
2438
3008
9889
10352
9272
9892
11270
11116
6626
8082
1285
2373
8758
1487
11369
6352
4141
8190
1406
10649
1378
1205
6219
3552
2248
9073
1566
9890
9546
3618
1979
7767
10600
10208
6733
3535
8152
4211
6534
18
4049
4121
11887
4187
10023
1574
4897
8200
4652
11475
4418
3060
4462
8759
9011
7928
5506
11420
10862
2708
9999
10483
8768
3880
3660
3997
9972
7273
1567
1854
10964
2853
10169
7234
9358
5867
10411
10086
6841
9359
2331
7287
4597
10996
2098
1513
5173
6482
2562
9952
8705
5352
3347
1719
10144
2835
5498
3301
3377
8385
5839
10628
6856
2661
10367
5204
3310
798
5964
5507
3300
7721
10180
1622
1700
2313
10010
5776
5676
1745
5768
8
5479
10880
9758
5686
2194
164
9541
2692
578
4929
7020
7488
746
353
2564
4545
3042
3471
3661
3750
2727
6099
4176
11879
9422
2450
5847
2140
1881
3987
6077
1370
8944
5993
5199
6923
5525
6211
8583
1617
55
3795
53
7885
178
2513
10573
3958
5426
1226
5147
10324
5213
9215
4428
9907
7227
6176
11391
3132
5627
5489
1685
10216
4938
3934
2817
7103
10707
9551
1374
1270
5591
369
10953
1289
3627
9791
10492
10645
4932
6991
953
11755
11314
8092
5922
4192
1744
8183
7886
10952
6414
11665
3699
3674
982
10448
857
7353
6729
3302
10855
3877
7796
4093
3428
5708
3525
8056
5641
8153
1331
585
3392
92
8952
11690
11549
9195
4013
3582
1638
1500
3238
8053
1419
10
11069
7531
5607
7261
3870
10915
1041
298
4151
11144
5570
803
1242
1933
5851
1896
2026
11350
4031
582
5328
3094
5303
10468
7299
9316
5487
9105
6409
2864
6634
8855
7811
5706
11481
406
5534
6489
8259
9065
702
6345
8830
8795
5883
8857
8863
10342
6815
11161
3894
9326
648
8799
2224
9415
9124
4987
6705
7345
8947
9654
9703
11806
10486
1348
3915
1800
6068
2745
9225
5552
11611
10252
8829
4257
5357
11373
8343
3814
2492
3131
2997
10134
6779
1252
8550
785
10306
4887
964
2556
9631
10350
9258
6830
4754
4007
9765
8813
421
4239
3617
27
9182
3219
7291
8164
2963
9636
4420
835
1171
5895
5248
190
3968
3251
9074
6703
10204
5888
6140
11754
233
10394
3320
7696
11214
7685
7846
8469
7371
6442
200
2148
371
1185
3066
5091
3142
1981
1123
3033
2382
11482
2710
8405
7012
7819
10566
944
4328
6885
3998
9470
4506
9240
9686
2851
4669
1762
6383
3673
10088
7983
5130
6083
3858
10847
6163
8802
9008
6695
11800
3052
4563
4834
7940
6660
1010
4060
6679
8873
10682
11419
7391
1140
2068
5361
11626
8064
10261
6594
11473
4043
5195
9908
3852
7112
2510
2968
11224
821
6992
5316
8741
7363
9828
6697
809
9757
1735
10764
11303
4978
2814
7548
4695
7634
3446
1379
10725
11636
128
2792
6723
11683
2711
4353
6408
8313
4382
3815
11157
5353
5555
819
10249
11521
6706
10307
208
10820
1279
5787
9448
465
3071
7631
5256
10734
3116
8515
2752
8395
1491
4273
4615
5974
6828
8720
3039
4680
10935
2337
2738
3841
8070
3778
8300
4572
5501
7652
10401
9782
1043
9253
10519
2151
6111
10703
7623
5096
6072
1280
3561
9106
5597
5362
8316
2403
8756
6954
10610
8646
5813
3985
1565
6698
8367
2242
8475
8057
4473
3167
5868
1548
5955
5122
983
5318
123
559
5515
3953
429
2116
4220
3490
4250
6262
9033
2620
1646
1914
10942
1414
10636
9987
7711
9384
1883
9934
2421
250
9719
7638
7463
6039
9737
6903
3553
7791
3499
10979
10504
2626
3022
1196
7895
8098
2891
8349
141
4444
11718
5913
11728
6786
11310
3878
10214
10357
4965
9223
9926
5049
7134
11139
3383
5789
1673
6372
2998
3853
6194
7116
1968
541
5156
8516
10392
11527
4817
11278
6599
1843
9260
4664
5389
10361
3507
11844
7632
9746
11333
11888
1403
5875
10532
4497
6676
307
7378
2897
883
7909
5577
9800
3123
6225
9279
3026
5443
10078
1898
11321
2214
7712
4483
8452
2243
6066
6308
9783
6082
8912
5902
1693
9334
10918
8750
6038
9593
8071
11513
6711
6279
4744
2225
8101
2725
6435
620
11445
837
989
2798
11427
11905
3556
4682
3366
7476
3984
9668
8502
357
6976
370
6505
6410
2035
827
6684
7327
8745
9010
8083
11240
9736
4079
89
1564
7164
4662
8610
4465
7243
161
2548
6509
3602
9576
8173
1097
286
4421
1608
1915
9992
10460
7224
6767
5724
11908
3275
9891
7517
10564
9064
3663
9540
9350
7981
2629
9945
11440
8552
6621
127
7066
4133
8333
4608
7686
5123
10080
1275
1656
4294
6289
925
2477
8038
659
10970
11189
8988
9755
6461
2088
11666
10665
11063
5226
2387
5811
8278
1235
4623
4196
3464
618
8161
11540
3346
6416
5310
4489
1600
6202
2755
415
10500
7125
416
919
9387
6027
1727
2306
560
8423
556
8028
4466
9708
1293
7264
5438
1631
2427
4358
9367
11598
29
7542
11464
10293
2558
9664
1375
11114
2241
11348
5229
942
9001
4535
11230
8837
6813
1015
4822
8124
8376
6930
1315
2807
2062
4796
6426
10671
6325
10179
7215
1160
2220
10581
6805
223
7838
4769
8180
8953
7478
9870
8217
10709
5877
3159
4339
5645
6247
4205
5831
1325
5559
573
8209
269
11501
6876
5897
5391
36
9899
668
10414
1081
6833
7751
11360
8486
1798
3755
3004
8088
1986
7135
8160
10969
7593
3763
6497
5254
9353
98
7011
11904
9029
4859
807
5364
7091
3969
5014
7703
8740
2816
2008
11305
1257
7823
10485
10910
7515
4985
7992
432
3473
3863
6568
11202
7080
11688
4509
3003
4653
3634
6775
3789
1853
2836
2277
7793
2601
3723
4471
1989
5726
538
10924
9502
5519
3760
3157
6990
6869
289
1429
667
1943
1223
524
11612
1739
988
11194
11121
11818
7532
9245
10267
9998
7252
1170
2789
1177
7612
11248
5672
7244
519
3408
1952
4805
7800
8345
11872
4786
1195
1584
5311
10582
6450
4230
6623
3786
5244
10509
1243
6337
3160
6081
10637
2195
6127
3129
3255
1377
3772
3187
4470
4933
474
11873
4409
3214
9173
2205
3286
7192
3267
8371
6315
433
10540
492
5698
6036
5317
2765
4068
7963
3032
8037
9564
4167
6181
1766
348
3224
4870
7380
6363
5560
3411
3818
10510
1909
2448
2193
3151
7441
11384
1169
9962
7246
2149
2986
7110
5465
6162
4626
587
11466
6532
771
5966
3687
3303
5697
227
3547
7190
54
8388
11242
3824
6919
11672
2204
6112
9287
5442
4731
11034
1037
10478
6993
11243
793
7417
3534
6208
6335
8937
10825
1973
11328
9331
7499
2292
3348
947
7208
2679
5272
6688
8865
731
10406
5257
7063
8970
7575
8755
5618
10878
11846
2610
9060
8838
1213
2976
11260
9375
5688
10747
2625
236
1691
3294
1433
1629
222
6298
6274
776
8826
3121
4490
11229
10842
3876
110
8548
2608
4357
3906
1078
8128
10018
10143
11113
3646
1754
2796
2931
5586
855
6597
1771
2206
7903
10415
6201
9303
8494
2945
3087
9942
9298
6796
5488
7715
927
4380
3462
1322
10923
10864
6355
2089
10514
9981
2862
10278
1495
2843
7035
10699
9799
1304
3746
2545
8911
11094
7036
2000
7722
4238
10604
11798
10388
8493
3619
7065
6981
4515
9442
11294
2177
159
11745
10099
4364
8271
11491
2284
763
1620
6639
11472
6893
10288
4500
1224
10819
3006
1962
4806
2180
11601
3922
7598
9107
4546
3178
9259
2886
8035
10271
11196
6576
479
2458
1637
3545
6164
5617
8043
3895
5120
8369
1411
7326
10619
10635
1025
10599
3701
5105
3043
8822
7947
673
10874
2233
4218
4988
83
2646
6397
5634
3966
8719
3580
7741
1077
3077
7937
10797
1752
8647
9413
10314
4992
1268
3944
5012
6216
838
9063
1789
978
2540
5643
10916
5821
285
9717
800
4041
7099
11850
218
3148
8611
3589
7359
1761
5578
2557
1234
4086
2782
6914
10206
1388
11917
135
7271
1216
8299
7233
10360
10950
4040
2108
8934
555
4790
3696
6928
9269
10770
10446
5704
8979
9771
6226
1653
3806
8821
4681
10944
8206
6173
5146
3888
4763
9927
9659
1887
3593
4128
11306
8854
9943
4986
4057
866
4646
11816
9307
11778
7764
8151
3475
1816
9722
4925
1369
3572
9748
5805
10932
11041
4511
6669
458
10177
1458
11738
1664
5060
11134
2081
5094
6046
2764
8772
11130
2932
501
1324
11537
542
1199
4437
10096
5762
7200
4797
7854
2774
5753
3861
378
4362
4951
8506
1089
6882
3382
1190
3328
1312
9888
5074
5707
3484
3780
1554
3193
9763
1127
10700
5514
568
3291
6811
9684
9951
10205
1447
10142
4696
11216
7098
4101
9216
1982
830
7107
3511
6765
8020
5671
1824
5874
9874
6506
7434
368
7467
10782
9163
6391
101
10730
10433
4338
6154
11781
7211
4066
7064
74
1059
10437
7219
820
511
979
5114
5689
7629
8430
1924
10905
9933
11441
901
9657
4083
4282
11277
2384
10802
195
4555
1809
7165
8273
1241
6136
8945
10998
7507
5869
11042
11304
3754
8335
7300
9773
811
8372
4655
7837
8683
4727
10737
9739
1306
1611
117
8556
10060
3591
11585
3831
765
5879
8775
1888
3570
9595
9321
2485
9344
2841
954
6182
11448
7787
7650
6423
4686
7688
8358
8377
5582
8307
1420
6184
4627
3896
11404
11322
2787
6129
11634
10757
10410
558
5409
10995
81
8061
9412
1114
9780
3950
881
8052
4844
9920
1027
3375
9683
3862
1424
434
4272
7220
6589
11700
10457
8880
5543
6958
10951
3566
163
4322
8496
5002
7692
6432
11555
5406
3014
7171
10556
9731
10608
6389
4930
4389
11179
8253
11062
6353
160
11428
557
11286
2123
1837
10817
5150
11072
8354
10226
9784
9025
4614
1880
8144
7199
9299
8435
1133
1711
9640
6065
9928
1594
1240
6895
2486
7308
10721
1494
7433
1689
10871
10833
2643
8485
10943
389
1459
7334
2375
5949
9875
802
11185
11526
305
7397
6965
10244
1779
8353
888
11639
8286
8601
1486
10027
5131
9213
694
8840
11124
4553
8602
1521
11574
2887
10032
2589
8513
4715
965
1906
6670
7282
8127
3005
6477
7265
2933
43
10712
1550
7436
1870
5788
1547
5365
1730
4446
4075
10617
5138
1276
6130
3908
4741
8390
4533
1891
9775
11374
11880
6085
4641
871
1530
11765
5635
1401
4823
11915
5480
11387
6401
5264
1394
10595
7857
11275
1583
5038
980
11385
4023
10313
1062
10302
11878
6967
6120
5337
10268
1141
4564
4618
4893
6398
9699
753
5605
6146
11609
1774
8603
11916
7049
9728
8378
5784
1
9198
569
7040
9646
826
6073
5550
5722
6246
10788
11897
124
10449
911
2522
7497
6747
478
1473
280
2356
6221
7314
3574
96
2944
10178
7280
11899
4277
10347
6175
10962
3068
794
11302
10655
4074
2832
7706
9584
11869
7085
9159
1222
8008
11852
5937
242
2229
6614
9160
2882
90
317
4599
4691
5065
6203
6400
10941
744
3930
8192
7588
9694
8143
6704
998
3323
1090
3403
602
4482
6057
2099
6329
2536
2079
5217
10718
8791
4913
11837
2481
8549
251
9884
253
11720
1969
4283
1855
11405
7247
4517
9520
6607
7604
442
6968
9308
1556
4020
11054
6041
279
10522
8579
10332
2410
6886
9963
3031
4311
7863
8264
6849
1935
710
5516
2689
8675
1946
8142
846
2549
10577
6666
1879
6802
3365
11881
4114
8198
1159
2501
9017
4385
7661
334
4348
7615
2130
3799
6014
4958
9764
10684
2351
3800
843
8757
11449
4319
1538
4302
6311
9938
1430
8723
1971
884
1072
4698
8381
6832
5615
1995
11169
9690
10702
3669
5840
197
3401
8754
1269
8801
7452
5084
6002
2468
5757
5172
3410
11600
5751
10334
8073
260
506
4229
1464
3732
7746
3449
5141
4561
2198
8927
5624
3194
9483
3727
5186
7972
8983
10438
9252
8408
1748
6937
2076
880
11382
6390
1026
736
11009
11499
4032
738
8547
1070
7742
11889
2439
9864
8640
1333
9137
9393
1899
9380
80
5625
1703
7019
2860
11265
5019
4247
380
7701
6995
3176
7813
1682
8629
8449
5843
7352
4717
5163
9531
3102
5563
1699
1189
817
1051
2529
7017
6392
1640
6738
9231
1772
2639
4139
6713
5424
9969
9844
6508
5750
8973
1925
9018
9692
9801
6263
2879
11743
8352
10136
4547
11819
4921
6875
7805
9816
394
5445
7026
11484
7930
11753
10266
4825
3571
4722
9398
2888
7381
10370
493
3292
411
3502
4373
5102
8191
3977
916
8964
645
3921
3809
5731
7469
11697
4300
6900
1172
7892
2616
7668
4578
1618
8171
5127
2682
5231
1834
10856
10379
2097
834
9837
510
5505
6319
11339
6288
8290
10860
1863
11826
1018
8665
4714
5716
9817
3517
169
8615
10019
468
6064
3158
352
8658
7828
3107
882
11421
11320
1908
4934
3331
5354
7153
7175
5059
1667
4807
9024
6235
5326
10203
4735
2934
5427
5931
8425
10511
296
2895
5670
7748
349
8587
4628
2600
7818
11115
3791
11851
10664
10286
4400
6702
8811
4939
82
816
4752
3239
6190
3951
2754
6749
9099
8820
1088
3734
9406
2779
7719
4426
11788
1131
6551
4637
530
34
8017
4248
3607
7274
414
3598
8196
10439
4914
2509
4789
2052
1258
6864
11017
2565
10727
10386
8622
5140
4372
4094
1665
7669
9547
5267
8227
6290
2490
3138
9709
115
2852
7256
621
10189
10269
586
9794
6326
3084
6328
5595
7541
8413
7587
1343
1675
1432
5770
7533
8062
2018
8684
10331
4510
7733
4284
7328
7677
8125
6795
4625
9214
7324
3067
10748
10008
7067
3482
2627
6155
11756
51
5946
5705
216
2598
3330
7298
1702
1477
5667
4160
8700
11148
520
2104
9691
9866
6839
7877
7814
11292
5892
6478
10250
2422
5973
9411
180
11896
6055
963
3437
6217
943
4111
8575
3205
4335
9290
9711
2315
2834
6463
7606
8287
3688
6516
3986
9645
6686
9178
6535
6282
9459
2783
4236
7174
3318
749
7029
7179
11410
2332
1298
4453
4231
601
5029
8729
11367
8228
523
6361
1923
11252
8110
11644
11250
5334
5201
4753
10620
2700
4492
730
612
1395
8620
10295
9151
3949
1438
8010
3341
8331
4749
7551
2359
5176
4321
11225
8507
4106
3777
226
8566
9830
4911
8207
8079
7072
3257
8174
11377
1231
7792
6588
10217
6671
126
619
4770
7876
11539
10887
5285
7566
312
9953
7405
6470
5730
6032
2674
8614
11040
1352
9449
3842
11313
9424
7361
9037
6469
11922
2531
647
8214
4245
2319
7648
8849
5732
11736
9061
7426
6220
1996
6794
6585
4831
3498
10062
5292
3349
2023
9324
1087
3130
3141
8197
3543
9197
7238
6714
9754
7882
8856
10161
6292
10198
5473
7440
10963
3030
7191
11340
1815
6074
512
11261
6947
9196
6473
3717
5003
8305
2170
9407
8656
10248
9596
11
3537
9495
10766
8421
10959
4317
1384
1423
4345
7073
11081
3354
10287
6102
8210
2150
3215
5397
9047
10213
10377
929
4650
10087
2655
4012
3770
7444
6238
11900
7958
7254
2701
2544
8956
2473
5175
10719
11338
10046
5739
4308
1082
11071
1802
4772
7037
