4750
1386
11753
11676
8110
6173
7487
24
10541
2897
8656
9943
10548
10667
5280
2187
8097
7000
10086
497
1541
8547
9494
691
908
9016
11214
4700
3719
7937
11268
2959
9357
3563
947
8044
9060
6983
2275
5843
403
1397
5173
10388
3682
5191
4498
9741
5201
8143
6436
10404
3000
4670
5282
7649
5671
4454
11157
1773
3825
2033
7607
6333
2628
9169
10974
5564
7128
205
2106
11878
6318
9262
6820
7838
7912
8434
6732
9746
5507
7850
6310
5046
5326
10425
6525
3634
8862
9017
4951
8341
11131
1051
5021
7460
6884
2609
5102
3508
11106
3053
4436
7802
4146
8990
3831
3446
8498
7329
7126
9559
9513
11195
1176
7138
6279
6290
10169
8605
7081
7704
6760
6329
4579
5156
5835
9737
8326
9755
3436
9398
3404
9835
4762
4727
6744
4159
1753
6033
3265
1520
602
10789
10621
3536
6342
585
692
1708
6203
8876
2576
560
6452
5904
4638
3998
3131
677
696
5707
7594
8377
6270
10221
10689
5938
4434
5653
1367
5083
5327
6423
4695
8628
5757
9116
8235
1600
704
1204
6927
10090
9074
380
11826
413
951
10001
10539
6984
9992
10132
10575
4232
7640
4779
4452
10779
8362
1602
4754
8367
1267
6824
10062
9802
8081
1529
7693
6660
9728
5658
6263
5445
11148
3591
8243
423
9152
5237
9100
2184
6325
5769
3823
11718
5649
10034
8808
9900
7612
10649
4624
62
4474
3449
557
8205
794
258
6850
4078
4597
6149
900
11243
11755
3860
5483
6243
3975
6910
6460
5781
767
6857
10510
10248
7344
5552
2931
3150
6640
11330
9964
7710
3112
5464
11599
10677
1709
10268
8175
10753
9258
10106
6706
11559
8954
7010
11418
522
5065
2608
7983
7013
2494
272
8790
5595
5256
1550
2501
1284
4403
5686
10566
15
890
2859
5636
9695
2477
8515
11321
6942
9867
10874
9829
6516
650
3042
8112
1197
8120
6976
6470
7495
10470
6157
4725
8567
9650
10648
5869
2585
9431
11024
10449
6281
952
1160
11316
584
9026
6946
3654
10352
11259
8943
5335
11685
10653
9937
2950
11780
3185
4214
4481
7910
6213
9241
7296
11054
7018
4191
10630
9102
11604
5848
7836
4885
10765
8173
6819
6471
5289
6906
4542
5923
11736
3366
3718
5705
9114
780
6258
8162
5123
9632
6344
2031
5892
11058
11835
6837
6443
8929
6492
7419
6552
9798
8468
1421
8992
7080
8332
5533
10644
8844
7823
1743
1005
2432
11654
5451
5003
4147
8481
6623
9639
5526
6675
8539
8405
1438
10887
7347
2582
9435
3509
8511
1852
357
4745
8103
11739
4600
3971
11671
7842
10554
7845
6986
3655
5480
9226
3886
2055
4473
9524
10451
10293
10925
2505
8976
1812
4978
11230
7635
11247
7323
5517
10253
11494
2583
7953
7325
7833
9502
5903
8920
9975
2393
10440
4627
6276
6069
3494
8566
10369
10608
5830
3661
11763
6175
11850
46
1674
4206
10550
7576
943
3841
9444
452
9233
10576
4165
7758
7939
5267
1455
2202
2708
5515
6236
4528
4799
11870
7449
9700
4500
3557
10663
3778
9817
10757
10430
2195
8742
10636
11746
8683
9703
4169
5379
11901
1249
549
1132
9486
10051
11709
5426
573
6347
9719
5294
2385
5313
11523
8025
9087
11467
10503
3822
362
5789
10379
1864
6900
764
3771
5565
4350
3178
6402
7982
11117
7522
5048
6455
3287
1123
9335
7935
6950
6352
4110
2403
5874
5847
11869
1016
3282
10136
8472
9505
5547
11545
3903
7207
1008
8804
1683
1503
9179
6948
4407
10474
1159
6240
6671
2180
483
1829
9
6733
11725
6631
6093
6705
3492
4899
2755
9848
9197
11028
7031
11598
11720
1357
10305
1368
1388
110
3939
8840
10097
7107
8040
4274
8115
7254
3948
210
3375
11187
3195
9528
6195
5741
7557
3608
8170
3697
3738
9516
7976
5626
1863
2175
7855
5376
8660
4605
9056
1286
6963
4133
564
4348
5060
1826
11697
8910
8101
3770
4058
781
10118
8696
6221
6462
7486
10604
11216
5455
1362
1433
682
3702
8732
9307
5399
10824
11798
690
5588
11278
1717
1240
11538
4049
8079
737
5913
7678
5033
1838
4355
9645
10718
7722
2320
10487
4968
1294
9380
4168
11250
7930
1458
1289
6145
5496
5825
11640
10988
7854
1122
9939
4688
7036
8530
8391
7280
6560
4916
8417
11364
5299
3753
9530
1627
4705
6651
1392
11145
7701
8593
4393
3779
5142
647
3725
8363
2730
11424
1764
2088
6360
6684
7966
2400
10339
5040
7554
1752
6586
4291
9271
3844
10026
5796
10190
3666
10056
7289
2770
765
7175
5291
7179
8783
933
2565
5991
11454
11529
4395
7273
303
6622
2737
9433
7480
11730
3607
10362
3345
9308
7202
7540
1251
5015
11342
3788
7945
1095
915
2375
8459
9750
9979
469
4894
8133
8152
2013
2558
1563
2535
1023
6779
9965
6941
3504
1024
191
8226
4475
8993
34
4038
11013
2943
3264
9799
6554
4382
3197
6571
8592
10108
2536
7353
3636
8245
1735
10064
8558
8184
4023
9890
2990
10719
10434
7728
11379
5721
6021
2654
11892
6551
825
10099
2071
9759
252
7867
3337
6645
11820
4020
4893
5192
7310
11537
10515
5839
10736
9539
8052
7507
7451
10186
3241
5538
6769
6391
115
6868
479
3438
5154
6776
3741
2062
5255
3463
4319
9961
4853
7805
1788
4742
5428
2231
4004
1010
3876
6220
2193
1384
2802
10208
2653
277
8583
1015
4997
7022
5780
10492
2900
3394
5138
6067
3294
5165
5058
9910
2427
7127
7414
11306
6024
5554
9007
11590
5834
8234
404
10125
11511
6866
6181
9807
11130
7099
8282
5245
9354
11760
9449
8657
8378
6076
6595
2249
5392
11257
8848
9567
3994
10622
11040
1932
10350
9387
4093
6343
2968
6464
8215
3356
6245
879
7719
6780
2445
7668
10063
6625
2457
7224
4341
10593
9423
6603
4332
7416
8308
7191
9507
6717
7638
5301
9973
7279
843
5375
447
6419
8018
10216
5545
5596
9875
2331
11288
7920
3268
5131
8458
10423
9577
6222
8760
4092
9361
6801
3638
6930
11631
2099
6441
1667
11445
4610
9168
4130
9984
4645
11649
10385
209
9929
7404
4381
7111
8919
3454
2980
4461
7496
3652
11064
2037
6126
10884
3477
2961
4939
11927
1145
10024
7671
2463
11637
1925
6324
9533
4902
8493
4861
5221
9489
9988
5300
7899
11433
10701
11271
4365
1960
9111
7917
4140
10072
5965
961
7136
1366
1260
3132
6392
6972
10402
1439
9403
852
4193
7849
4048
9723
7562
6346
10573
2715
10044
1846
6158
8232
4444
1908
512
11861
8252
243
2589
4443
1905
4357
4834
2203
3750
11107
11016
398
1817
8094
10997
9224
10083
4942
10135
7395
10009
7740
3439
3648
8814
6271
5735
11682
11564
9891
11724
1630
10189
7515
749
9003
9546
2311
5086
11427
3881
3805
3871
4178
3067
8974
4435
6156
3269
10324
7017
6029
6101
2276
7094
10244
4895
6532
8754
646
8665
4886
6814
7517
1703
7832
3970
1574
8678
2090
11915
11269
9064
9951
8669
5952
10344
2548
10493
7370
3383
821
4427
9377
8947
1467
10060
5133
8225
83
7904
8946
1322
2158
6632
7473
8648
2675
3328
3895
6874
6626
9908
11343
416
11900
7225
5295
8499
11582
4975
10110
9793
8029
1321
593
6938
8480
4814
10000
11258
7676
1637
7226
1766
9918
3139
8778
11301
10304
5590
9564
3762
3016
7685
10019
3036
3274
6875
6738
9063
8535
3516
2162
1325
8389
10124
9370
7597
7544
8693
6416
456
81
10941
9480
11329
8388
1259
5896
1601
609
5806
6786
2775
92
7514
1019
393
2113
578
9322
6262
5222
10710
5470
4364
2816
3526
7644
7975
7426
9051
7695
1726
7787
1924
660
10919
3076
10173
1623
10728
5453
3409
141
11914
7488
10740
4508
8805
10500
7599
5516
3590
2700
1971
7146
773
1820
3205
5420
830
10771
10763
4490
2571
6991
10052
7174
884
4113
3348
7219
6264
2618
9250
711
10547
808
6407
3414
9547
7338
6663
2437
8009
8764
11388
10664
9066
4121
9777
4386
10731
8270
3138
10833
9029
3673
11113
5505
5437
6722
177
9426
4312
6289
5850
1635
7964
11919
1429
1484
11658
6624
2746
5043
3512
10146
7324
6805
4438
9898
3423
11522
5973
1510
88
7730
9614
3633
2439
7121
1977
503
10928
8385
10745
5042
719
5137
9783
11391
4132
10657
2707
3031
8435
3467
11018
8002
9020
7029
7194
8813
5829
3148
7919
7648
9957
8062
6288
10195
10347
3628
10376
7391
9862
3915
11338
20
5075
7352
4583
9294
5010
10446
11315
6207
7117
1352
7508
2662
5172
5366
6055
2483
28
8538
9385
4778
3327
9721
312
3967
9393
3211
3276
6473
8309
1935
11072
11501
8568
9948
4143
9855
11068
601
6861
11346
3169
10450
3419
10860
8397
7049
11421
9304
11070
5579
3715
664
9009
3341
3851
2953
485
6730
10635
8931
6923
3644
1946
659
2004
11761
3733
4246
8521
862
2697
5176
1232
7073
5084
10802
7949
9974
9358
9321
6237
7189
10222
6406
11889
2913
5681
7200
2945
2221
6558
1617
9747
7471
10070
10259
10721
4463
5920
6506
1987
1104
10128
8900
10181
5714
4292
4555
11700
4074
8217
903
1620
5615
151
5966
3391
2492
10410
1161
11547
3134
7172
10233
8543
6867
2139
7397
9654
6936
4849
1790
1340
3845
9996
123
8100
10285
5019
8777
7791
8017
8088
8925
5518
6037
9771
6964
5591
3250
3159
1402
5852
11603
6065
1042
9864
755
506
1837
5659
3588
7158
10585
708
7532
4488
3906
11662
8874
1109
1105
3363
7848
9285
3023
5093
3562
5788
8281
8322
2496
8831
3943
10465
4696
881
3503
5914
5354
7797
11474
8962
3381
5812
6815
8676
10356
1431
4112
9785
19
11635
5731
4593
9812
4620
1944
2774
11307
11043
2315
3475
502
9232
6418
5266
1478
10567
7005
3669
434
3842
213
11081
5034
8736
6885
6154
927
11778
1485
1385
6086
6204
4311
6100
1728
1356
4195
5471
6821
9196
5742
8314
8948
2514
5775
3275
8580
3877
214
1982
1671
6838
4313
9200
1069
6501
9692
11175
6559
1474
10266
9306
9846
3390
2973
7230
4543
4094
2490
5163
10020
5541
818
6932
1716
4845
486
5797
4717
6546
3033
1050
3215
1383
11286
7134
8524
8529
5068
3950
4651
7602
1582
4872
8331
8370
7234
3687
5014
5961
9028
9424
8637
4123
10389
7642
3835
1064
10257
10150
7665
2096
4202
9856
7110
3314
11000
1807
2396
11630
695
2689
11091
2810
1664
7354
7608
4425
6729
6504
9296
6183
11139
9619
11198
2150
11455
11037
996
10646
5050
9316
9460
8476
10370
10100
6020
2760
3168
6072
4150
2954
7320
5249
5265
8342
4529
1068
7503
9786
5623
5743
10700
11419
1343
8892
2241
2882
10817
8413
2178
10713
6144
6561
1447
9666
4431
6438
2261
7677
8183
2054
4776
1115
3049
4430
4480
3166
4584
9930
10081
11891
9522
8450
5186
3224
4707
6014
3832
11823
11735
10484
6480
9298
9466
2310
5352
4264
7940
6176
5382
9858
11526
5185
11476
4295
10459
1146
5001
10889
11042
9048
7220
5798
72
3009
6185
5941
8219
2852
9432
3283
8692
10032
9305
1746
7383
6784
10424
882
720
9027
8244
1953
4067
4791
6960
7611
4660
8647
6050
7903
3530
3346
5357
7991
5167
5876
2752
3248
173
6427
9344
803
10556
2472
2292
3879
4128
11285
9227
3926
6894
9079
8893
9569
7373
10629
260
6750
3849
7703
3953
8373
6832
4777
8909
6721
3908
79
1806
6599
7993
7800
6531
9646
3662
7659
9323
1469
342
4850
7453
1501
11527
2051
11373
6396
8058
2977
4156
1312
4347
9938
5383
3602
2805
3782
8327
9641
1268
8134
2189
3606
9821
7269
8756
6437
11357
6319
7363
7103
4170
1649
3972
1962
4007
2135
7035
8894
1857
10794
9993
7891
7505
8172
4860
3968
11270
4848
8598
8999
7413
10251
2322
9198
4394
493
2814
10371
1755
5599
9845
10098
8416
9325
137
5570
10793
7733
4880
420
8902
169
5384
1206
6685
3230
2573
1476
5452
10788
10152
4363
6228
10341
3431
2304
11442
8596
3400
10073
3193
10581
9774
7154
11625
628
3804
5946
7120
8199
3796
5942
9678
6878
65
4070
9971
11819
8313
1691
4102
6515
5145
7857
7139
10703
7030
10820
8787
4768
10501
495
7669
11186
10159
3984
7958
7929
11540
8963
3229
2995
11099
4751
10590
11910
2212
8666
11521
10790
9811
2850
8121
306
3966
1578
4507
1061
3232
9772
10943
3619
3675
4083
7989
6762
8156
8129
9330
6432
10864
10557
8269
10473
3898
441
2952
2873
10563
9206
9440
8907
3301
11222
3734
712
348
11439
350
6654
3945
5286
4187
10286
6545
9541
2958
4659
2521
5347
5182
7291
10412
3617
3995
11828
6703
6165
11059
11576
6636
9764
9054
10116
4888
6598
3186
1164
377
2436
3894
5976
7263
9402
2333
2144
5660
9575
9082
510
9675
8709
11670
3678
2711
4749
5785
2791
7696
4804
11796
8846
738
8603
4372
8157
6667
1815
3696
6294
5436
3885
10964
2160
8812
7769
1988
2305
11765
10695
6767
9044
6486
2527
8046
2486
462
250
9584
6231
2934
2330
9691
8642
6005
1797
8651
394
1979
10782
11666
9987
2526
1349
11583
5887
1114
7122
9165
7360
7812
5491
3888
8013
9295
1789
254
5005
5506
11477
9204
10784
540
2940
4376
10896
638
2205
7548
7090
3651
10240
4511
9881
8300
5141
3502
10603
8552
7936
5568
5901
1546
10113
3736
1190
8396
5982
9037
9055
9309
9726
7118
11297
412
10692
8382
9287
18
11045
2559
10574
444
9478
11177
7679
10383
10185
6756
11787
11189
9633
9008
11856
11756
2321
8324
10036
2999
567
10393
11528
6047
10816
2509
6508
1457
4704
10357
3728
7450
4668
6209
7526
6023
4466
1222
5695
1167
10655
16
8786
7143
7625
262
8774
8533
11132
7674
3490
178
4808
5677
1296
10906
10837
5115
8855
6018
8001
10296
9106
8612
2447
7445
5752
9762
8030
6714
9735
3934
8169
8818
7247
9983
7687
10955
7027
267
6272
1673
5127
4076
4565
1698
330
11086
6635
8260
2280
10565
8504
11199
4238
2567
8785
9348
11577
4858
8934
8673
5417
4859
9924
10674
411
2169
9969
2545
2414
8146
2094
7723
11832
8442
7244
8758
9603
9565
4320
2475
6967
7792
7630
8000
8190
11319
9915
8525
7100
2648
4983
5012
11782
4574
11118
8171
1348
2898
7434
6048
5338
8054
6542
3761
2637
5790
9732
1006
5748
8513
1879
3958
6608
2798
5028
7963
6078
4141
8721
11468
8685
3737
4420
7235
3528
5679
5631
6563
8487
3671
10452
528
8745
11829
6891
3440
3429
335
611
8319
6019
9555
426
2823
2864
816
9360
11097
5740
4633
9794
8061
4203
11655
6256
7750
6046
2105
7237
3075
6698
2693
2045
5688
9701
8616
5319
10960
10937
1737
7747
4922
3005
4139
1025
11428
4349
1559
10772
3354
9442
10826
962
8395
3932
3626
3013
2927
3077
10762
7399
6381
2832
7589
7341
4241
11393
3018
10959
3896
1449
1493
4534
2053
3278
4115
7822
3689
6041
3665
8224
6652
8828
3080
3629
10924
9834
11519
2904
9376
8674
3189
6261
51
3535
2960
4669
9884
8138
2681
2825
7361
8214
10377
206
3959
7437
4263
11909
2599
10284
5374
1033
3266
11283
4833
8278
9199
9899
3572
520
7
2465
4302
8949
5329
11213
5763
4273
5231
7999
6400
10082
1626
10365
10326
3714
7346
1
7553
5964
2699
8720
1554
3918
8368
11771
6496
11636
9694
10250
1127
1898
2905
555
7893
2108
7209
9171
3444
2625
529
9222
8506
6085
3768
6514
798
2841
6465
10448
7512
6180
2657
3459
11378
5822
7198
8796
2574
5569
3121
746
9775
9465
488
1816
9916
29
9854
5723
11906
3384
2402
9611
5956
5358
2922
9099
6002
7201
11108
6681
7724
9244
11762
11536
2185
5264
575
9722
4421
5624
8049
10482
7985
11015
1168
6585
3485
9628
11556
2918
6001
5725
9143
7956
7109
8751
8256
6713
6797
963
2130
10249
5461
4155
3422
2790
11051
8022
5343
3445
9566
376
11122
11904
8021
11159
9557
3441
7624
8164
4897
5651
8723
492
5912
11907
899
1277
45
1855
4582
6497
4731
9276
2176
1169
9278
87
4327
10196
7947
6659
317
11698
395
9456
8102
11745
5489
1258
4204
11095
9189
4969
2454
9570
8
954
906
10302
2766
6054
3323
6966
8957
8836
1177
10555
7680
10511
1032
3305
11757
8181
9273
9684
2986
11036
7658
11717
4598
11572
5106
9667
9192
3105
8440
9288
8700
4148
1854
3024
3706
7877
6537
735
6049
6877
4422
1824
5077
3473
5321
7167
8399
5393
10933
9496
3482
5527
1699
5514
2782
11384
7926
8003
9946
1142
762
1721
7590
5447
11370
5456
10577
215
7971
4124
10809
5259
9065
6757
8072
5367
1663
3923
11589
9766
669
10855
799
5055
5336
1082
3897
7463
6794
1941
6911
11512
4812
1389
5574
5687
4220
3041
7954
9917
4247
6720
7828
870
8439
5865
4734
155
3870
7613
5095
1365
8461
3293
324
7283
6723
9078
1235
2103
11834
4098
78
8056
1512
3393
7390
4223
6362
7300
4818
7238
2157
4079
10932
1215
9847
182
5155
3510
2522
9342
6810
11508
9550
9503
6785
305
5910
8055
3611
8597
9047
8343
10843
5562
11082
11808
8210
8372
7653
5272
2356
7066
10104
2100
3727
4715
11275
7009
7045
4781
10863
6533
8076
4353
9487
8921
6903
4831
7631
6726
10776
1502
11181
8614
6725
2360
6690
2855
2594
7686
11447
2764
7422
10532
9126
3543
3003
5202
5128
10709
8875
2513
9371
8400
8620
11460
5759
7098
5761
3489
6612
8503
368
2909
5079
8092
2112
4826
5751
4237
9800
6326
8406
8093
7020
2243
9375
5749
4674
10126
11115
9897
4940
7371
6739
9658
4031
6621
11617
6918
4976
9235
3187
4840
2338
4412
7541
10280
2719
3032
10746
6051
7559
9000
3368
6108
6068
1203
641
407
8136
4331
7316
3098
6015
6118
1547
4255
8625
8553
504
7113
7415
3481
4308
1088
637
10506
9595
6505
10559
7765
9857
9784
5511
5534
5487
11280
7148
5939
6373
5928
2789
9089
7984
8517
10141
4673
8574
8802
3284
9108
2466
6855
10888
6039
10944
6975
2673
10961
5078
11220
10267
6137
6202
4617
4218
3015
3707
3645
3039
6410
3940
1610
6693
2274
3914
4646
4552
10712
7102
4889
9462
3843
7227
9408
9649
5101
4862
3260
5537
3365
10690
8336
2089
11347
8424
8408
11648
1628
7478
1952
1393
6741
4912
9397
4735
1611
4920
10289
10260
9173
2680
10333
7629
1528
8155
6697
596
10143
6252
6716
11241
5510
3917
3058
8578
7452
6091
3111
3156
1208
11710
8063
6860
9579
6074
8233
6174
574
10443
2756
5970
7604
2
6905
11775
11769
3817
4661
11913
6420
5968
9727
11339
4560
323
5767
8711
5670
1482
3177
9683
3259
8682
9870
8820
9001
10439
344
5571
1997
8587
1779
5493
3411
3357
10317
1195
3616
54
204
2041
10828
6507
935
8727
143
4066
7392
5635
3961
11324
6856
8881
207
8526
3882
3554
2644
4371
7197
3296
10277
3813
7345
5361
5454
2050
2078
11864
9690
7327
7418
657
5074
2771
7783
8139
2887
2412
1730
4471
885
218
11402
7521
9062
5059
9237
4057
844
4625
4084
9155
4857
790
9548
8026
1621
2022
7810
2636
2871
3598
5100
4821
8216
7144
6811
6082
10374
728
10748
3104
8254
9246
11517
4817
1398
2779
6059
7129
1584
8899
1149
1710
983
4841
5067
6909
11448
5906
6929
4014
10397
4851
10916
5312
3160
6104
4417
10900
294
1437
6042
10008
5856
6570
10117
8290
4440
7485
6459
3256
4743
9560
3427
8961
1763
6284
9573
3084
10187
5200
8652
9475
8821
8845
600
7992
5257
9010
7775
1041
1226
7435
3418
6590
1973
675
10853
2634
722
4060
636
1178
5328
6783
3744
5716
10322
10332
10911
7847
7314
10716
4210
2878
4618
6030
7499
11078
11503
5411
9537
8839
3580
9622
9673
6883
99
8691
2568
1530
3027
6740
6751
11554
10666
295
10717
9712
4556
2313
1330
2387
7217
9368
6577
11073
5304
375
10572
10043
6658
8630
2879
7639
10115
6246
9252
4615
253
3683
5654
6965
5555
10800
7652
1287
8208
6167
7444
4239
9191
3303
3561
5337
7315
1556
10227
1163
11067
972
2262
10225
2346
11689
4021
8945
6208
938
7516
4616
9251
5478
9281
7901
313
4230
10155
315
10378
10109
1320
687
4138
5750
3466
5816
4051
8579
836
6414
1848
11061
3493
10523
3450
11430
3203
11420
2177
1172
872
187
2132
10335
1865
7944
9443
1370
10654
9552
3698
1839
9187
2772
3949
1926
978
3680
11703
1689
10047
6528
10953
701
582
8371
1244
8268
10349
10971
7998
10632
6804
7135
7173
9519
3688
3501
2232
11751
10215
7626
7578
4336
192
10861
8073
11806
9448
7427
6481
11006
3863
5479
7973
7938
5911
7221
2087
10529
744
10407
5110
8084
11485
7211
8569
8160
9352
11397
10950
234
7130
3401
10276
5776
3600
7165
7531
3319
7692
11679
2319
1316
10223
6848
6146
4286
1861
9177
8830
222
7246
8740
10394
6959
6753
9682
5307
3122
7864
1964
6056
3899
1350
11438
889
11886
7795
2278
1718
8166
9366
1739
8926
7498
1248
7410
5550
4520
6982
6490
3962
8188
9123
10825
10061
3114
4227
2964
2076
2225
5986
2643
11799
8901
632
5024
11005
10983
7900
9676
8822
9406
7047
2098
11847
3161
3670
7860
8984
2778
6995
8441
2271
3834
11322
1874
8975
10294
6388
7974
5805
7072
3252
340
9534
281
3291
8355
8659
7634
7055
7004
4418
6482
4650
1231
5284
1007
10149
2027
2691
10727
909
259
684
7054
8613
4479
10469
288
11859
7161
5002
6338
6802
6267
11225
10455
10773
6155
7990
10970
3086
8857
10658
4591
321
3759
8827
2800
4134
4183
9291
10162
5860
5699
3880
9740
4040
3048
8801
3237
5069
5959
6234
8178
8153
5732
11180
219
6335
2430
11504
2907
9019
9960
2721
10212
5551
7657
6163
11681
4656
11456
2991
1770
4249
6225
161
9745
9488
7858
6974
9906
8548
8358
6996
10079
6370
6064
11076
6164
5859
4678
2419
6715
7715
3627
551
3175
11627
1313
6707
8863
916
4970
10973
6153
2532
5488
242
4174
6382
7145
8346
11178
9452
3007
1892
198
11622
699
665
1136
9127
10207
6696
861
9119
11855
478
9021
2283
189
4805
2186
4839
10360
587
10938
3545
1151
4095
7131
8677
4317
2270
10095
3913
9286
4483
9512
6131
1586
2122
4652
9825
10905
9107
6742
9071
7617
4699
3040
1644
8119
2216
0
1440
9510
10160
3247
8577
6487
9822
8695
5348
8466
9254
8917
1233
5930
4408
7739
4515
709
4911
6299
7166
2097
5581
9511
7442
3582
435
461
9024
2293
2316
3539
5600
9117
10303
7662
11320
8497
7076
10730
10838
3525
7372
6649
5838
9982
5195
11437
9339
10403
10059
7461
8067
3242
7872
10807
7002
5587
1396
4248
3220
8145
8047
5753
11340
918
3985
7809
3095
2005
6028
7242
9991
8817
3889
5424
4561
4301
542
11580
8649
5158
6408
8457
4984
5370
11026
9665
8107
11918
11719
9713
9118
6081
7913
8937
2581
2851
6177
11
1464
8263
4160
4374
6847
10467
6788
10839
10386
7446
4723
11663
9146
5380
11510
6316
3060
106
8952
992
7513
11172
7922
8594
5840
663
6650
9953
9978
9345
2914
5022
9999
9520
10878
6009
2724
6743
7001
7468
6320
9830
8799
4211
7085
8864
6334
10272
11931
3210
10803
4985
5802
7683
10254
713
9069
1701
4042
11887
7667
9012
1339
8773
9425
10071
7921
5325
5778
1505
4236
7666
11295
2781
7523
700
2828
10348
6219
11565
1901
776
10977
6193
9057
3202
539
8641
7869
11473
1612
5029
114
9944
11046
1690
9753
7994
2258
5349
7210
8795
4573
8884
9874
10213
9151
4129
6128
9479
6113
11916
9413
9729
5559
8706
5283
9303
2222
9034
7431
11594
6468
9804
2314
2932
2085
3791
9574
414
7428
6931
7579
3221
4164
7307
5111
9042
3618
10028
5573
7112
1583
1676
5339
6833
7386
1712
9145
8298
6806
9839
1887
9334
10069
5676
8137
11825
1140
6472
5717
4854
2936
7588
9469
10764
7092
4281
3196
8958
3852
2171
8549
9795
8765
2348
11223
7440
2491
5444
1091
717
5263
7012
8034
8335
2690
2500
11535
2580
7623
8719
10325
11208
2787
5254
6578
11595
4606
5979
6336
6327
8604
6688
11109
5446
9492
3464
4318
2082
9631
3372
4959
5787
988
7472
1359
195
9601
8494
11169
10520
1604
5235
11202
5592
3012
5210
2868
3251
3624
9405
6488
8763
6409
7885
9876
429
2000
4497
3071
8989
4875
8883
629
5030
11333
9351
2944
7190
1403
10015
8351
9110
8873
9790
5604
10163
11883
339
10395
3800
152
10934
6380
128
2223
5474
9647
10869
8126
5879
6254
6901
10230
10827
5213
8306
2834
6212
2014
7746
4219
7878
7206
6734
11464
11261
11544
6870
1253
4987
4258
4120
839
4282
9331
3167
6006
3026
2734
11351
11151
4876
4863
359
10262
10127
5529
2288
4628
3732
4294
8048
4499
10942
6397
4590
2207
845
9091
10178
6679
10025
8534
1371
4116
11289
326
6266
6239
3500
2541
4994
11779
1959
11144
893
5509
5408
8444
7543
11302
2365
4043
7911
11103
6568
5706
5308
9277
8142
5804
304
11150
263
5885
179
9656
7368
1811
668
8775
33
5703
133
4961
3165
11609
2751
11880
314
8792
9714
8588
10414
5353
5992
7595
52
6218
7818
7819
521
6686
9430
5434
3050
2473
7697
10411
1771
9620
1998
8426
7622
8746
1943
10406
7801
1593
9188
3936
7749
2682
11491
5947
11238
5419
385
9282
2761
2933
7261
9657
5190
2645
703
620
8867
1862
6495
10681
3102
6140
11793
9827
8394
1395
8008
2664
1590
10545
1491
7021
9885
5230
71
9120
4448
9893
5867
6886
6182
8090
3243
7713
5363
402
10982
5669
5813
2702
10898
6580
7558
9551
5709
6138
1830
3498
10460
8488
11415
9061
9231
9141
1780
11773
4575
9160
4771
11475
8713
9709
170
2441
9981
6194
4835
6273
7962
1037
6771
7615
953
8154
6895
4039
8349
8885
146
6119
6605
8810
4785
11737
11581
7400
9153
2815
11171
10245
10613
8755
1212
6027
5285
2296
6361
4502
5381
7737
1827
7192
10316
10568
9640
1302
125
2563
10842
11493
180
2198
4823
3176
8747
2540
5410
8354
569
7355
7931
6073
9172
5508
812
970
10946
8083
4277
6387
11530
7089
11411
1155
3448
1640
9919
1680
11459
3246
1970
3711
8337
7955
9474
2523
7282
7571
331
484
8200
10392
3787
11135
1523
116
9434
9208
475
3642
2024
458
8985
4726
9043
924
6379
10528
6981
11744
1412
3310
2564
3922
9962
3174
5119
1622
11298
10491
8227
2537
8722
7075
11465
10560
7831
9928
605
9136
10351
3705
1514
8301
5271
5124
6567
6813
8124
10447
6694
7229
3123
4554
4614
8350
2123
1213
227
11646
3592
4229
4960
4796
819
25
2517
2679
8485
2951
11033
9030
2081
4672
9253
11802
7409
6353
7260
11123
8602
9942
2064
10882
8939
11098
308
6374
11592
11008
8784
6630
3544
2058
8541
791
3527
8223
3437
1836
10198
9902
11694
11490
9578
5051
4022
11784
2009
332
11532
9674
5258
11466
10123
225
9415
5866
4870
7741
27
8333
10114
3625
930
8317
9092
11568
519
2519
3421
2861
3570
1334
4322
3085
9098
8116
8646
2086
6549
7876
6724
6191
5302
5543
10587
11112
2617
8251
6859
8144
7378
5736
11701
8390
10182
98
6077
5919
2006
10241
546
4462
807
4760
8615
7423
1086
11185
286
4003
9844
7388
10320
8470
4151
11549
10496
9150
2366
1052
5777
2955
10602
5786
9521
11715
10806
5685
10935
3836
10096
9582
5371
11879
3746
3806
11105
1995
7764
9205
2060
11754
3735
2070
10134
453
1672
6038
5433
3014
5519
9125
7586
3700
9497
4356
6616
7401
857
2340
9934
7837
3729
10659
11080
5610
9399
5177
3300
11166
11031
276
7702
8586
10752
6253
6518
6109
8767
11487
2788
5536
6390
10502
10313
6315
9501
8837
7252
7874
6985
11486
11860
4741
1073
7873
2652
6003
10483
6401
7881
4354
6657
10614
10829
7549
10197
5762
1043
11276
8965
11023
11811
6378
2446
3909
5208
4259
7233
6887
8710
2301
11673
2843
9730
1377
5105
5645
5056
9925
8148
10821
5250
450
37
7182
9326
6947
7886
9243
4250
4538
971
10151
10275
3455
1842
1748
6607
11734
11842
11141
8880
11007
7262
8386
2880
10161
11010
8292
10996
6302
9542
1919
8127
7694
11766
9429
8750
10743
11932
6148
4326
90
11807
9687
4489
8433
6896
164
5220
3025
6913
8241
6405
6604
11618
7497
9966
1379
1276
5993
10676
1538
7424
853
8035
3408
8453
10080
9837
11303
11374
2383
524
3491
6614
2091
5608
8520
7459
2448
6356
7333
5633
8467
9803
7883
894
4096
3359
6969
7387
6275
8639
10978
8898
7932
1378
6200
7408
926
10087
8759
8967
5937
8908
11446
6442
5122
3376
10367
7381
9791
10812
9955
4173
10050
171
3609
2007
10461
11905
3435
9651
5758
6063
8856
8403
1411
2148
1772
2332
4780
10737
9532
6536
2753
8877
2877
11100
8729
5542
4824
7342
11728
4517
4088
5340
4482
4375
6122
4907
11167
2518
6136
7572
11492
4300
2512
5073
763
2603
3710
6708
3957
10258
6112
6553
5113
10158
6308
10947
4679
467
5219
9594
465
11369
53
8380
674
2126
4706
8938
7298
3125
792
3878
8544
4786
6130
4429
6226
3809
2046
9272
4389
8418
10808
3374
7650
5560
2213
655
6634
9880
3420
6297
1465
5082
2369
7417
3495
11221
3257
880
11069
4470
6704
7675
3575
3589
9052
1521
9592
8071
2068
6121
4654
772
9659
7830
2962
7180
8089
11400
4772
5085
3068
5465
5905
7481
8246
8849
10242
6463
9183
4506
10401
2117
44
4967
7067
6426
9002
6940
4385
7980
10231
6337
2612
7950
10329
8643
1835
10530
1293
1311
758
4362
55
2627
11788
6298
4933
5617
11553
1969
10844
10091
7784
2484
4868
11502
8484
6677
5678
8108
2941
3030
990
2688
3157
6317
3382
5583
5535
10176
11634
4391
1338
6364
11235
8296
5833
6653
10514
10428
6672
10569
7616
4061
6587
5181
11267
5561
5401
5146
11242
3726
1532
11049
6958
1915
270
3480
7786
7455
7755
2553
1888
4546
547
11801
9668
558
10862
3373
7464
3367
8781
4722
9084
2355
42
9115
5290
9531
4457
5784
2247
2131
11626
1942
10638
5644
6351
7405
6328
3285
8714
11055
9998
5240
3057
10815
10191
6666
10631
1568
4047
11707
4416
9591
474
7894
2888
3521
9731
11774
7149
1834
1424
1896
6451
4966
6759
8315
10915
2049
10209
2528
10671
216
9754
7337
2842
3743
2546
9736
11643
7698
7343
11077
7751
8259
3637
8658
9290
10785
1262
4623
7840
4068
10464
4753
4359
8407
5811
7458
6955
9648
2325
231
9767
7506
4104
10686
7782
2572
3599
7768
8475
142
8074
1116
10583
43
9669
1581
3103
8556
1802
920
11837
11226
8345
8769
8011
160
11149
7292
1420
7670
10708
2862
8737
7176
9340
5849
736
11600
80
11672
8936
10707
10605
1870
7856
9124
186
11645
2351
5311
11163
8353
10897
9396
9621
4665
10998
7374
7777
10770
9903
10682
10586
651
1784
6433
10926
7570
9439
3672
10781
11158
10232
3647
4815
3219
7053
6247
11154
5875
10200
9655
1844
7396
5006
826
4493
3392
4691
4366
5147
10214
2141
8421
4664
9170
11294
3853
7228
8803
8182
8675
4182
11356
6846
6842
8562
2167
8340
5861
5894
6526
261
6589
10726
7163
9808
8286
897
7972
7846
11558
8886
4453
2285
5975
5061
7433
5690
6641
1928
11721
7824
4105
10650
8621
6285
5996
3760
8800
5274
5632
11738
4643
4501
2077
7044
9768
4553
3597
6456
4571
11742
8550
5760
5694
5726
10204
10312
10754
6973
10672
5184
6060
4977
2079
4175
4794
1828
3552
9240
11233
1937
3653
11585
3861
8080
11375
132
7774
4608
5217
9744
756
3764
9154
1869
3184
4002
1017
1062
8811
5779
6758
9738
9610
8412
2324
6676
3581
6094
8611
10818
10780
11265
8966
7301
6749
8359
9297
7914
5150
10497
5943
9498
5429
2924
10140
3867
6576
4059
11708
7759
4800
5442
583
1592
7365
11260
1134
7091
9529
8449
4398
7896
235
10599
8432
2655
3989
1986
8409
8971
9483
5668
7656
3996
8490
2985
7660
2626
2748
4228
6920
3130
2978
11790
9583
4245
5443
5365
5183
3107
7334
3571
1475
2015
538
2269
4321
4290
2729
1609
236
5087
1344
9624
7264
440
11352
9604
5041
7905
10854
9341
3318
1803
422
1851
443
10527
8364
11509
3993
6550
8272
2018
4547
7908
2238
7359
8471
6415
11933
1307
10206
2539
3430
6778
3140
3338
11387
2630
10
3471
1853
11203
1055
9556
2538
8082
4034
3311
4697
11727
1077
1380
4201
476
944
1798
8318
11140
4125
7887
1223
4677
4516
1569
8414
9477
3723
449
1619
1125
124
11928
11451
3987
8766
6957
5955
1961
9324
5064
911
2429
8791
4956
2040
774
5601
4192
5826
5739
2298
4087
7152
5318
618
6000
9894
4572
4177
4687
7037
11706
8443
11680
10685
9972
10819
4797
5613
4188
11004
9813
7062
11160
4335
5795
7581
2784
3900
7425
3815
8053
5473
2032
7534
9543
9015
10144
6939
9018
11478
1205
4789
2663
11212
10680
10016
8495
107
5025
1269
6424
8859
4949
2063
8274
466
7859
9911
2297
386
11888
754
5253
10749
358
6162
8291
4871
9739
9809
5273
11463
8889
6099
10596
6869
10199
1572
5770
4267
9201
5236
2846
5667
6841
10107
4825
3537
6282
5563
6238
2739
1113
11567
4641
10330
1154
11586
8297
10848
8703
8560
8557
11871
4186
7336
9576
9142
5281
6032
8279
6
2080
10164
6987
2870
710
8020
11017
5372
5226
5344
8344
912
5870
3660
2499
3890
11691
9441
1353
4718
9038
9879
2925
8854
11124
1185
3206
5140
2806
3233
1079
8559
8684
2405
228
3615
11256
2428
6199
3657
9781
9782
4142
8738
7272
2239
3358
3143
6992
4921
10852
1053
367
9006
1358
7821
2915
2284
7524
2140
6248
2196
11239
5303
3925
11824
7577
5227
10891
11396
5940
8130
11232
11050
8381
3399
4809
2797
656
8264
5627
7539
2342
11217
8610
5605
11591
5661
6689
5987
4647
7369
4588
9033
5298
5501
9495
3417
3347
7661
5462
7236
1762
3927
11898
10519
9990
4798
4843
9411
6509
11616
11639
6235
8953
11365
1605
1257
8039
6858
6978
5275
10591
10338
11205
4686
9609
4544
4611
3141
2456
4562
7705
1430
5712
8462
5793
2220
7441
11240
6594
7003
2294
9255
6301
4578
10627
11310
8728
9926
2544
5091
5734
224
3601
9476
6229
101
9826
8196
8228
2240
6892
6500
3691
8940
1096
2312
1100
11711
7552
11874
2942
7407
8065
6489
10620
7788
591
1375
10564
2504
3507
5057
1214
5498
8064
4844
7026
4065
11032
7923
74
1492
6642
1448
2153
69
4602
6453
6748
9585
244
11349
6190
3620
5239
4380
4266
9493
623
2114
10145
2891
3986
10153
2357
11450
9672
1460
9623
8250
8629
11436
10691
2530
4358
2364
188
8607
2996
10969
9748
1883
8916
6527
3152
9327
6478
8733
1196
1700
7895
2409
9920
10154
1933
9629
2701
5092
7185
4663
11251
9773
9873
898
11613
5362
8570
4758
1843
3814
3214
3905
11851
5199
11190
9458
10432
1910
4842
10287
7882
10438
9046
11702
8218
8151
10962
3797
2799
8209
9245
10907
3869
4075
11176
6090
5995
6036
7274
2234
7760
7598
4592
10053
6517
4119
6491
5463
7116
7362
7379
11022
8983
2455
2744
11469
809
9101
4898
9447
7270
8809
5704
10774
10847
10968
4884
4904
11550
4941
2214
10618
7104
4934
11873
678
2329
11168
108
11499
201
9627
6644
3692
8237
6293
6244
1278
566
7530
8328
10078
1636
8994
4832
11555
2666
1951
9422
38
8601
8508
6083
1046
9843
1845
11292
10092
10239
10068
3854
6999
4535
494
1060
5718
5977
11041
4209
9336
740
771
11661
6796
1996
9636
5406
268
5997
9263
6139
3462
576
11085
7909
4345
3336
9093
946
8565
10038
2796
2661
3916
6031
11699
8935
6498
4157
2384
5532
6951
6993
9132
4383
7773
4384
7436
10600
9011
4965
5932
3267
2639
5209
6968
5609
745
10217
8477
7863
9699
5248
10725
3826
11612
7841
4713
7251
4340
432
11063
9314
8179
8038
6775
10758
5435
150
7253
9267
2562
10475
5244
7806
2265
8379
8575
7108
10965
10343
6230
11653
2347
11748
6541
9261
5523
2600
299
4581
10834
1860
3684
2306
6540
5808
4569
6445
1158
11810
1141
6902
2718
7048
686
1719
9757
5546
4642
10639
7028
7489
9128
4330
7643
11361
6095
6265
1188
11414
7432
10041
6012
9223
10088
1665
7839
3035
10992
6084
2204
3824
7892
1242
8431
7494
6876
4445
8174
1199
4426
5277
9681
8305
4402
3395
8507
10623
556
2889
8111
10910
726
5680
4599
9933
6617
11924
11772
1035
10089
5345
7193
8772
1614
2510
2616
7082
639
8853
11337
10006
4619
9349
11500
2334
6897
10368
3412
6369
9838
9025
3094
9872
296
7766
6977
683
5482
9438
6211
9421
7865
279
501
5320
8242
4769
2481
4580
6596
2607
4411
448
1934
7927
9105
249
4166
8970
3720
10203
11644
4344
1230
9677
8247
10398
3701
61
1916
11121
989
4097
3258
7046
4107
718
8316
1419
3059
4563
2382
10314
7380
10883
2392
2670
11248
8425
1131
10923
11484
1808
7157
5768
11716
8704
11034
3066
827
7265
10167
2411
10641
8027
7125
11279
4519
2151
5577
2549
5032
7796
8542
8323
8956
9394
5109
2896
2621
2716
5984
1331
5438
5969
5744
10610
9135
3977
8479
9883
11311
530
10870
6469
2557
430
4472
11441
5663
1871
8866
4400
11514
3635
5096
6450
934
9909
1685
7757
9810
8295
333
8988
5988
2989
10029
11922
5815
10546
2149
11409
1655
9852
875
8299
4016
5824
11366
5851
2801
3332
4399
3840
8236
1631
3309
8891
979
7183
5020
2159
2826
4709
3553
747
871
5672
6311
11496
5330
5262
9912
2168
531
9593
2780
1608
4299
2230
470
1923
10396
2743
10775
9515
1456
3051
4106
10612
3980
9075
980
5929
6990
9218
2121
4636
10875
2793
3954
2421
9395
4827
2976
7738
10986
1442
11252
10914
11096
11843
7476
7948
5957
7188
1026
6787
4836
7689
7170
8606
8623
3207
459
2059
7575
7902
6483
9080
5994
9407
2554
1596
1410
10893
10835
7288
4525
5525
5950
5194
693
2792
11712
4179
10536
9717
4373
9268
8668
6928
7596
1518
2733
9956
7918
9457
11895
8724
2987
10380
8255
2773
1250
1298
223
6879
6735
11403
8206
8043
8189
8634
3377
2378
7585
3931
6461
4404
10999
9866
5799
11262
2747
8705
1415
7040
4184
11896
4596
2394
6766
1500
7732
7356
5037
9776
290
5331
11253
4197
2895
3548
4537
7297
4484
4464
888
9660
7318
835
4952
5310
6882
7064
2468
10290
4122
8273
3062
801
2067
1152
8872
8075
17
4338
10675
8980
3976
4607
1856
10871
11925
4077
8036
1280
11412
3935
8782
8288
6933
4816
4052
2438
3646
3034
3113
10137
2248
11571
681
2023
8911
4276
5933
1110
11743
9484
11355
5578
6924
4931
63
7490
10353
26
3780
10331
6166
10488
11019
10442
8404
7071
1239
1761
4979
245
6013
3129
8334
8191
1632
10744
5136
9159
4283
8376
10881
8066
7171
11136
6045
7306
8277
11162
4733
10524
7827
7215
4830
10920
11729
2420
10466
4716
3261
2726
11690
4929
834
10761
5544
9182
8070
6004
5794
353
2807
5129
285
1872
10002
1587
9596
956
6670
7477
6307
5193
3194
3518
11052
3472
6851
11783
9523
6499
10387
998
2671
3963
3402
4943
2720
11652
1451
2591
9605
341
8532
6383
848
5884
6581
8687
5730
10226
5502
5897
3912
1217
8998
7535
2860
11382
10637
4510
3969
1889
4634
10673
4114
11865
2972
11207
8664
5228
10133
511
10323
11025
9280
8619
2869
11249
3887
10799
4377
6371
9228
9710
7606
10640
8632
8310
3546
4879
11313
731
1645
5088
4767
4803
5492
7568
4988
389
11104
8451
4257
4056
6765
6702
8918
9882
8180
5416
9353
8012
2906
4086
3941
11304
10172
9096
7184
5844
10538
11684
10046
3292
11789
11234
9388
7287
4254
11429
7729
6823
3674
10865
7140
5497
7946
8448
5293
5915
1825
8010
3663
9090
11563
11752
3413
4368
9947
789
1564
9318
9865
5689
8117
5334
3891
2042
5322
6425
4285
5211
5888
10457
240
9161
6579
7462
5023
10811
4587
3751
10171
7550
8858
7309
5922
2742
2307
4011
2837
2028
11546
9332
9190
2765
5614
1511
2036
10416
6830
5696
3777
4637
7731
10668
134
6648
9708
8531
11833
3320
1595
8997
8016
2808
4030
10979
3183
2566
11194
8847
4632
6217
3212
8165
10420
11541
9704
1833
3468
7504
8085
7119
6283
11897
9863
5114
2104
10980
4714
2349
4740
3858
1989
1536
5727
9816
9416
5356
9836
11481
8702
10224
1565
8430
6280
7866
2698
6774
10846
5698
10537
8031
11747
1376
1028
6255
8561
7063
9696
9279
7008
2464
2391
3255
6417
2725
10611
6569
4890
9259
10033
7593
10437
11608
2757
4736
9045
2555
3907
7332
565
7580
7584
384
7614
9997
8163
10077
7305
6510
8655
6752
2339
3239
11664
1599
6803
3021
9219
3238
2211
11814
9638
9217
1473
5049
11513
3339
666
8979
9350
10879
10011
7199
2373
3179
4564
5499
8522
2289
1914
8944
8125
2069
866
7290
8835
56
1014
7748
10584
3517
987
7058
3921
3350
4111
3579
782
11009
5520
9210
11770
7793
3180
4948
1221
627
11457
4974
6893
6761
9763
5622
2279
2783
96
1394
2487
7335
1466
6535
5606
2256
6839
960
425
10359
10105
8128
11392
5650
5766
9214
2598
287
5204
6306
7014
3850
6022
10037
2287
8486
11495
6274
1059
3643
6643
1150
9174
1519
10609
5104
7377
2590
9367
6873
4724
10236
4149
4732
11657
8147
4903
11383
105
9417
6519
5662
10479
10851
11726
8981
7711
9720
269
4655
4950
5745
8731
9036
8398
8460
1917
11693
9453
5831
7706
11126
8768
4938
1681
10384
4957
3273
9780
2963
3192
10594
7278
8516
8283
10180
9467
5974
5960
10375
36
3216
2531
3147
11334
7707
9485
1329
5292
6010
10836
6249
371
10042
7153
5402
405
5038
10991
5317
9970
11153
5149
5218
7928
3610
1654
11482
1496
10433
1303
6227
9952
278
9749
1658
6937
11401
8749
2252
9269
11014
6680
7218
10601
11277
7038
6699
1682
8469
10122
1241
6103
3724
4101
9718
3484
2923
1070
349
8369
9333
3364
4545
5425
4906
7651
241
9070
7941
10315
8307
6447
5902
8868
8871
7890
9163
2994
7851
2095
7239
8741
2709
11358
1618
11079
10995
10131
10595
2547
3930
10235
9137
10929
2266
11472
854
9378
6922
2508
5011
592
3486
2769
8624
10857
8712
9369
9963
7350
6127
11621
4409
5094
9705
902
917
10281
9630
11027
610
6544
11196
10458
9989
1285
10194
8289
1509
7712
5820
10694
5821
4256
5309
6914
10476
1187
753
672
891
7454
10366
9888
1119
5070
9637
10295
5528
10797
8106
999
3952
11573
7162
1194
9215
11094
7688
6292
1347
7382
2949
3093
5120
251
2267
5097
8197
3833
4958
5642
3410
11882
9134
4986
7714
5389
4867
8826
11505
8865
6829
1880
6040
785
2635
4744
969
4161
3827
5066
477
9602
537
11838
1186
8551
7203
4759
2717
783
11211
3158
8694
3862
6945
5754
5803
6365
8903
9525
7605
1734
9180
4205
921
2328
10358
10917
10628
2646
11274
3426
11266
9663
9109
7525
7243
7469
10952
8715
9600
9612
11868
5407
8832
168
3859
2738
8099
6956
11410
7633
438
8478
9506
8793
9178
4629
3786
5582
7721
863
9758
5713
8057
4131
3944
9935
7364
5618
8823
1266
3008
10901
9504
5556
1428
8422
5640
5397
7813
5553
10298
5858
10101
5427
5203
515
6477
4913
907
8161
1653
6828
9471
1775
3170
6198
10619
925
9538
11518
8135
4763
7212
942
10168
457
6312
4708
9819
431
10340
1727
7256
1527
9907
11229
9889
2418
11060
4609
9901
3044
5924
8912
35
1707
1799
1406
1401
6770
1878
4265
232
10987
10791
3584
2337
4025
10485
4328
4346
6411
2969
1757
9540
8512
7319
9470
9289
10734
4524
2073
2166
1907
8502
4085
11244
3116
9097
8622
11423
729
8972
7815
9451
5948
9404
6398
7804
6812
8304
3270
1487
9588
2410
5772
8631
3457
7621
1295
271
3458
1181
197
7208
4303
196
6668
3752
10234
4309
10421
10014
8198
2971
6865
6429
4413
9362
7742
11815
7271
5586
965
1955
7820
974
6613
2981
6695
7829
7181
6147
4492
4806
4272
3428
11531
2982
5484
4329
2229
7351
1646
727
9299
6186
2474
9618
8928
2257
10739
1968
5641
10334
4491
3302
9343
1754
6864
5817
3639
8489
7778
9312
10361
3188
6562
3873
7019
2482
6793
11193
10683
9414
11394
1980
8287
4566
10699
10645
800
997
9300
9359
9249
3499
6795
8423
1494
7967
6513
7248
981
5951
11675
2967
6479
9236
11360
4790
4029
5268
8776
9386
8540
8794
4310
1906
5164
6172
2817
1577
10551
7868
8633
2706
97
9861
9384
3476
6792
5390
10007
4877
10892
11797
3593
810
6117
10478
6572
11483
7039
5159
9561
6454
10704
11733
9088
1991
5415
7084
10456
7620
3432
10177
3534
3795
3656
8571
648
3004
233
3872
11792
9871
9053
2728
9073
8890
7470
5983
4200
10342
10263
10735
2684
9186
8964
3198
366
1866
9664
10415
9685
9412
10582
4908
6092
3904
10055
10010
10880
7216
8850
3716
8819
10218
5842
9181
10518
3742
11090
9162
89
6171
9765
8045
11688
6389
10951
11667
7467
3566
11405
6257
7156
8585
7814
5893
10722
7255
439
47
1078
3201
297
6446
2142
7647
6110
3120
1821
1744
3769
11520
4570
1613
5722
8265
8841
5978
5246
1137
6633
5174
3228
2194
3355
4930
3664
9461
10830
8261
929
2495
9818
2556
7567
10429
7093
7716
6712
3385
4881
8955
5168
8091
4196
6662
7981
10023
1446
6522
200
4103
1736
2833
6058
9035
7587
9642
11284
4992
10617
4526
8686
1034
11204
6711
11562
4304
1361
7684
6949
7482
4005
2303
1692
11923
7406
11764
4996
7603
2824
2302
8927
5047
614
11877
2450
4367
9164
1097
5524
8701
1304
3519
4807
6355
5697
9260
10494
3453
1537
1124
6011
3868
10271
11607
4152
4925
4589
4268
9756
10872
159
1847
8882
8007
11087
4601
1793
10119
11805
3679
8452
9317
5597
645
10307
3403
1781
8930
6954
9613
1483
1087
3773
421
4012
3225
8640
10509
5616
10592
11432
11781
10311
5921
9921
7443
2423
10662
2323
1573
3017
3149
3022
1044
10873
9587
4439
1725
9389
8415
8192
9980
3709
5931
9313
4033
11852
3818
1555
9379
5883
5118
6189
11127
7561
6747
5500
4787
5212
10017
6474
5316
9568
9828
1629
11816
4795
9039
5388
4993
7281
5771
4866
6904
654
8187
4533
10578
7767
11184
673
7095
11231
6731
6915
1106
1374
4813
4788
1133
5031
10798
3693
11328
8325
3755
5076
5132
8387
9209
5460
11293
1545
9264
11325
9853
5398
9195
1271
4822
1591
1118
548
11846
6428
10005
10018
5807
7566
10405
10626
619
8098
4339
4337
3234
119
70
10956
60
11406
9789
7101
1128
6994
2459
5052
2886
533
3329
4137
1001
9420
10866
11114
3386
9892
8201
4551
2672
2072
4069
7328
1950
7720
5814
8589
8576
7563
6524
2762
6303
5985
513
9514
7811
4013
5878
1694
7957
10902
2374
6399
5469
8638
4852
7057
1224
10205
4947
10419
9083
7147
2550
4437
8584
2819
5857
8650
5039
10142
6919
1662
9133
8667
10441
8207
11089
9242
2401
10766
11348
6523
1745
10505
1978
6216
9686
9213
6135
4682
2735
7965
1143
6434
322
2998
10243
1897
6639
10856
10698
7137
11841
8360
2503
8718
4390
6661
5276
9270
3223
5572
3089
1275
7756
2916
817
5708
10321
6888
6184
11312
