7649
5717
2324
2832
2196
3742
5956
1896
11580
9026
9917
10782
11085
10259
1051
10809
5282
6684
9776
5370
4355
7354
11581
5724
8576
9677
6706
2817
9710
3440
7688
11050
9740
8262
1627
10118
4466
9251
5094
4104
1216
4147
422
2032
9530
5256
5615
6328
4491
8506
11041
3871
7361
3984
3517
6352
2855
38
6283
11679
6901
4140
6876
5739
3529
1384
997
11899
7631
8927
3086
1406
9971
880
10223
11418
8286
1496
11293
1055
6905
6000
11341
9663
8287
5505
8300
1433
6651
2321
5788
874
191
11761
3212
5067
7129
2131
17
9222
5406
3068
10027
303
8305
3707
9783
367
1388
3809
7904
4894
5318
5507
4689
9800
11078
5960
8570
7416
4596
7678
9164
11123
9511
10414
5033
10376
9205
3670
4057
9847
10100
933
169
6940
5541
5941
1203
7432
8793
10941
2090
8080
2274
5474
8801
9729
10944
7351
7666
2222
4751
11463
4221
1457
8561
6263
35
7696
4835
2870
8174
8404
415
8710
7287
2889
7352
6939
9297
8817
972
2734
5554
2995
9415
5924
6929
8568
8237
10699
8323
11719
1726
8839
9150
5174
5185
9996
9476
538
1511
1825
10960
5542
6545
2360
8898
8709
5483
5382
10350
1982
10711
424
6688
1449
10667
34
6427
7612
11087
4600
835
11283
5480
7386
2097
10045
11197
10127
6302
10504
7629
5006
7534
4645
989
3806
11744
6838
3168
6210
7314
10487
4357
360
8190
7722
4187
3762
640
2791
6165
8551
7551
6639
9586
9674
5316
2898
10826
351
10163
11603
816
10207
11602
7640
1559
7567
6418
9448
11841
8746
10698
11620
11376
7056
6869
11835
9137
5109
5319
9452
10896
8142
10314
10824
3240
5553
11751
3170
1862
3336
9155
3618
9587
5078
5892
4878
1637
5969
6793
2126
10388
10330
3291
7856
2059
2189
549
2305
9361
5311
7724
5785
2598
4202
764
7121
2500
6964
10630
1207
11887
2900
3014
11652
8847
4391
3067
1477
10502
10734
10564
7264
2122
9639
11333
6928
5085
628
3058
3032
2098
3996
1997
8521
10747
9052
10586
1014
8385
3543
3411
6255
195
2751
1664
1447
135
5390
11612
8020
7712
405
7265
10402
6911
10924
4851
5499
9681
8920
1250
2394
9074
9609
8242
4768
843
7598
11256
5401
10748
2465
3563
1755
10780
7103
4382
9854
8881
3124
10783
2311
3879
8037
3574
4987
7487
10117
2772
8083
9627
2466
1680
6081
5695
7040
1005
6578
2644
10249
4196
5760
4058
6486
756
2656
1096
10987
8621
3102
8171
6371
10329
8939
2737
6347
5325
5177
6131
78
1213
2945
170
8782
2607
8100
3769
11420
5517
10365
6984
3501
7199
1752
7057
3358
8857
7596
1460
9629
10475
9997
155
6697
4578
8102
7562
557
276
222
1856
3241
3635
243
4527
7928
952
7768
7625
11826
5273
6480
4291
5978
9018
8606
6937
8937
4095
5373
9592
5146
5265
3960
2207
11517
6824
3571
11404
9785
1105
4169
3572
693
1369
9060
9432
11150
9582
11890
5338
2328
3435
8407
7
9501
7569
2135
10905
1134
2990
11670
10412
8054
1707
6405
4284
11094
2340
9169
3176
826
9431
160
2564
11267
3968
5722
1944
11431
10439
2474
7975
2070
4436
4006
11927
2557
11107
8124
9017
7288
9902
5031
9397
8813
4300
3998
7845
7062
2782
10070
8469
5501
10693
5283
11105
8
3454
116
3528
11582
8849
8324
6354
5586
7595
279
3228
2115
358
899
2999
7162
2112
774
3246
11410
9071
7472
11926
7011
3508
7976
8882
296
3907
1845
3052
366
1513
3975
10860
5688
4821
2619
6156
4778
1671
8430
709
11528
5994
9020
10691
87
331
2960
10115
6586
11842
11475
9016
3266
2836
11013
7505
2351
11688
11611
11033
2049
1187
1673
11914
11455
2580
9404
1239
5823
6540
2166
3798
1784
357
6496
5353
5320
2402
1024
7227
11535
6498
1322
235
10349
2608
10096
3502
5622
6226
8128
7778
3447
9109
5490
8476
304
9449
10187
10180
3949
6444
3759
10205
8449
7485
2071
10934
7100
1296
11428
2646
1964
5563
2529
762
3249
1746
5407
6428
5195
3125
6751
223
2043
6968
8664
8336
4182
5292
3512
4268
7333
5627
5267
3959
8935
6407
1478
6877
802
667
11549
4616
7274
4956
9944
924
4052
10357
11377
828
2409
7216
3346
10267
8826
11566
10781
5084
4120
11563
5291
4553
1106
897
5708
2681
1280
5240
5829
11702
11495
9402
10352
7022
5042
8926
10982
11616
7580
3843
10456
5145
10926
10799
699
595
9891
5564
10685
6982
5076
9362
9244
7134
1725
7812
3852
1693
4318
3979
6640
7818
7813
1464
9069
10559
9514
2454
11162
2224
7292
8732
11815
8235
3259
11610
1906
5779
7624
7002
1367
1215
11526
10953
9271
11628
871
2835
3075
9946
2764
10141
5568
3822
295
825
10547
532
11338
9008
9764
4501
4960
1360
11025
893
2108
1914
6380
11661
6713
4258
4283
8425
10152
6855
9596
5114
665
9970
9810
4454
10927
8615
9496
8192
1675
10753
3239
6956
4659
5597
7112
5995
9973
11819
6113
2339
8161
9667
2121
10864
1386
4906
4772
9883
1781
4437
6003
8029
10645
839
1703
6227
10980
578
4744
1942
4839
4652
1595
6849
8120
3660
10295
11584
9548
8369
386
6775
8028
9132
1608
807
5014
5060
514
809
11522
9539
8497
638
7082
6058
3732
837
2986
9135
7989
6725
6036
8218
6731
6065
11366
2789
1636
4497
1419
8198
9713
2635
4662
845
7299
6365
3546
799
5372
2589
3349
10037
7795
11773
5255
6778
1528
10530
3584
7431
6927
4572
2322
11332
8684
2643
3312
1980
11664
5444
6776
2781
7494
259
7651
7172
2247
1297
6806
8945
3579
8872
8299
5766
11022
3791
7278
5534
8677
6157
1473
755
9880
5705
6031
5920
9486
7019
3296
9646
11089
11763
6739
4716
443
3013
9434
2051
7055
11292
9520
3616
6550
439
11617
7953
6644
11638
4103
7920
6084
4204
5527
8048
4132
3449
3690
9393
9080
4193
3401
10087
10368
15
1401
9145
7982
3412
4446
11756
4932
8736
8754
8503
4951
10374
6732
5986
7865
9306
5579
8669
7999
8207
11817
4200
7353
11331
11917
6603
2229
11149
5834
791
9843
5470
8794
10450
1654
173
1503
1233
6587
602
7291
4366
4886
6553
9411
1172
6680
3610
1532
8712
5518
4761
8910
7587
2205
7398
4664
3043
2972
11052
10709
2013
4265
1052
11643
6847
1978
3062
1168
9926
11646
5848
3338
10545
10846
4626
8350
8956
5847
1635
10494
2067
9368
870
2484
5595
7786
5469
5443
9845
1483
9594
11158
7930
1053
9798
5303
3421
7692
3041
9475
10186
3439
6326
5299
4327
3859
7251
5307
8034
5690
10124
5038
1539
5887
6712
8101
3872
11378
153
5762
1177
3751
8596
8092
2333
9758
8056
8808
9061
2412
812
7310
1212
5966
7621
3665
2527
10771
205
2142
11508
1591
11180
7489
6842
4425
1347
1996
2943
5851
6803
5159
10891
4070
11349
6945
7864
8908
494
718
5794
4236
873
7577
9816
11286
2068
935
7315
5327
4461
11238
8217
1448
3833
5958
6155
8819
2124
3267
9478
2418
10573
2979
524
9036
9962
4938
9082
6695
11662
8155
5902
8170
5058
2924
7857
8533
414
4354
8457
4671
11873
11152
4373
11080
7496
7190
3105
7111
1510
4967
11193
8682
9601
4367
9187
5361
5239
1145
11717
6867
9195
998
6288
1545
7947
2923
299
5492
8359
7683
159
10257
4142
8605
3741
4993
6171
4916
3525
9105
8820
10666
1952
3152
2391
5410
397
3743
6148
5013
6912
7984
11323
2304
2833
4348
495
11009
9280
3952
9315
10413
9920
10907
9429
10222
3413
5840
8781
541
6524
7309
9513
7108
2895
5982
7901
3463
11675
4490
3318
6983
1242
4238
6435
7478
430
206
9803
1045
8619
2249
10465
4859
10710
7155
9879
5901
2025
8720
11355
10977
10126
11509
297
8396
9252
8773
10779
8282
7261
8741
107
4205
10496
9856
8361
6110
10970
10712
2197
6005
2581
3997
3390
2232
5103
5112
4462
11691
10006
4544
1492
7326
2422
8593
1152
11031
9276
7751
9955
4699
5516
4592
7044
6963
9925
11062
7796
3393
3537
10807
1027
1658
10646
3590
9882
11553
6108
11792
4920
6950
11907
8631
4519
9890
10242
6183
10637
2511
7031
6399
10460
7586
6225
2341
9064
6432
9577
8111
6180
8088
9118
10169
4704
4547
8954
9033
3581
5740
9595
9701
3375
4663
11314
8415
5281
9416
5821
9908
9116
861
7153
9836
11213
2593
6362
5321
10617
8774
6570
2445
6532
4065
11359
11202
2005
4295
7337
1197
1689
11728
719
8601
7238
10648
3627
11382
10662
2554
10178
5750
5938
4453
10464
11825
1780
4177
3861
7009
7269
10224
10729
6461
1458
11625
674
10789
603
2549
4138
4806
9666
8587
7876
11684
5653
9712
10234
4740
10727
3619
2356
5937
11095
7458
3573
9953
8946
9225
3710
11494
2879
11144
6028
64
7075
1294
6649
1969
3187
2337
7674
11843
5681
6832
4121
2179
241
1547
838
11698
8200
11166
6253
2364
3719
3932
6604
3494
6919
146
9685
4113
6661
4254
962
1936
9817
7319
2259
11783
2825
4021
2319
8678
26
7297
3116
6390
2491
4444
5714
6994
9277
9578
676
11742
8026
7179
1851
5246
7324
9312
1069
1442
5645
3980
685
9010
8259
11711
620
902
1900
2287
5652
8614
10042
3620
9889
1189
6254
11800
11429
6324
9231
7739
5550
7073
9223
4005
10844
4419
10312
2348
3049
11575
9424
2755
5841
4723
4988
11
1059
3647
3870
6239
8983
10458
1617
3565
5343
6886
6306
7218
3681
11656
3438
2225
9015
7558
10258
6543
3545
10235
8984
9738
1685
2303
2566
7497
2942
1126
7449
98
478
1791
10044
5830
10701
3905
3410
9540
889
2594
9290
6523
6446
9379
4816
10271
9673
11169
1937
3292
10676
11251
10306
2288
4106
757
7517
817
10244
9542
8803
8791
11067
2081
11069
6037
8550
754
1925
11384
1123
8403
9028
10555
4331
6387
6885
8974
9190
1035
6992
2034
2637
8668
10196
8691
11583
11413
2116
3332
7594
4957
7741
10275
7228
9521
9827
8660
8549
9972
11860
7099
10815
7524
4580
5095
6625
1918
2536
8138
11198
7305
920
1097
8110
1050
5147
4796
7892
6913
2168
10278
226
9640
9649
4168
457
4579
411
5577
3458
4786
10820
3016
2878
1736
8371
1583
3340
10511
9870
2347
3483
3598
6815
5364
7948
1248
7021
1684
6095
3800
3373
690
52
5839
5713
4452
6336
270
9385
11027
3877
2828
9439
9234
8179
6569
1990
10629
1431
8993
10041
43
1504
7939
6814
3201
2041
5438
2240
286
7094
45
8548
3475
2862
1429
1269
5605
10053
11287
3400
1375
1717
1140
8116
10216
7418
9168
1972
1933
8502
4159
1214
7444
3328
8909
8750
5301
8835
8966
6297
10279
9459
7128
9935
3849
6019
4164
9279
4079
5182
7847
7453
7910
1404
8516
5532
915
2977
6040
8432
11356
2161
5587
6072
4824
9207
7054
9171
10870
9124
4322
9852
10979
1303
124
6477
3103
3673
5087
4688
1370
8911
11805
5472
963
5596
8574
10307
27
1698
5183
4923
4974
4875
10081
9358
117
8144
11321
5019
11396
10961
10420
11635
9532
7777
6900
3679
6777
341
7656
7965
2590
3363
1163
4508
6851
1424
10770
7759
1585
11567
7521
4771
4574
4948
4088
6599
9172
10556
7107
5940
11026
8018
5389
10871
10240
90
2202
8718
11449
2735
7387
3924
4313
11491
1194
18
4599
5820
1522
4841
2778
10908
4733
4304
4681
4561
9998
4174
11450
6554
11313
20
10621
9098
8377
11157
11709
11405
1124
4679
3696
4524
9506
4227
1946
8784
6353
1667
10757
2970
9062
11121
4256
8296
4356
2537
1564
1205
1729
5398
6120
9567
530
6248
730
10396
908
7083
1208
2916
1770
9029
668
5752
4808
8178
4013
6589
5347
11637
5624
8595
10324
5852
10135
8452
7829
10631
10232
9196
3566
1621
8444
1613
10755
10720
9691
8853
9547
4518
8988
1676
1520
5381
6594
7130
484
7296
8530
4905
11537
109
7336
4383
6414
5767
3593
10898
9495
7893
11195
3778
7687
6819
3323
141
5249
2252
5157
5895
3599
7811
8799
434
1735
4731
2672
5996
150
6136
10415
5616
11627
1798
2922
5051
6931
7332
4130
784
5138
6010
2788
10495
5858
11932
2477
4101
2438
4384
4358
9474
6370
5436
7036
379
6495
7822
5120
6109
5136
10064
11844
4787
10159
8017
3750
7611
4634
7373
1088
268
4075
3490
1541
3327
6914
9006
6922
9325
4506
4904
5787
5515
10448
6704
3381
4328
4068
6868
513
9457
1222
10577
164
4273
6378
10806
5670
1378
745
6167
9888
969
11438
3030
6522
11485
766
3121
8035
5964
1764
9308
6077
11285
217
2747
10690
7084
4030
4155
5667
7568
10604
10266
127
2107
2346
189
7694
2674
3188
11718
11898
2396
2602
11167
4831
6696
378
3474
7544
9055
7092
9047
6415
7065
1820
4259
8245
4310
7669
9954
2033
8651
4769
1414
9497
5789
8613
7206
4590
9502
5235
7318
1802
10001
9414
1512
7919
8583
8676
3392
5293
2630
11468
368
3085
11743
10194
1482
10972
4750
2869
8981
3023
5552
988
9371
8470
7981
1799
4029
6947
5991
2035
6766
10419
6635
6076
5833
5253
10887
938
5121
4178
11880
9162
4285
9826
4849
10788
1783
3836
3426
5294
5181
3653
1563
2616
5663
6
539
855
9199
8440
5397
9656
1082
1880
10410
1941
5073
3462
9119
2393
11231
8270
11924
11302
3313
7372
7685
8628
1225
5977
6648
6203
440
8154
470
5806
2141
2283
7173
5308
2612
11904
11531
11544
3264
1179
2439
10717
4380
2185
1861
2392
6965
3174
1279
771
9900
5202
6882
1959
7154
5111
8515
4102
4605
2503
4641
8944
8108
9179
2779
11618
10879
3467
2584
3831
7954
5122
8019
3922
7877
8484
7971
4124
11276
4672
2818
3214
5446
11697
11774
9892
4682
2724
11279
8792
8380
10548
1869
8772
748
7508
9559
10810
1622
8183
6840
4975
650
6975
8379
1811
645
3655
1962
3031
6182
1044
2040
4364
942
5803
10531
1646
8496
5237
10019
290
5258
7423
5742
780
7706
9146
7245
9235
1090
2773
9198
8901
6001
4587
4610
5896
10321
9477
836
9915
2754
4840
1178
9000
4970
1413
5786
11329
5024
10293
11212
6705
406
654
3025
466
5876
2859
11104
8216
4456
9403
11727
9258
2725
8884
10429
65
4660
7679
6722
6343
9182
10798
10168
69
11274
7405
2769
8295
3260
4888
522
0
8353
3671
4474
5618
11853
9730
3195
10937
11736
3282
3139
7658
8487
3202
10055
701
8812
4598
4569
6859
11160
7639
5149
7166
3790
6200
2429
1807
3042
1629
3493
8288
3446
4734
4961
9763
4736
3845
5703
3184
6154
4940
11530
11427
9907
8134
6147
1366
7237
5868
7404
504
1531
1720
1063
1829
398
10827
1656
11216
6074
1267
7459
2662
9630
485
1917
9488
5913
240
5959
8973
5356
2386
1276
11364
429
953
4654
1810
6515
8588
6391
10761
854
10658
11573
5510
3867
2538
8269
1734
9270
5028
7526
3134
9911
2807
5949
5163
2844
11205
2106
6904
8063
856
224
10106
3026
6955
8118
10204
2546
4014
9650
5123
10808
3402
9144
11548
261
10933
7936
4833
9412
3366
5132
9809
8332
1514
1793
6918
5651
10550
9340
9485
4248
3580
8903
4074
7540
8025
866
8719
10277
8874
2655
4976
4122
9461
1080
227
2800
2808
5272
2261
8021
8191
5865
2573
519
5731
1405
1387
3878
9487
11098
1745
1945
3285
1415
5048
315
5910
6850
10626
1135
8864
8727
7616
1423
593
2405
9177
790
10854
9267
8818
5437
3339
10510
5707
10801
2625
5105
6104
171
2603
5776
5551
5003
10161
5418
4700
9612
73
7400
10377
4705
3345
7956
11346
5921
1125
289
9108
2850
4718
3553
8169
8694
5536
3854
5559
5795
3556
1428
6714
1537
8513
10252
4349
10959
3480
6896
9447
2421
9533
9862
9128
6289
7137
6668
3628
8907
7838
483
1663
115
10285
4625
5471
7647
2077
965
1160
4317
459
8082
2458
4398
134
9433
775
5975
2629
4997
9070
1951
8723
3161
2697
1195
6608
151
2448
4435
3726
1062
10735
10655
7705
2918
4041
3552
10737
7820
3284
4033
8182
5334
4922
1393
11319
1466
402
10989
4302
4717
10034
7676
5399
10394
1590
1114
6990
6337
2007
5967
7427
6671
8467
10955
11258
1221
2468
334
7713
792
1150
3079
8219
8592
10818
8099
2004
6734
2150
1816
7049
3777
3772
6768
4337
9784
6779
7702
3166
7576
9378
3661
9191
1888
369
4804
6463
6482
9281
7774
3107
8263
11059
11782
2845
441
11312
8845
7434
7089
244
2907
8435
9909
4996
10311
1356
9568
11877
1379
5137
5271
3588
132
2563
6490
99
537
5346
8163
9819
11486
5812
5930
5366
510
7597
5633
1710
2690
7539
7388
6426
5339
4110
987
9938
2473
8307
9737
2206
8450
5420
9089
11049
1099
8900
8480
5672
8704
3706
3561
7476
10792
11554
9717
6221
3057
4272
2610
8542
7409
2176
8919
5409
6191
4274
10361
691
11576
11268
6424
1288
8008
63
9079
204
8264
6329
4651
1259
1954
6614
9250
8160
11311
3643
7810
74
7549
1086
8244
4643
3008
10214
521
2936
7308
9753
11330
11116
10208
11430
11896
2717
2787
1007
245
6140
2576
2378
1837
6441
1789
9844
9142
25
9772
7486
7755
8970
5696
8397
5689
8442
6921
9134
11644
1287
4339
502
6451
11186
4445
11801
763
7506
6454
11836
1016
6866
3277
5815
7344
6383
1575
5383
4292
3220
3994
943
4525
2427
3408
7512
458
10025
8137
1699
4805
10430
8962
7350
4166
8758
322
1131
4588
4562
9242
5096
11297
5614
7117
10016
1619
9051
10199
1639
11585
3926
11394
1089
6715
8349
3539
6860
1548
1217
3160
6408
343
83
10162
7399
4375
6995
7503
5732
5110
10028
4732
10772
1068
2143
10195
6642
11539
5604
7467
8633
1628
11051
9092
8991
10986
5581
8064
6189
8757
1600
9233
10518
1143
1439
2522
5796
9987
6338
10608
2545
8775
128
11545
5588
5545
5569
8889
5266
5104
2670
6166
10946
1612
8997
4312
1647
332
8610
3206
4276
4564
5942
1015
872
1441
4141
4185
7335
8340
3724
10594
5912
4742
1582
8603
3123
3219
6857
9523
1806
7922
7163
4930
9978
1716
2044
10638
11882
10203
758
8387
1968
7881
11771
6489
7443
4488
9668
1295
8838
6396
2456
8929
4822
7235
3689
8538
6788
1870
8129
6887
10248
753
5424
1738
10719
11240
5075
4418
8386
506
7917
5345
11764
3615
4726
11278
10725
5749
10745
123
7145
7307
7769
10990
3500
5825
605
4160
6837
1753
627
7714
242
6410
3826
448
11337
9377
619
8730
11310
5906
10523
9979
3933
9096
5190
7859
4416
8488
7165
9081
4210
231
11789
5030
10088
5687
3294
8117
5838
8376
4880
11482
6830
3196
11088
7926
8133
4083
8327
979
6139
982
11351
5244
80
7738
11257
5496
8876
10151
647
1874
3986
4194
1979
655
10406
9593
7147
1815
9037
1098
6741
10932
681
6111
8880
3717
10601
7201
4299
11411
9125
7758
623
6244
10728
9303
8036
1320
3637
10486
5694
9240
1550
6760
9420
8003
8934
333
3157
11392
9628
8675
744
9755
11176
10546
2223
7072
1702
1610
258
1169
7931
4534
11421
9350
7030
9791
8505
2617
7983
5021
1620
4614
6013
6894
2430
5874
10649
528
10036
487
3354
10342
11484
11373
1469
9178
3534
7866
4986
2762
11288
5987
11572
7282
5411
10599
6055
1915
631
10189
555
2413
8196
9711
2024
1311
5464
5238
2609
1359
11737
6723
10251
4408
6839
8459
5473
6938
951
5636
4632
1923
587
1908
11045
5813
9286
10411
1046
456
8234
1592
11464
3518
4484
6311
2908
721
9189
4934
4232
2933
7200
2978
5050
5669
7135
9728
3570
9100
1878
6234
6563
10008
2178
5928
2088
704
4016
5435
7364
7053
3519
1838
8763
6261
4526
11870
7937
5257
1006
8540
7211
11214
8489
6245
5219
2941
4862
5148
3597
1422
9353
11655
9872
8703
8486
2366
8421
4470
179
10441
9704
2951
9007
2934
10033
4823
7543
3636
5634
6478
7445
11720
11871
9334
1411
3906
88
10973
4239
4678
6783
7254
10636
1747
1554
7721
5086
6607
11594
891
8317
2914
2357
8714
5375
187
818
10172
9200
4644
3869
9672
8279
2827
7883
4025
1792
11906
3753
5546
5759
3395
7422
4401
1440
7468
4338
3652
9560
8345
2890
6045
5391
8767
8408
6162
9746
4157
881
8370
10837
7028
7144
10654
6738
4815
6470
7116
10341
11746
5290
2969
8844
6434
4691
7723
4687
3591
6724
4695
3077
2436
5544
9405
9115
7841
10528
8586
11135
5056
10916
8304
11653
8062
6194
5310
10440
97
9422
11412
6518
11823
7522
2891
10071
4363
7102
24
3888
2105
3705
3472
7252
1927
5093
10981
10889
7417
2987
7477
9961
2482
10700
8368
1060
1653
8001
9881
1999
2230
8363
89
1827
5130
10369
2215
10718
2248
3930
2278
4149
6873
3993
1549
11490
5392
3044
5543
11683
2535
1313
10250
11005
9720
6685
6100
11654
10527
4365
10763
1071
6689
1358
6158
4211
5867
5248
594
7670
2752
9188
6443
11367
1421
1241
55
6786
3203
5193
2276
9528
5226
3320
5859
4077
10874
3481
5280
7801
6050
9694
11365
9504
7109
7046
172
7622
6721
10618
6549
8531
6374
4857
9224
5068
10107
3699
2499
10721
4303
5869
3745
7559
7872
10315
4500
1142
9857
8865
9394
3988
3881
8686
10403
5400
11589
4788
5716
11296
1230
5857
8656
7945
9654
2518
9406
5572
937
10816
11708
7377
9846
5357
6750
11915
3337
1484
2683
3895
1692
4929
11600
9469
1293
11630
9936
8866
5168
6858
7253
6235
3520
8210
864
4776
4374
7342
7804
2950
3242
10743
1244
8106
11385
7093
4994
11521
28
6212
10603
8738
5047
4628
7490
5856
9555
8471
1603
3509
7152
11745
10422
7756
7507
4617
10114
2968
1240
4868
9773
848
2997
612
3021
11348
4409
6747
11933
2521
9875
9636
3977
10077
7938
2571
8181
114
2420
8667
7927
7247
8683
1887
8297
4473
11796
126
11239
404
2716
1953
11342
6351
10142
10431
2094
9316
664
9611
3066
4706
10269
4007
10455
11780
10063
10567
7773
4537
7695
11241
9241
8406
7317
10872
7620
3942
6909
5528
10800
7334
1568
6973
3672
10018
8152
7765
5985
3348
7802
10834
7074
5842
6667
3498
8002
4151
8696
3536
11015
7270
720
7886
6266
11043
3746
6220
10744
738
2944
8261
11754
8156
7208
8127
6279
11040
1341
7170
6675
10231
10360
8325
5649
7641
6910
3250
4119
1154
852
5228
10963
8475
7037
11301
1991
4842
2490
7441
6436
9269
11437
10602
3302
547
4223
11513
7935
9099
10784
5222
656
6308
1843
6208
7188
2824
3215
11762
9413
2691
10997
7992
4340
11357
4655
9638
6392
5208
6864
11222
2440
2242
9456
6406
2558
10998
11807
6054
2834
2139
2733
9620
4076
7127
1618
19
8552
452
821
10451
8417
3654
1790
6948
8009
2753
7615
9341
9837
4066
918
1665
7191
1186
11692
991
7161
11733
7530
10671
9684
11122
5274
703
4686
9087
4914
6333
11481
10294
7963
1224
2954
1864
11519
1397
393
1739
6176
11916
5335
4389
3417
4958
6300
8246
2699
5100
3682
6238
2628
3368
6445
3230
11557
8557
8225
7913
9812
7355
10378
3376
11504
7301
2501
321
5573
9322
10230
6590
6615
9965
254
3931
9766
5580
209
2483
4511
11368
9011
2565
10397
6941
2510
11862
8236
7217
6181
5640
3617
10537
11277
8027
9924
5623
280
9307
8351
4093
2134
1566
335
11645
8620
1043
1231
7873
7767
8795
7514
7854
469
4087
9019
4427
5344
739
11897
5598
1501
6716
6453
7499
11707
11690
11798
9044
5329
11383
3805
200
8389
1468
395
9692
971
9708
353
2186
269
2915
8109
1970
767
3005
9512
6720
8692
6823
5167
7929
2221
2648
2017
10316
8512
4545
8766
11448
2401
3399
10582
863
5976
4832
4301
728
11315
4983
4952
7732
6417
8162
1694
6057
531
5523
11809
11878
10892
2220
262
4263
6865
4336
6624
7184
2882
8522
196
5212
11634
2517
10359
1599
10404
5176
2599
4321
4165
377
8405
6507
10999
6650
10853
5302
3427
4241
4860
9065
10401
11851
5877
5312
2323
7360
5654
11125
8115
11636
2673
3017
11184
6749
7784
8837
6472
11320
10694
9801
2743
7648
7001
3763
11765
2198
8957
10945
11738
8271
11432
3186
4022
8413
1645
182
533
7821
5578
6884
8206
2684
8255
6372
216
2495
7728
11816
11224
3485
2780
3841
7552
10683
659
8989
6526
412
7828
7740
1891
9218
5775
3511
2053
8189
3797
11778
1077
5668
8809
8632
3644
1842
10843
8953
3903
6149
5831
2342
2513
9038
2627
7949
9676
8007
5706
198
5276
8848
8541
271
9083
973
8331
9871
6048
3322
477
6632
6032
8728
8055
1206
8990
4492
6437
2591
7902
5866
5804
2160
11306
2203
7566
1910
10829
3678
11674
3430
9505
695
5784
3795
10969
3948
2567
6805
6085
9483
5933
5211
1325
6848
10591
10883
9380
9515
9622
2592
3133
2771
5948
4715
2292
1833
10005
4434
8560
4609
9721
3095
1181
9591
3476
3662
7081
11872
2250
729
4015
1824
3040
11340
11562
2846
3444
8992
9603
136
737
10091
10467
3510
9
8713
7010
11601
9980
2294
8975
1924
2193
4509
9206
5625
3331
1509
10325
1133
6450
6309
3314
1700
5816
9262
8333
8649
7236
11171
11409
1594
6363
10122
6342
8873
3193
6229
5814
4329
4150
4038
6707
10331
4543
2744
5822
853
9695
11879
9820
4533
5337
3330
9756
7994
10170
10775
3923
1630
5236
7749
7452
1572
3269
3771
10764
8577
7850
596
10468
9465
3715
1555
7066
6023
4968
433
10149
7783
7378
5416
4741
7967
6765
523
9285
4214
4869
3863
142
8308
8665
9550
2133
4092
7918
3842
8326
10366
6066
5139
2765
7281
10962
1396
5218
4084
4042
9838
8052
3656
5010
2877
8151
10370
7895
2645
11386
4850
782
3305
1162
1494
3609
9828
6893
3761
4554
9123
9136
7460
11861
10503
6535
1117
8153
740
101
6634
29
7747
10673
10367
9916
11106
4191
3197
11500
875
4653
10035
11571
11391
1159
10473
5607
10
10113
4752
3782
6630
7126
4266
2980
3733
5309
7550
2428
1321
6561
9853
3700
2152
9349
4885
3606
9614
4146
800
2509
632
6211
5462
2279
11619
2873
2728
9160
6796
4852
1718
1235
7513
3142
7504
9583
8362
3473
542
4607
9992
5489
3916
2647
7440
4551
550
2666
4330
5606
5897
9983
6184
3247
1626
7839
6473
7703
8637
79
6972
3600
1104
7578
10253
161
1892
9045
2009
4085
42
8622
350
946
4049
10936
8071
5735
9686
1881
6576
5131
5328
11770
907
1475
7593
6657
3834
3770
711
9641
496
10909
7606
9621
2042
798
7164
5004
2103
4212
9359
3465
6811
11540
3060
1149
9739
5802
2256
370
11096
7198
9584
6666
10493
3858
11868
10620
4673
1392
2701
6082
4781
9604
2583
8439
1010
5561
5635
10215
5778
10097
980
6073
4697
5229
1897
2382
10568
5402
5426
8836
7271
3120
708
10052
10752
9442
10171
11188
3094
7381
438
9035
1261
1432
1018
1491
8173
9574
11467
6379
10584
5220
9830
5770
2297
8822
9565
6505
10243
10566
8856
2555
11250
3966
4583
9366
5777
340
1333
906
990
8998
9541
1188
1934
7831
6192
9910
4560
7890
6677
2052
37
10674
5798
6471
6831
5454
6533
4637
8268
8804
9289
8999
9326
7972
4677
2634
11035
1644
10942
5761
8281
1709
4209
6218
9700
9964
1523
5491
7750
3071
1170
3437
1251
7425
683
1109
4499
8980
978
2061
2985
505
3896
3300
1304
10935
9600
11114
4502
4713
5661
2896
7244
3224
9180
5599
1438
9042
5931
3232
10793
6122
1558
7602
4156
6499
1601
4895
4345
7498
11474
1899
1009
2871
3527
11189
4535
1901
125
3734
3953
10917
7004
2114
10576
10477
6662
2736
529
9631
5525
6327
8737
11077
8125
2958
1023
7560
6551
11465
8963
2423
11243
6315
1960
6846
1963
4915
11175
4011
6985
9043
11466
3608
11203
287
4749
10521
2243
9342
1800
10996
11845
305
4570
9901
10375
8547
11772
7048
10073
4277
3835
511
10483
727
4115
3422
1118
8070
1176
5617
6202
96
6883
9864
9999
6977
8443
1253
7454
9537
5354
2710
294
7643
1919
10078
6172
11590
9101
5231
465
7944
6091
10046
4714
11103
44
10176
6469
5609
3786
10906
7731
6038
4493
783
3844
575
11499
11036
492
3516
10557
214
1737
9141
7980
1459
10716
4020
9524
6541
5832
10541
5217
2880
10385
11850
4601
5939
6895
10438
7189
10098
3070
8947
6761
10852
9664
7760
9569
3448
3817
11402
11701
4759
3804
520
2810
6020
6822
1141
7921
7585
11006
8084
4871
8786
2148
3735
7110
1989
6344
10520
2976
8252
3664
5221
7991
5023
926
7171
682
7370
9024
1257
9078
9947
10379
4183
7579
10356
573
4743
5082
9133
2994
5922
10432
7255
4931
8543
3012
11141
10082
11647
892
2015
11888
8722
10915
8433
5712
5726
8858
376
8559
3898
2519
8335
11828
3825
11044
6129
560
1151
5723
7884
8979
8251
4636
6508
8604
6002
4879
6389
8749
10610
7715
9330
1540
11680
8318
9619
4139
10802
3429
474
10847
6101
5300
5348
4246
4219
9387
9951
10943
879
4293
4947
8360
5613
10358
6479
10160
3098
3382
1871
11441
11895
9655
3097
9343
2234
621
1844
7328
8748
2926
10581
2078
413
8227
11788
2853
4507
1001
5066
1708
7830
2548
7197
9503
10951
735
1873
4924
6694
362
7711
4969
11681
10899
2868
11529
1306
3688
1766
3691
6130
8871
4646
6398
4220
11124
298
1271
9865
7532
3611
8485
6464
4481
1198
4661
7733
9775
3310
11591
11194
4489
4346
2679
6976
4848
2709
10007
4624
1834
2770
10338
1374
4753
3231
614
344
604
11261
2806
11558
119
6014
9236
8702
1681
10828
9181
8810
3255
3275
9451
10766
9683
11503
3053
564
1853
3714
7101
1196
10888
11891
2140
7668
1446
8233
7242
8039
6163
2601
6230
1072
9765
1190
11016
4876
8569
7665
1730
3210
468
106
630
827
9398
432
6056
7380
8640
1395
2238
5427
11134
9163
3482
11017
3917
2069
6936
7531
1935
8534
2652
6932
2476
3582
6596
4939
1385
11909
5461
4853
1567
7371
8520
3957
6282
1538
3914
3384
1602
4184
145
1455
7623
6558
10288
4463
646
4040
11673
4429
3377
9722
11547
10226
6265
7993
3646
5059
6626
4861
9808
9441
2251
1928
5591
2952
5164
6577
9981
4867
11565
4843
4371
1519
53
9781
7175
6364
8894
11609
11859
4591
3364
6274
9884
2265
4308
5805
10509
4790
5429
6425
1662
6047
6794
927
2539
11837
2027
5447
2512
5849
1809
2801
2329
6117
9072
10469
1485
2861
9367
3915
5230
7730
11833
186
582
919
909
10791
8585
10675
2708
10707
512
3526
6388
7148
1348
6958
9546
7548
5039
82
5128
8453
7882
3179
7874
5029
10765
11818
3455
7523
7667
6920
10836
1782
11032
911
10680
3213
2295
2026
3601
8862
6617
610
5570
2528
6247
8829
2125
8253
2940
2843
4941
6217
3221
5589
9161
7998
2171
8642
3589
1100
250
8785
8918
8424
2085
11729
11375
9126
6301
5379
11483
2988
8372
1316
3995
9317
1743
108
8072
3547
765
2502
3051
8811
11555
5227
7516
10150
9002
1329
10051
3823
3503
2826
396
3754
830
10261
7638
4438
10653
2410
11824
6767
1846
6325
11387
4031
11248
447
152
7035
7962
2113
3752
5460
666
4516
10901
10600
2269
10639
5741
4830
1593
5428
11473
5156
1819
649
1339
3106
10708
3638
1854
8306
2149
4907
1054
11608
2715
5201
2809
163
7323
9313
1234
11852
3088
8745
33
10622
11400
9861
1500
10017
2949
10179
7966
5173
7480
6509
7368
3827
2310
1136
2014
6759
11221
4464
11760
118
4407
1818
4390
11177
5914
11689
1383
4794
3084
10628
8840
9927
6785
6292
2400
6462
2698
6012
10647
9370
8398
5658
5102
2756
7719
7146
6335
6606
5870
10513
7875
3897
10010
11284
8180
6804
10090
10334
10590
5662
2195
7940
6086
8097
10656
5262
7174
4985
8145
3147
11061
7746
5905
576
4061
9960
1171
10000
16
4627
10613
2031
2447
2036
2547
1278
5118
10144
11886
5055
548
314
9790
3674
9531
475
9492
9009
2671
6562
7017
11140
10862
7868
8952
2169
1410
10348
4400
5298
2718
7469
641
9519
11639
285
8612
7849
1073
388
1032
11666
420
8685
3256
3050
5950
8507
5336
10861
4949
1008
2086
3034
2888
10756
5127
5245
2285
3185
2932
8539
8199
5768
2063
5951
6579
7652
9261
2213
4032
7632
3233
11445
9623
2792
2151
2881
749
7535
6585
4309
9659
10845
929
5317
2887
567
8412
4789
9091
3383
11008
6756
3814
2707
5514
11393
6903
10657
9690
11869
11724
5526
10882
3309
5326
1289
10449
10484
6993
5878
3156
4275
2369
387
5893
11458
5946
10466
6622
4912
8529
5884
6792
11168
11142
7814
8074
3723
3788
1338
11715
10746
2531
2233
6991
168
1611
5455
8602
4097
7406
5771
2481
7143
10221
1474
3420
6021
4192
9407
4240
6185
8462
6318
8143
1943
2526
5040
2231
6572
3889
253
9969
1026
3293
10059
8208
10954
11161
3471
4428
5371
6559
4528
5904
9053
1586
5753
403
4376
9324
3341
9186
3278
11440
4282
4047
3780
4777
2284
4319
4213
2167
3464
5911
6271
5780
451
10068
10914
9295
3356
4709
7805
9807
956
10612
4173
8047
11099
4228
2665
10873
10554
1865
10563
5384
4708
7026
10260
11007
105
1719
10869
5191
5721
10774
6281
3078
9575
10340
10459
1788
4264
7442
10343
722
3912
3904
47
8524
1926
1258
11178
8352
10009
7039
5957
865
5659
10754
1115
1307
2188
10851
6257
1890
51
11126
9173
1465
10583
5984
2016
6356
6892
3651
6542
9792
3976
3760
8646
11204
5983
7415
10835
3885
7139
1095
6092
326
9027
8209
2257
11000
3951
6193
10437
10109
6201
3886
9937
8802
6011
2906
9117
1352
6409
3229
6531
3457
4402
8016
1657
3840
6219
6999
8090
11518
7686
7451
7742
672
10514
1955
1127
2760
4175
5199
6536
947
8921
11403
8693
2864
3115
11328
10663
6064
486
10014
8565
8629
6207
9216
9744
5679
8081
9268
6067
1835
648
1808
5049
2611
277
9348
5289
9360
3925
9263
4060
2967
1932
2981
6400
6153
11081
9767
10303
3143
10072
10140
5811
9873
7027
5535
1403
7013
4294
7306
1763
583
3971
6382
7125
7118
1204
207
199
9789
6669
11846
9897
7677
3129
7819
9213
8764
6742
9658
9665
8381
955
3033
9494
4589
6228
3781
4158
3287
10347
4086
2306
3624
8172
7958
9287
5894
1019
3773
5209
4023
2349
2315
6874
8146
5380
9906
5465
2814
9557
3237
5415
3192
5365
5560
5992
4237
6930
6334
7462
6174
8948
2494
6743
10302
8936
2661
2058
10313
3633
2962
5363
11864
6022
9421
9726
9046
2492
1666
461
4067
4896
910
10287
2745
6127
11072
6748
2796
694
781
10213
4555
8431
4866
215
7090
9989
384
8057
2508
7390
218
8388
10682
3069
1456
2459
1546
11211
7557
11700
3257
9386
9719
601
11913
10447
10703
3372
10492
11501
3301
2797
10900
4286
9564
9782
5285
568
11360
6144
10538
7272
1889
3007
3357
3283
2312
10060
600
9110
6102
6544
1000
4978
1682
11369
476
9699
5069
2904
8073
2099
6821
421
5433
4921
8495
1779
9874
4426
5650
3150
8460
9001
4412
5608
11422
4571
7463
5352
6967
2446
2913
675
3492
7325
7193
6774
4745
1609
11511
5015
6237
8597
3645
7300
7757
10923
3169
4758
9610
9209
5374
8638
1078
6094
9647
8827
2175
1674
1762
4807
10952
7515
3274
6757
776
2905
1577
5680
11206
2301
6568
11810
1081
8955
11132
2089
1351
1277
2095
3815
36
11457
1883
10158
7290
1502
9982
794
4372
8422
6099
10198
1521
8575
10089
7362
5748
2618
1772
4148
1773
7541
6126
9288
4311
5140
7782
10539
772
8687
9855
11459
890
5632
7080
479
4618
493
251
7045
7607
2639
6361
2079
4195
8511
9657
6401
2746
7776
3445
137
5478
8525
2431
3248
1640
11834
9899
10855
6527
4012
9848
7604
5715
8044
2886
3894
6433
5012
1334
8451
3538
3466
10297
4795
4347
7630
5600
3489
1950
9332
7397
8700
10024
11232
6273
4249
8011
569
9127
9114
9259
7990
6752
1905
6571
8343
307
10116
8390
3564
11266
8611
8875
1774
558
11159
5643
10262
1091
3583
9063
1756
5172
8594
7389
1909
3890
9232
7414
6452
10446
4043
323
2385
10099
8830
8846
1285
10424
6878
4069
1771
10284
7903
10739
6621
11436
9107
4893
2404
9919
10593
6552
9573
6299
6236
1761
2130
4858
10351
2989
9369
4979
7343
2837
8747
3764
11423
407
7192
2374
5974
272
213
1323
7911
10153
736
3967
9388
8648
9749
2241
4421
7614
3138
281
11536
4785
4250
6567
11900
2798
10532
7701
7748
352
8434
9693
686
559
1064
54
10825
11477
4483
2854
2961
9466
7848
7283
5166
2530
6310
4439
5057
5192
3131
9034
178
10491
460
2330
5697
10485
6506
7553
10433
1262
5113
11779
2472
2204
2664
1368
2621
4048
10043
9942
7800
9731
2852
7684
8965
3555
1998
3853
6678
4615
361
10665
11324
5509
5482
9576
6500
1028
11790
10333
11223
11063
7461
11259
8928
4698
4203
3507
325
4582
1087
928
10897
7908
6517
10978
2657
5032
4129
4362
6137
11734
2277
10339
4335
4581
8458
263
7785
2700
4770
4257
2060
503
9825
3921
4897
9243
3114
2419
9928
1872
713
6284
6145
3818
4763
10819
342
6802
4105
4039
10988
1467
9245
3061
8479
1855
5626
10086
7063
5886
6291
8821
1361
225
6652
3165
1430
1712
5064
3268
7657
2727
8674
6063
5141
1556
4902
2270
8783
7793
658
4114
2180
11922
2799
62
1451
9771
4825
3816
3860
2437
4385
3832
9389
6138
4403
8578
5434
5077
8556
6810
11304
2076
2072
2638
1025
11225
6787
11130
3698
10104
7571
5200
11716
11918
10726
9272
10592
10062
11657
11797
1728
7234
3736
4290
10167
11131
4696
4002
6146
4111
11112
7481
10054
8755
4112
371
9351
846
3913
857
11855
8938
10689
9159
2899
9470
3211
4925
8567
591
7008
7289
5488
3521
7209
11476
1243
3813
162
5793
2375
9214
9204
4471
2000
2504
3850
4870
7098
5757
970
8558
324
6875
1536
3431
9943
3273
6612
6841
2170
961
3725
10833
6974
4447
803
8223
10423
7157
4131
9314
4050
10540
7955
3887
10131
5734
3978
7634
7964
8623
10123
10105
6504
249
717
1765
1879
2711
2702
4520
8046
3295
8214
6039
6525
11170
546
3087
609
4051
1314
5002
1476
4642
1557
5083
5973
1581
8164
2368
7697
7894
3148
11133
11233
4965
6959
1744
7803
10522
3708
4760
1961
10134
789
2719
2162
2045
9278
4668
4510
7224
7391
4176
10928
7000
5824
3113
330
6598
8226
1565
11058
9933
1252
9425
2636
4814
7470
2054
4597
8790
3779
2935
6272
3768
6280
1226
10991
10305
6256
731
8650
1342
11294
5020
4834
6460
10392
11322
10811
11108
1365
4443
4798
7396
6423
9735
6580
3935
8315
9818
9090
3987
2320
3876
10692
9566
5524
4844
8010
8358
11672
556
1828
882
7633
7495
793
3629
4942
8641
636
8045
2268
8416
4887
1987
5929
2286
5355
9323
10558
10702
9254
7791
10519
11215
10918
8298
7256
10565
3548
1343
7909
1505
8912
9605
1305
8272
7693
10640
4623
11671
10197
8494
3755
11247
8215
8477
9073
3669
7729
7424
5254
4933
488
8043
8254
5213
5686
4096
11249
1153
11076
584
6164
3680
9637
4606
983
7946
4247
746
1376
11769
884
3787
8855
7262
2959
233
2761
5919
4992
8731
9197
10225
5362
2457
3205
7603
3004
10500
9794
1727
4003
8341
4059
964
3687
2411
3194
7900
208
11034
639
6703
8461
9718
3727
8828
4977
7091
6797
10136
7219
11350
5676
8721
380
917
3824
317
5807
5119
8030
11229
8000
5451
3015
6252
1882
8893
10188
232
7071
6118
2816
3039
2996
945
8925
3076
8147
11699
10968
5947
11710
2153
10421
3961
6813
10738
3365
5537
2805
11854
901
6121
934
10387
7570
8423
8280
2574
4565
7220
2742
4475
449
11592
2177
7233
1437
2582
3311
4633
4128
1070
5065
70
10736
7435
10217
9988
7327
3602
4984
2258
1748
7215
11358
10762
5463
4995
6588
6641
1754
5452
9632
808
4222
1284
2157
10572
7650
3799
4123
7846
4024
974
7533
6516
177
7263
3104
8943
1312
6902
574
4898
8065
10145
3934
359
11070
3258
4650
7589
7642
9821
9296
3122
3709
316
9339
4245
2376
1033
3404
11053
9645
3499
2653
10298
5725
9522
6491
5041
4690
3374
5022
11863
4498
5797
4725
3697
6828
7885
10611
10881
10026
3728
2693
936
7279
4417
5965
1529
8107
1315
5644
8053
3851
7426
829
2692
5186
819
6290
1249
9226
6103
6702
5850
8532
2688
1260
2332
11252
10233
1132
2585
8777
2373
11446
1863
3554
4410
11115
6346
6093
4797
8658
3265
5330
9331
2774
10950
3607
1
6812
8673
8647
11925
5508
2194
1631
10595
9945
6966
3159
4455
540
5677
8126
2187
7973
348
10050
8917
3944
2464
1349
8916
11456
9054
1690
5955
425
3319
2819
9793
2212
6613
1797
3683
11004
100
308
9866
5001
7542
6758
9468
8630
8291
7395
7855
2863
629
10863
10856
7660
339
1167
9215
999
8395
1161
8089
8982
6514
2654
8655
592
9963
692
11735
2706
5678
11520
10239
11556
9357
7085
1836
2897
431
6653
11347
2239
3544
7341
712
2144
3409
7891
9811
6513
10212
6316
8367
11079
5481
6954
2355
278
5210
2544
2117
5129
10023
8277
7710
11752
9395
7837
5883
6360
10474
1907
6468
8800
11787
4137
3962
2600
3744
5011
6534
2387
4480
9151
188
6112
4767
11187
8863
6270
7273
5533
11693
4482
9056
2841
2313
3024
3989
3089
9440
4255
8260
2626
7346
6631
385
2467
2475
710
8885
181
7298
1298
3251
6209
9918
844
6795
1116
1638
11889
8768
9208
11090
5879
10428
1518
7229
3428
10185
3359
847
9304
1394
7183
9294
8639
9299
3940
8711
4465
7561
1973
4608
925
3035
585
10585
10154
3059
3943
3003
2159
7613
954
3880
10069
6355
10206
11747
810
7202
2909
8165
2023
313
2917
6190
9217
5091
11153
7525
11931
4326
7794
3419
3175
11042
4267
3969
3130
91
11629
2998
9450
6730
267
11725
4394
110
702
6687
3436
9467
551
11419
6949
7912
9484
3950
7280
3535
6199
2925
11339
11682
4959
3530
3022
8232
4727
11808
7488
6455
3048
3222
11395
6986
3939
6264
8243
8478
5155
11593
4094
5885
2842
9834
3304
11665
3238
4353
349
9829
5393
8972
618
2463
7450
11538
3716
9423
6981
133
9253
6686
7575
3329
236
2123
4078
3080
10635
9893
1286
4884
5074
8322
10619
9430
5497
4479
9305
2486
10890
2062
9754
9780
811
7704
4056
2931
9774
6307
11447
1450
7038
2216
2050
5751
747
8399
5671
4448
8378
1061
11295
888
4472
773
7766
4826
5247
9335
3204
6801
7382
2350
11071
6820
2331
4457
3642
4542
1079
11139
11207
5698
442
9991
5915
8342
2293
3908
8765
5968
2314
11527
7018
4344
3557
7136
4669
9934
5903
7957
3141
8136
9613
6595
2080
7156
2790
9602
898
260
9344
9556
7369
1721
8739
9249
8313
9675
10405
10501
2441
81
7836
1113
10332
1037
1158
10442
11781
60
3899
1377
4635
3183
1852
6083
10574
8729
2359
2872
8187
7003
8075
8468
4735
7363
9682
4320
4670
306
8466
5888
8273
6616
1574
4133
5861
10132
2383
8091
9839
10842
10919
5165
7064
5184
10289
8695
6670
56
7047
8061
7823
1331
6175
4411
1199
6246
2214
10672
10280
8188
2096
8892
2860
11265
6829
11607
9747
11598
4229
5875
3808
10476
10079
4552
1266
4812
2184
11564
11454
3223
6029
9097
11881
3970
6711
5555
5046
8038
9384
6030
144
1493
2158
6345
4430
10143
1683
5419
10276
726
10080
3634
6740
657
2432
2449
7764
6923
6487
8961
1655
9460
72
2556
11023
4950
4943
497
2395
622
10478
9585
8224
4817
820
6041
7379
5506
10505
8278
5769
4966
4680
10125
5263
6676
2087
11374
992
197
586
7659
8012
7840
3394
6769
8394
5275
960
10015
6317
3562
11179
11018
944
11242
11755
394
10609
6046
1648
3386
9458
862
2689
7809
9745
8705
8201
2572
6833
8579
9376
2927
801
5204
6784
2738
5498
1330
3958
4230
2
8891
5562
2267
9170
2971
8971
6693
11923
6198
1122
5408
11196
6729
8899
10108
5744
611
11234
11502
2953
8890
8854
7413
5582
8241
4231
11401
10880
1527
3491
2403
10575
11493
9510
1232
11303
1275
10384
2302
3276
2562
6679
3355
10627
5175
1981
4779
8066
6216
7359
3941
7899
7775
613
3692
8205
6497
7243
4281
1530
5993
10286
9549
11492
6856
11472
9538
5005
3626
7120
7479
10838
5203
11546
2455
11269
2675
2620
9974
2963
4392
4724
190
9153
8197
3111
7433
700
10177
6488
3112
4780
565
234
7067
1495
9703
9438
10323
981
1711
883
2851
6128
6581
673
1324
2493
8831
9333
5730
8902
6027
9106
4722
2485
10395
10817
1971
11270
6633
8448
6319
7180
3385
4799
1986
9088
2726
7210
11510
785
2006
7246
3807
8135
10549
577
11220
4186
9702
7985
1034
1036
4803
10322
6481
7605
10684
1701
9558
2365
677
1916
3391
7832
1350
2211
5456
4913
7827
1898
3663
3177
2682
1108
7182
3167
3701
1302
11827
375
4619
7675
2132
1420
6049
4034
4546
9802
10681
9529
10529
3006
11117
92
2823
11439
6320
1817
2358
6597
7119
3592
1268
6442
180
11097
8964
8119
1340
3453
7858
11799
1412
6373
6090
1357
6605
9321
1604
7316
4903
8759
6946
1584
9952
6009
5417
11060
6698
8441
8354
6243
8093
3286
10190
6173
10304
1573
2450
10910
10032
11275
10393
8584
2104
4201
9375
11230
663
5264
7974
143
9352
10061
1486
10482
11305
11599
5194
8314
6004
6075
8883
4529
9863
9956
1576
1180
8228
5092
8334
9757
7225
5660
7792
2018
2296
10320
467
9835
7661
4556
9736
2680
5284
2540
996
4754
1977
10383
6059
8344
4707
6369
9762
423
2763
8316
6659
252
6298
1649
8079
3418
11185
5642
900
7029
6381
5733
10730
4381
3718
2815
8493
637
1107
11086
8776
5641
5453
10797
6068
6658
3350
4517
1826
154
2377
8930
2575
8701
11626
9618
1757
10878
1332
11814
4573
4515
5685
6643
7207
71
3789
11832
1270
3347
2720
1402
4889
416
9143
5519
5758
11143
7020
2414
9727
7584
9709
6135
6623
8566
3367
6119
11791
10296
9443
8867
10664
4563
8290
10995
6891
61
1860
3484
2022
10386
6275
5445
2384
3151
9799
10536
9493
3132
11908
10270
10095
4762
11414
9479
5500
916
3303
566
11024
8659
11806
8309
2008
4538
10268
3575
7588
450
5590
9648
7012
3149
8504
7260
1144
3868
11663
9227
4399
9551
501
2553
8756
4218
10865
1672
389
11621
11151
7226
3093
8098
10773
11054
1995
11148
10925
4536
6397
6733
7867
6560
6293
3158
6660
6419
5425
3403
288
2266
11260
8414
9152
7720
515
5923
9748
10971
5442
8657
9898
6262
6770
1775
6018
3140
46
7737
5487
9990
5631
11726
1691
10457
10964
5154
7787
8289
5743
8498
1988
2338
10133
4393
1223
7407
684
1185
2367
4004
9396
3737
4877
1801
7058
5101
2663
5037
6459
2275
5843
7181
8523
7345
6416
312
7138
4420
10790
5571
3321
3096
3796
5479
1487
9025
1847
8666
9260
9929
11706
10241
7076
7436
10512
834
8426
9154
3862
2729
8740
10644
2783
11113
6957
5932
10181
7408
1017
5699
11014
11512
7863
2520
11905
11068
11574
8624
3456
3178
3985
5388
3625
8250
4813
1042
9298
5158
5704
8514
1041
4911
11753
11648
4167
2260
5150
5860
7471
