2771
4969
2895
5670
6793
5177
6751
11036
11404
10719
11733
88
3519
5149
9287
2499
1586
540
2603
3728
9798
7966
5497
11700
5820
8331
9045
8207
10828
3384
5019
3804
9485
11016
1206
4805
10379
6054
8668
11931
8343
2175
2879
782
1144
11013
3032
9658
2953
909
441
191
2662
9700
5033
5263
8910
1140
2585
330
2743
83
0
2841
6118
8714
6914
3400
9559
7209
1675
10757
10424
10215
4174
1330
3627
6551
11375
11670
3669
7821
8594
4993
8484
11922
916
9360
9944
11724
10234
2995
612
11466
4084
6730
6001
6869
6867
7309
1491
1527
4410
11203
9180
5830
4016
5676
9961
826
2598
6144
9369
711
2024
4312
2368
511
4988
5643
10602
3493
7053
2904
414
2880
5996
1944
8547
9853
144
4607
6524
7576
9997
2981
7647
2592
4686
9614
4795
4538
5438
8912
7391
1343
10603
4789
10971
721
7750
7011
2869
6082
5687
3933
10072
11554
8206
9062
757
803
5426
2863
9368
1990
4679
1333
4320
10746
9771
6864
4960
4347
10712
10734
1798
3971
9762
7063
3403
1557
10969
10691
9423
8827
6075
11917
326
8070
8642
10323
3544
11797
9089
9115
8254
9029
4132
11926
4348
6469
9280
6172
10476
3439
9620
7128
10460
2500
7972
9432
10600
6092
8694
6032
3734
2666
3750
3606
7837
3924
5355
11895
4121
169
7497
3106
6019
8017
4238
7782
8686
4061
5616
3574
343
4591
9996
9862
9163
6994
6723
9807
11035
3608
7441
1455
8918
8414
1635
10493
11918
5002
9739
5173
699
9397
1268
5005
5662
6437
3679
1710
2148
10700
1547
5185
8557
4149
9560
7065
6680
4698
10892
9731
6617
5118
11861
2472
8943
4992
3138
2861
4508
496
5443
746
5974
5139
929
6541
11159
5653
10167
4329
1315
6721
37
8674
10359
4736
4643
7513
9182
9892
8489
9514
4961
2457
9567
5816
10293
3287
11385
7382
595
3219
10465
9790
9034
1707
4615
4023
4760
6765
9033
2429
11792
8298
16
2135
468
11486
5847
1725
10224
368
7363
4914
1467
7244
11591
1249
3690
393
6650
5788
1619
7974
161
8198
3966
7075
9387
1477
6991
10414
2123
709
4759
3692
3147
8412
2026
1914
11484
1897
542
1856
1496
5499
1655
5942
5839
9666
10217
4444
6738
1216
7703
11166
9043
4159
4572
3427
7181
5751
9073
11545
1105
3949
3130
4507
8471
1410
3386
6319
3454
1779
8718
4267
4696
6571
5381
11205
5983
9690
8588
4228
1023
10366
5778
5462
898
685
3089
10887
584
10881
397
10784
3529
8757
5579
3024
3701
2076
925
1844
1187
3367
4984
5939
1811
7747
9546
7174
10617
756
7521
7326
8641
3808
2762
5094
8793
5210
5221
8863
10007
3332
9249
10744
8578
10942
7575
686
7641
9596
11905
2647
8812
2679
8623
6993
11639
2162
2571
403
3896
2176
1505
91
9789
11864
4074
1392
9443
2097
5280
9648
5212
3809
8043
8035
2755
1168
8138
7038
8296
2979
1638
1636
5753
3021
5247
70
1878
6355
8953
9719
5780
3889
11711
10556
7739
2933
1853
7669
829
11598
11585
503
6910
5623
4687
9197
5874
6216
4439
406
7632
3311
9100
1982
8097
8080
5213
2402
9530
6581
5410
7793
8954
2987
9208
4957
9351
6409
1766
11675
3457
2419
4446
11913
7442
4471
1271
11491
2108
9449
8819
9763
5758
7138
9105
5140
1258
5437
2923
1475
7670
11090
2376
1332
10016
8174
7918
2260
15
8228
5930
10635
1064
4058
11566
258
11202
9677
11625
9686
2806
7234
1910
11076
9915
6200
888
6074
10077
314
1784
8533
9920
10223
4626
6839
6616
10743
9359
4848
1450
4006
3331
10411
7325
8493
2008
6072
2509
3660
3170
682
10820
2580
379
8540
5478
1152
11204
6344
6309
1438
1459
3410
5803
6905
754
4536
3474
7220
695
1195
4570
1086
6693
11746
9870
7910
5357
7579
4140
7018
3926
8729
1442
6543
2645
9836
6668
1540
51
10069
1384
1843
8255
8386
2157
2232
1566
2832
10091
1342
3923
1474
2077
6000
4592
7458
3724
1133
3221
10097
2896
2846
7154
5931
4634
790
656
9375
5400
4394
8873
11432
8235
1196
9701
7310
9416
2621
6280
5551
10135
4391
2652
4408
6743
6550
11063
5924
2078
152
7890
5731
6558
6515
2932
4689
9656
11701
7416
7678
5039
2527
9681
10187
1747
1322
80
9424
3076
9574
6181
8682
10728
9537
11517
7481
866
9051
7056
3908
6982
5353
10990
7973
2501
10581
4644
3543
8929
10716
3962
6947
9702
451
8749
8223
8408
2918
10680
4777
792
7623
9936
8444
7503
6099
5175
4150
4878
8773
11835
5460
4390
2555
5069
10727
1046
11819
4967
7603
2297
5490
4416
5240
162
3805
10059
5732
7720
10753
5163
2124
4236
7396
2170
9512
9803
9593
9295
2180
6010
2698
1207
10384
8269
9521
9415
2332
4322
7427
7292
3976
11414
5505
8390
8470
2936
4861
8287
8826
6270
5964
7940
9592
11080
1950
4749
2897
6400
11513
7863
10874
8821
1285
11805
9505
3176
8855
636
11005
8558
6525
6561
3654
6959
5258
872
8062
7758
7607
5694
431
2701
11285
10271
1386
259
10455
10928
6389
7587
6471
10482
5372
9384
4382
9457
10592
3682
2231
6128
1413
7913
8568
4533
6273
7488
10514
8989
2792
9684
7344
4706
4015
7462
763
7480
5317
5784
7001
9647
11085
3697
3779
627
5194
9207
5203
6399
6022
11377
2242
10052
8984
5744
4995
7085
5483
9098
7865
9600
4302
10208
8556
2396
10305
11113
8974
11765
333
10151
8727
243
8605
11197
8388
8687
6704
5624
9036
8450
8317
1594
11725
747
1862
1621
7245
4767
7236
7148
5510
6731
2707
9636
10150
6046
5607
1486
96
4968
5991
6423
4734
10662
6193
8009
2764
55
5973
6307
8667
5356
6464
3349
1099
11422
2783
5291
2871
10512
7624
675
2391
2043
4610
6742
9063
7489
188
3969
1189
1126
10134
3843
10890
7288
6103
7535
10584
899
11836
1095
11567
10811
7137
6796
2922
4059
11720
9655
8497
11157
322
6498
9389
6292
1405
7631
3067
3903
5166
2359
10908
1924
1016
3859
10267
7625
7297
3305
5734
828
8044
5789
11539
11502
11734
2099
11715
5705
1703
9564
8722
11304
1925
7822
1690
3665
11386
218
8988
8523
3655
974
7685
7224
8039
10896
9199
2682
8944
9053
2295
5103
1842
7814
3771
4274
936
11070
2071
8884
8300
4211
9566
1465
11663
3534
1006
3291
4401
2872
493
5272
4331
8647
8945
1888
5077
846
1483
10050
5056
6131
10998
8569
6633
9177
7191
4050
9137
2023
1789
8341
5714
6433
11735
5698
3868
5588
6094
2490
6821
8946
253
9549
9942
4381
4345
9225
10257
11719
1559
5114
10631
3570
6345
729
5074
11845
10710
3453
4048
4751
3642
10946
8980
5275
7656
3601
7012
2639
6948
263
252
9181
11188
7642
5093
910
9090
1960
4561
10079
376
8503
1356
1926
164
11445
6577
2702
2051
519
6018
1575
2952
7540
10819
10298
522
10456
5685
10087
5067
7679
4830
20
378
3737
4481
10252
8457
8601
2528
6158
7093
5932
703
5704
1720
7364
1421
5767
11248
9099
3858
4850
7216
893
10260
9117
1873
8435
10627
7929
11022
5679
5181
8214
5766
9332
8710
483
11067
87
11904
8963
2950
7964
8253
1513
9601
8082
9222
2215
7695
6642
3638
3790
3455
3768
5748
7278
1907
4358
7021
2349
6373
2594
3094
3035
9331
5806
9011
1123
11774
8422
11688
9285
6261
4994
6324
11557
1009
11149
7479
3466
8485
10977
3593
7766
992
7562
10827
3238
3778
8883
6463
4833
9370
8089
6678
4115
5167
5812
2052
4281
10118
6138
1852
3393
4938
10818
9955
4761
1649
294
4250
1172
7080
4527
11114
8443
4336
6343
2247
3213
6813
10626
10954
2394
9974
1980
3827
3633
11126
4699
4229
10510
10979
4213
2351
8323
5366
4956
8928
11139
999
4823
3086
9889
6514
11647
6388
9591
7660
5236
3428
965
4808
3998
3876
7413
7525
7958
9236
8048
9396
6643
6819
1734
10383
7908
186
937
6697
3278
1518
8776
700
6369
1861
10934
6129
5815
3473
6831
11077
296
6939
1106
1892
7415
7963
6760
8124
8154
7945
6327
11549
2087
9785
33
7728
5211
594
9875
2468
9470
4436
10861
11098
6365
5959
7731
854
9477
6391
10387
2924
5841
10043
4304
5326
8137
4618
3319
10879
359
10370
10681
3674
5651
8151
9420
2369
1154
6076
862
6298
6063
5956
7543
4049
6288
6111
2045
9672
8378
6594
6176
4651
659
11626
4905
9496
6416
1986
4160
676
4525
6788
681
9125
3122
4101
9529
4426
5555
8741
1995
2367
9513
2915
5739
10149
1484
10404
8758
10468
4276
2842
7751
7436
9663
7136
4264
10189
2600
2331
5290
2067
9024
4902
3267
881
6992
9557
3526
8120
8530
7469
2643
10694
65
1160
7867
5417
10205
1248
10203
6235
9451
3080
2395
668
6442
2239
5947
4668
7054
3193
6938
9037
11509
5572
836
8038
6685
4868
3066
1935
6480
5320
1394
4776
3060
1242
6752
9604
8054
9639
4744
3683
7057
8442
4167
10708
5028
11652
1217
10864
961
1664
9519
6486
5884
2059
816
10438
8993
34
9142
8259
10836
5658
9061
7917
2796
704
8307
3465
11907
575
1226
8728
10529
11310
5330
3584
3265
10259
4484
8512
2314
3842
3409
5514
2404
1627
2252
2825
10961
4454
7989
7730
11691
100
11175
9195
11088
7201
11387
9403
1657
1457
10375
11153
5284
8664
2716
8693
5204
11773
5941
6833
9497
7235
7774
4574
8890
3356
3940
10923
2169
3350
8282
4803
7769
3363
10528
5750
7296
8848
9835
6418
8939
6945
204
8030
3527
3039
3159
8952
7570
6766
11683
6787
1395
3185
3381
7443
6021
1358
4339
8263
4111
10446
10505
3581
6875
1303
1783
5634
8659
4743
7327
9736
731
10286
7003
1991
8803
8425
10181
5605
2033
11499
7757
5573
7560
4977
3791
6797
9430
10262
10080
2364
4659
3628
6162
11520
2184
9204
8081
1826
7281
4272
3003
827
11221
10313
6247
9252
1402
8836
7849
1987
6165
5479
10179
3726
2121
5659
2150
7800
9145
11576
450
1037
4417
11869
10550
307
7748
629
7193
11359
1239
1735
6166
10932
6378
10041
989
7145
11899
1977
10816
1512
4925
6576
10360
4096
7687
8853
10115
6316
4970
1952
8575
1087
5095
8559
433
2409
6894
11814
1159
3553
609
11135
6544
730
11693
5389
6641
9339
4911
8604
1583
6757
9556
3943
2899
8380
7665
4931
1171
4497
6146
11450
9046
4578
6842
3285
9272
4326
2693
638
5433
5604
179
10222
11778
3012
11357
10503
7343
1278
2069
3489
2815
7976
9164
8109
10843
11403
7666
956
10527
5119
1122
6795
3464
107
2510
1464
6202
1736
10748
11409
5892
2980
3653
2053
6148
2625
10226
4786
1528
4852
5822
11798
2312
648
6801
2990
1348
11292
4077
7498
3816
6473
2720
1628
367
2665
5921
6488
1153
8846
1685
11034
6173
271
2311
4472
3914
6036
11680
10735
8911
127
456
11355
2827
5301
8529
8586
6957
8406
5253
6381
11826
5749
3939
2131
10996
8479
1169
10198
8332
3535
54
10792
5618
11438
4065
9081
5303
8458
4169
8961
9467
11664
11854
1061
11366
3797
4430
10547
10639
2117
2565
4447
4146
10008
1478
4120
4295
4412
10478
7229
5515
10244
11104
1468
10646
4113
10916
9042
2908
3327
8367
2207
6715
10469
7702
1422
5654
495
3957
6936
9286
44
11410
2018
6139
9358
10278
6822
3652
546
5001
4319
6621
1835
10213
1698
2437
4344
8712
11662
3174
640
4997
4742
2096
9981
2421
6255
5154
2393
6675
2305
10169
3897
2214
9738
6747
9609
576
277
9578
7584
3273
10177
2259
5860
8747
8899
9573
11225
9141
5632
10316
2627
6695
3609
61
1837
2670
3723
5696
2486
8398
2220
10230
7397
2484
1961
8156
3188
9088
3373
11412
6175
5896
1437
8822
7877
9522
8314
1617
618
1792
8900
5688
973
9503
1090
9577
3365
3547
1334
6975
8947
1691
4842
7683
7165
8889
2738
8885
9378
10377
6824
132
3975
991
8449
10789
6136
5257
216
979
3615
5092
4327
4725
135
3862
1996
429
1163
8611
9001
9411
9748
10131
3625
10457
8638
9016
3168
2476
10347
5923
4148
79
5902
6351
7595
3575
9205
1376
1415
891
11256
5829
1351
11014
6810
3886
3961
5724
10880
7885
4888
9820
11123
1790
2400
10601
7854
3787
10755
7019
665
1015
7164
8264
5869
982
6883
7648
10401
7586
4294
3203
10604
7801
6461
8399
3870
9366
5231
10275
7263
9377
2864
4965
11125
10295
9271
11332
11752
10341
5600
1511
2860
11296
7733
4462
117
7551
4041
6662
5218
8090
2445
726
2816
10054
10477
8178
1563
10962
6896
6806
9276
1295
407
6371
7505
11851
9605
1834
8092
9341
10006
10729
9452
7316
317
6190
4372
1764
9645
1573
6912
10936
2248
4193
5663
11789
2843
7886
9893
11872
2810
11816
9484
11265
7111
7252
4886
7614
8541
970
5913
6768
1214
3408
10251
5420
5311
5190
10288
6725
9819
9288
8199
2529
4745
11384
6121
4429
5914
2531
9721
10577
3419
6479
8191
10423
9953
43
4321
5073
7000
11673
380
647
11457
10216
316
11418
1887
5559
6320
8520
4565
5091
2906
2088
4393
9916
6598
4650
728
6005
7759
8622
1824
7192
3566
3769
1684
3079
8333
10950
2477
8079
3663
9380
7227
6002
2996
4632
11510
2782
2602
3069
5041
10901
5382
3968
1820
11250
11635
2062
7233
10250
8930
1712
8279
4491
227
8466
6055
5046
7118
7425
614
8801
6518
10053
825
10590
11258
8142
7982
6684
3537
6572
9756
115
6210
1702
8650
996
9511
3194
1044
7147
4155
5436
9342
2348
5969
4257
3732
690
5384
1307
578
4778
7471
4790
3789
5716
5622
7353
9845
6724
6984
1432
799
783
5568
11216
11456
8692
4985
3184
5047
2673
11411
3195
11637
6976
6185
7792
6603
6741
11916
9367
2286
6444
7859
11061
10176
2611
11538
9872
2284
694
5329
2535
5689
3599
9987
7346
3160
1693
9007
3103
918
11592
11583
9475
3754
485
4822
1313
2132
11393
10437
9780
6450
1188
8921
10944
3715
4849
8127
10718
10441
9810
7840
2648
5564
2634
226
2818
3879
7921
10585
3057
342
3645
6137
74
8970
8153
6167
10568
5227
11121
9691
9584
270
6236
871
4690
11143
5246
99
8286
11464
9398
911
4627
7533
784
6846
3061
4893
2222
1078
938
3931
10500
11832
5541
8539
10107
3088
8071
6477
5859
11394
10086
9429
3139
11556
5294
3878
10573
10028
10968
521
2940
9808
8982
8871
587
11051
5434
1109
9196
11879
47
6946
3187
11187
4741
10953
5373
10737
7577
1388
3239
11481
6595
762
5608
6860
8811
7261
834
4482
4201
6470
10829
8640
3005
6130
11160
11086
4309
3418
10838
321
5346
9960
4299
6155
2986
205
5293
2015
1898
5779
6252
7776
11323
3530
8802
123
3680
4453
794
10393
4708
2086
2809
9233
10221
7561
10800
5455
9963
4067
3096
2385
1600
1782
8979
1293
8340
3833
1682
3294
7830
852
4029
6194
4682
6297
11909
11896
9555
9217
11882
5249
3157
128
11618
8102
9623
11215
4407
9943
6059
8917
9657
3382
8430
10113
1870
8754
7828
11333
6786
10707
105
6553
6396
10225
8494
9664
8424
2104
4933
7953
1681
7920
6245
5380
8260
4840
11646
8163
8837
564
1476
3617
9010
6244
8363
8065
3058
11301
3062
7795
1241
10332
11666
10919
3040
200
3967
2954
324
2179
8218
9079
11006
4239
5334
9971
4205
1487
5245
6424
2304
9097
2195
6271
7760
9171
1863
1198
6705
3851
5625
151
4787
4758
6067
765
7746
72
3102
5543
3867
5473
6657
2269
6902
10907
613
2699
10243
10287
11906
3233
9297
11267
8543
6387
5318
9834
9335
513
11522
11392
6716
10618
11383
9123
9216
1473
4614
3980
7768
6301
9110
5831
11745
9127
6265
5506
10324
4383
1385
4192
2834
6229
1645
5474
241
4087
1466
10152
3293
2292
1825
8916
295
3499
7022
2629
10231
9884
10206
8854
5393
6065
4645
1919
2050
7523
4480
8774
1244
9486
5244
9754
8439
6145
7082
8335
11376
11213
6257
7200
3727
413
10178
2355
6599
2310
7423
8237
3710
3201
1441
9991
8145
637
4114
1757
2711
1582
11124
620
1260
11189
9802
557
6986
3177
7478
10447
10555
10153
9321
7962
2054
10684
10980
4779
9909
6353
8480
9150
11564
235
5649
6666
5940
4598
9385
857
9261
8152
2718
2935
8415
1959
7166
600
9749
2216
1451
89
2653
7823
3852
9964
11169
4554
2283
2684
1071
1953
7558
7847
8478
5960
10474
8732
288
3706
10285
1043
8820
1567
6649
9918
10412
3500
9722
7454
7841
27
6921
233
5857
7282
9665
7585
9018
10739
11031
5442
470
4722
10141
4177
9234
10504
287
5112
11764
2166
7004
6526
7453
10972
281
10766
7426
5228
6886
6873
8648
6522
4724
978
11531
8201
8866
10546
2763
5686
1909
5104
8381
9240
3114
10576
9006
5489
8524
5769
8955
9038
2440
10873
2978
4284
6337
4489
10520
8552
1817
6048
7740
8308
11593
9594
3717
2285
9637
11665
8738
4950
2683
7571
7767
8008
8507
11737
8595
5444
7526
11430
8521
4122
10564
6671
3318
7120
3314
2797
11360
11610
972
4438
10654
2274
901
7461
6805
11494
2692
4256
6453
8116
6533
11423
4137
980
1113
1555
1312
163
3212
9118
7459
2773
772
9898
9052
2060
17
6149
7785
2196
334
8441
3030
11043
4879
7620
3588
6317
10611
4816
11706
3678
7810
4220
7568
7667
6262
5235
5022
4623
6198
11068
9179
10918
3031
7377
244
6041
4843
11103
5020
8165
10342
11850
1297
8164
9144
10807
4303
9439
10248
457
1968
4727
3412
7506
7083
5138
8746
3681
2735
5032
10548
1756
377
9438
3845
793
6587
9933
7892
2382
4258
4479
371
10889
1754
2205
3780
4502
11707
7116
7935
8898
9135
9929
7900
5775
11590
664
3545
9907
10405
8983
1302
7981
8304
11897
8407
2321
6832
484
4473
10540
4083
838
506
1646
465
9917
2040
11313
4754
1762
448
897
6920
8362
5759
10466
1577
10311
3426
222
5461
5492
53
10511
3256
1446
5370
10842
6949
4456
8610
9575
5957
2675
5482
2301
6419
6580
10690
7949
6238
5578
9126
10610
8179
5977
2009
11315
9303
7705
3355
4219
3950
3755
6264
3736
2972
3987
6254
776
1918
4511
8066
6911
2105
11634
7467
5671
1672
5507
738
5645
2889
2536
11760
7117
9474
701
10586
3247
25
5518
7270
6031
2378
5706
5569
6531
7850
9988
8371
2504
1414
7306
5796
10320
6291
11240
9711
1419
4158
7588
6612
240
5352
3229
5905
10284
9676
8567
5083
101
9910
10483
5554
69
5533
3977
9900
4052
11207
8532
11602
11527
2293
10782
2483
5388
11053
4959
10000
6540
2661
1050
6086
4178
10159
7651
1323
5338
6281
10376
11823
2727
6732
10197
5542
5024
4337
3383
10240
7067
7658
8280
7640
10538
10599
3646
5299
2612
5501
3518
7345
6506
1097
11180
6749
11537
8349
10429
5978
7408
5012
4713
6028
262
645
5752
4094
5157
9586
5158
5508
7368
4313
4002
11356
5391
9504
452
5110
7272
9602
9020
8684
10001
60
3718
2887
5407
8072
3951
10266
6050
9143
8045
4232
3169
2152
749
7182
2386
5668
5469
2197
4013
3607
10081
6093
5447
5834
7903
6784
6507
7544
11268
5165
11350
9224
10693
3087
2341
7569
719
3430
3825
4214
4445
3970
98
8584
1788
10339
6597
4609
10900
10005
3004
4516
2817
9532
5255
3129
6219
7180
11105
11843
1520
7280
3041
882
8029
6003
1674
4752
2850
7993
3501
492
4506
9450
1142
2590
3590
6497
1197
5966
6712
717
1601
6829
6356
7755
10421
7129
7076
11347
6804
11852
5580
1179
11141
1864
11069
963
11151
1032
692
92
5741
7081
623
5281
8372
2710
5577
9611
172
7712
1252
9935
8350
5065
308
8505
4858
8146
1964
7027
3025
10738
10824
7157
1059
497
7046
11645
11050
9476
5271
892
386
5446
9646
4579
10582
6283
663
3402
474
1899
4835
4717
3746
9466
1523
412
6451
3602
1374
2423
8183
3597
5950
9857
1132
3735
10621
727
1810
2873
4646
9794
3554
5123
2189
9267
4633
1771
5570
5399
1439
5141
7099
11436
2968
764
501
1854
11924
4328
3620
6504
3481
8522
1585
6586
4857
2446
2485
2202
5994
207
4385
5336
5464
8867
7598
2801
1637
3167
1871
5057
942
6850
71
488
10672
11690
556
11405
11369
4770
1276
11788
315
11045
10925
2116
9871
2508
10064
9294
11391
7291
11133
1081
9340
10388
8972
10774
4726
11710
10051
2384
7811
6163
9080
1279
4916
4004
5254
6972
935
2115
2095
2432
9550
3260
8632
5814
9558
5302
5534
4409
6929
9106
1653
5730
11274
9493
3015
5986
3438
4187
1576
1177
5470
11243
7612
9718
1428
8513
6706
2360
10788
2149
2058
251
3651
9510
1644
8891
5777
3275
7507
3107
4628
1186
11546
11526
6613
6930
10170
6201
5208
1718
7388
10105
7247
10487
4066
10549
7251
2495
5805
8506
432
8844
10459
7210
9124
677
9343
486
981
946
7983
10834
4947
4465
1367
9844
520
11348
10644
2521
10863
3323
2799
2161
2475
9753
11004
4661
6435
4794
3887
605
10294
7832
8098
2584
2194
3093
2224
10055
1469
1558
11891
10026
9501
8129
8975
7036
4718
5237
10100
11925
6516
11338
8432
1978
6407
424
8100
2112
657
4949
4086
3997
5465
596
3134
2862
2610
9783
4880
1010
8990
1729
9151
5130
773
10338
3084
4366
10486
134
5101
6102
6985
2257
1314
1320
3417
2204
8451
8108
2951
3440
7552
10034
11881
1054
9479
7604
1170
839
8639
667
4929
7926
4896
1377
8227
7215
11072
5220
6811
1017
10926
6189
5811
6703
8909
3579
10439
6941
4275
568
2013
847
1447
9173
8396
6481
11033
3242
5993
2567
3158
1194
11170
3444
3224
4301
3539
231
1262
9630
6122
9730
5904
11162
9890
3341
6293
1581
1882
3075
7134
3815
6218
4952
6535
3688
6398
3516
6722
6750
5928
119
7633
108
7616
6579
8962
7048
5319
8295
9746
7432
10312
7126
10519
7010
5102
4825
6624
2005
8935
3763
11898
2891
8083
10676
2347
9775
5265
10419
11608
504
8376
10496
7882
5452
7373
3211
3556
7152
2494
9962
10415
9782
1213
5456
5076
9317
9776
5398
10563
11612
5219
9873
7172
11089
272
10116
8181
2392
10545
9685
10458
10665
6081
4007
1114
5813
11041
9258
7992
7098
10682
5886
1369
1744
7072
8818
5310
8775
515
5678
4681
7271
11288
5614
4834
420
2520
8246
10770
8966
6552
4697
1611
3490
2186
3241
8831
11314
2481
4673
9583
6734
475
8560
6228
3085
8606
9161
9811
10492
5725
10099
5613
11868
5226
6426
947
11754
2503
3303
3475
3142
11277
1141
9200
2690
3988
8669
7846
10780
6814
5761
2751
9619
9333
153
3826
4291
11572
7639
4670
4987
2016
3773
8781
8800
11279
3156
3165
5003
8673
6865
954
6208
4310
3979
3431
10657
5712
1449
4230
3871
8487
5582
10619
9215
6622
2852
6893
5037
8182
8875
2609
9065
478
7802
10132
6004
10666
8111
11762
6658
7855
4723
2279
7895
11729
6775
11769
11791
11709
4996
8011
10878
1727
9251
3818
6352
438
8531
8676
7355
11736
1730
3078
8902
6184
3339
9729
7398
2537
7143
1304
8299
9404
7947
1745
8226
5058
3880
969
8782
4492
1423
6415
5856
9136
1257
6397
953
9312
514
9087
11589
5379
6354
11171
2456
2492
199
5586
5527
3656
6057
4501
558
6174
5085
385
9627
3111
8413
447
7100
276
2518
5852
11402
9515
1593
7170
4147
10709
10726
2761
745
137
9017
2774
628
7485
11252
8785
7062
1352
8838
9169
6614
10572
11319
3671
3401
114
349
1135
5264
7517
4273
10145
1549
7578
4547
7308
4884
10495
2958
5635
6310
5392
4876
73
11495
1620
9060
9469
155
3071
2618
8713
11873
6527
254
5545
2994
6347
2358
7764
11842
8046
9296
4799
7379
4553
4427
10702
6362
2976
11927
7342
11458
6640
11413
2387
5677
5122
97
523
5345
4245
3358
8245
7226
8934
674
4047
11818
9448
9992
7071
4556
10027
7991
477
2833
7323
3448
1532
7409
4652
2261
6607
843
10531
9911
5552
7225
7652
1275
5209
4286
1068
6311
3337
9846
8394
11340
5595
10882
9245
1280
5948
6626
1716
2989
3564
6964
6857
10365
4535
3589
2616
3555
3814
1846
4867
2049
9865
8270
582
3491
9055
10754
2548
3104
4716
5050
2090
1738
9243
9757
5150
7264
78
8216
2581
8828
5435
11144
5006
11349
3635
3296
3246
1383
10835
1612
11329
10144
906
4707
2094
7028
9946
3770
10844
7938
3742
9132
1838
10960
3637
7566
10108
4695
11653
11295
9414
874
1905
7909
4642
1393
1370
8433
8964
8101
9109
3008
4124
5606
7701
11473
4448
3687
196
2303
11755
10406
9441
1305
11059
5029
537
7315
11152
6192
11238
1269
8469
5762
2909
5615
6688
8021
3348
6325
11158
1572
2465
9800
1799
4353
4364
4941
2151
5283
3340
6374
1162
2931
10033
8504
3836
7919
4839
8991
9603
10233
9694
1772
4662
3795
2826
7594
8377
7784
6495
8839
9826
8799
4551
10123
6472
6653
5598
3573
2006
6632
3051
4078
370
10348
7650
8903
6652
565
10683
10410
10117
8475
10023
4605
11097
8740
2427
11439
4824
2644
10653
8334
5695
7999
4403
4003
11870
9610
6246
1550
8290
198
10675
6669
1916
2985
9263
7638
7135
844
11071
10172
1773
2558
7955
225
8574
10334
7418
2680
10098
8233
710
6239
3944
7380
988
1107
8948
3462
619
6714
11441
8115
4709
1440
8792
547
10071
4176
344
10449
1595
2819
7217
8219
7729
7820
160
8925
10806
7965
5911
8125
8628
9784
7417
2459
9134
10779
5321
2626
10847
11239
7255
10046
4419
8767
10801
11562
8488
10591
4182
7829
4097
4421
5374
9308
2085
4544
573
10608
11087
7431
6289
6892
11320
735
9047
4781
10817
5042
2383
5633
6207
3007
2322
10945
945
5488
4200
1629
10302
4033
1091
6661
7352
9897
11368
8862
7674
4581
713
10915
1807
4463
1053
8027
6891
7040
5865
3600
11094
4068
298
6284
6698
110
11427
9973
11806
11231
9983
811
2405
209
5289
3849
591
6696
5887
11555
2323
3042
10422
630
5786
2988
10212
915
11890
10558
1969
11779
10190
4012
1872
7902
2657
4452
4060
9494
3068
10142
9520
593
3196
5048
8297
2540
8691
3582
9091
3959
7317
10871
9388
4870
8093
10963
5082
2365
10349
10689
8579
9799
331
9083
6436
11351
8091
10385
1962
8791
7742
2143
325
9078
1331
3890
11787
187
3259
2646
919
10872
1341
10701
181
11212
1224
3283
5560
11122
5992
6120
10711
11558
11801
189
2737
10937
9952
7894
2249
2333
1522
4731
6256
5312
1529
8261
357
10772
9791
8495
933
2654
7422
4168
10122
4241
5597
5721
5120
214
64
3077
9290
9413
3860
529
3445
2736
7031
11241
2878
8795
11603
4079
6820
9433
7724
1609
4175
7756
5626
10763
6
8829
10663
6995
8110
2238
11108
8476
6212
7228
3895
2463
8088
5308
4398
5087
10559
6045
2134
818
6020
8133
8656
10636
3934
5563
8971
691
11747
10941
1270
4428
8755
2159
11880
8234
1116
1131
5121
3510
2330
1613
4788
180
4039
11581
7874
8515
340
5631
7274
2413
7414
8161
802
3905
2113
5794
8169
4589
4196
10432
9379
8170
7243
3206
6848
5933
11251
3494
5174
5480
3125
10060
8306
8516
4688
1719
6828
9881
1223
6634
7026
9891
4425
1079
38
2313
8748
278
1
3853
7110
4654
9344
9882
2375
7911
8007
693
11400
7884
1145
11871
4435
1350
2882
11140
476
4014
9108
2171
7967
2167
11744
6182
3807
10699
3359
6517
6338
1240
352
2044
11042
4590
5146
4418
1692
8385
1089
3152
2747
4384
5804
5571
1230
7522
1951
7783
9393
82
4529
6489
11889
7121
7696
8876
3313
10440
10361
7786
7008
6909
3404
7858
8252
890
7723
1700
7460
4131
7273
6227
3507
3421
4022
2791
7359
6578
6432
1748
7741
3953
11655
6774
11519
8369
7476
10554
11017
10279
2997
3053
2593
1143
2063
9969
6759
2502
8403
4088
4543
3292
3354
5740
585
11800
6785
800
4246
6434
5849
1284
7901
4380
11184
2
8920
718
7985
7101
8462
9190
819
10329
10325
9585
8614
7089
11286
2545
6983
11594
1806
3850
2034
5975
9154
5517
10987
5337
46
8739
5064
10783
7451
2844
4518
7333
601
7238
1052
2198
11440
8359
1287
5723
2638
2265
7893
1306
7146
2617
11130
236
4363
29
1827
8316
9223
7211
8326
5498
1780
11000
9693
2275
9947
4528
11150
8313
4375
7202
2917
3269
8857
9618
4293
8992
7463
2268
8593
1324
11223
9854
1212
3312
4542
4227
7553
771
9531
650
1536
10952
8965
7550
1429
6220
9587
9745
7676
3456
11809
5757
5823
6999
1626
9978
4804
1941
11619
5066
11168
10330
11780
2041
3472
7596
4894
4317
8020
7399
5148
24
9119
1728
11716
3716
4165
10158
11671
9542
11321
4680
2562
7719
4520
9809
11756
2564
10315
7868
8244
8709
8737
7775
7319
10595
2511
9262
1500
3745
4151
8750
3978
955
6302
360
5147
8612
8224
8711
5787
9612
8723
9866
3044
4975
11855
3520
11483
5842
3141
559
9541
7838
6299
10656
9938
8981
6500
2230
2081
7049
5145
7445
3835
7881
7831
7704
1630
2934
4376
10036
6414
574
9371
10798
2530
3471
5364
7622
6300
4399
5129
7946
5733
1816
5707
7173
4191
5055
962
11195
1590
1250
3131
11770
1753
10888
3511
5309
6306
1603
3231
4166
5383
10649
7605
2855
3709
1458
494
2868
1881
720
11342
1329
7534
1889
6542
8459
10773
2276
4871
9710
9937
4040
5742
384
7515
3183
2754
10674
245
9289
5262
2745
2422
8907
10703
1829
5627
10024
3877
10536
11933
434
11044
2377
4517
9548
5354
6225
4641
9353
4119
11420
11382
1167
2168
6064
3022
8603
11544
5075
5770
2870
9888
2962
7773
883
1150
8997
4371
7299
4248
8106
4714
8587
5487
3372
5885
10473
7103
11860
1743
1908
4437
7530
2655
3467
2691
9395
10808
10917
1277
3772
9026
7279
4526
5879
5968
6417
7567
8784
2418
9226
9153
10126
217
3070
3483
4715
9107
1233
11142
2338
5848
7512
4817
304
6336
2144
11337
9326
6534
10136
4095
11834
11621
2742
11900
10343
5735
2999
249
11708
8099
11827
11330
2681
11266
11007
362
1618
11718
3616
5797
1988
3561
7559
8215
361
1433
443
2961
11617
8835
8702
10982
7189
3222
9306
791
3437
366
3329
1538
5776
1946
2251
3017
510
1890
3806
10638
10853
2689
3302
3714
5030
7290
11573
4354
7927
2753
2628
6108
4346
10730
4898
2356
748
11179
5929
5132
6056
8272
11508
4203
7496
10397
549
7156
7805
1656
856
9640
6707
7395
7400
4814
8052
4862
3788
6013
3446
479
10402
10061
4490
10622
907
9000
460
10583
5995
6452
11270
3563
6272
4025
7866
10593
10855
215
560
1923
8361
1136
8055
206
11015
6758
9279
845
11222
11026
1671
1063
9478
11853
9970
197
1855
1026
4580
6631
7435
9928
3143
3097
3619
1098
2133
952
1879
8251
1222
4545
3346
9668
6156
4024
524
555
9856
5168
285
6049
2213
2017
7371
8765
3374
1648
1673
2556
3480
2900
1934
3572
3228
4678
11630
569
4283
332
2177
8325
801
538
7184
5327
8646
4851
6100
9405
4223
8865
4866
9699
7661
9830
3151
1746
920
8250
5273
11512
297
5217
5471
10063
9425
8881
4563
10428
8633
9919
6677
11763
2925
6748
9838
9772
1365
1251
3546
1568
837
9902
312
1482
3904
6866
11025
6840
11771
5636
1347
11689
9116
10717
9168
5967
8053
7721
7845
10630
4519
5883
11054
997
11211
1253
8701
6090
6315
10321
6230
8344
9299
5919
4826
6513
6425
11106
6221
10162
3644
2130
5922
3725
1770
5361
9848
6084
4105
306
4534
1989
10232
10933
2574
1018
11580
10870
11697
6802
125
1456
11367
11247
934
1608
5222
11278
10762
11828
2223
4367
5660
10235
267
4924
9565
11115
3822
1545
10537
11886
683
11454
10
1694
3673
8242
9524
11229
6778
1797
4939
9812
5127
10613
2927
7265
9307
5802
4608
7405
9492
289
3309
3364
983
566
10304
820
11743
9954
2752
1190
3482
7354
8830
10331
5771
3782
52
8190
4560
11530
2294
2320
7954
3618
1943
10277
7450
5946
6445
4844
6275
10955
5463
7161
10340
7017
7269
5798
3984
2004
6769
10241
2546
10959
10781
10897
178
8703
6615
1420
4102
8665
5861
5176
10764
8345
234
2635
9101
2229
6101
10171
9839
2458
9074
6887
10395
6523
5519
702
9622
3043
8370
2185
5276
8651
11674
1199
6077
7948
753
11799
1232
9128
3175
10467
10567
2851
7732
9863
2014
7468
5500
3123
9
1701
232
10494
4411
2455
11878
1000
7197
551
3761
1325
5229
2250
1972
2572
4231
1266
7714
7693
4934
1927
11081
10899
5397
5202
1234
7045
8583
394
8281
6635
11099
4571
5256
2877
1204
9816
5425
1680
3521
9613
5661
9908
8318
10725
10207
9002
10396
5910
2728
6263
5111
1296
10522
880
10017
7253
4606
10964
1717
7936
4070
6462
10765
7449
9740
9330
11
4268
7548
6761
1599
1761
9259
10671
10351
4265
5182
11808
8592
2411
3629
7812
8576
1349
7715
5609
1663
3124
35
8354
5238
9352
6217
7314
8596
9502
9349
4948
3328
4185
4569
8241
1080
4466
1104
2798
4669
5429
6253
11738
7857
11293
2566
7899
9324
4740
7283
2277
2288
8434
7813
532
3321
3320
3760
6113
6364
5949
4903
2061
9096
4582
7372
9253
2410
3249
1041
11528
4085
3800
8894
5200
9829
142
4362
6958
6039
7787
10143
11276
2729
8772
7939
4457
3624
6567
3276
7020
4373
1127
10541
1955
3751
11536
10214
3034
6974
11027
2233
8236
11287
10010
9708
4335
5266
10833
1035
3985
8243
2835
10815
9422
6686
11107
4923
11627
5186
8764
11233
2700
9506
6885
5667
11698
1208
3345
10898
9487
10637
9675
11396
1366
9170
9528
8845
7360
28
10523
7524
6841
3258
7873
11257
11521
2517
6900
2837
6990
10106
3255
4583
9159
4922
5833
1942
6085
5717
7407
1774
8720
4349
2328
7404
2302
4625
7386
1406
8937
5951
10793
11908
11131
7891
6569
2672
4157
2656
5713
821
11490
469
10307
2814
3861
7876
133
7206
512
3447
10989
1847
3476
7659
7256
9576
4860
3394
10905
3132
5285
5408
6180
5906
2582
6073
6847
9951
11628
2769
6490
10914
11679
7472
7504
7602
9009
10927
10978
8028
2125
5060
10070
3813
7697
2619
4510
9242
1683
8498
4318
5536
5807
7199
5915
6038
2734
9934
182
5867
8847
1403
4600
3930
3960
1945
405
11009
6956
5298
4943
1180
864
7381
9406
6779
10195
2342
3095
9793
4663
603
2977
5292
8324
3565
1019
11601
8452
4564
2449
11781
971
6119
1118
10802
1231
5715
6859
8119
5870
10356
11485
3512
6903
8128
10464
10667
3989
6545
1055
10891
10745
11782
1662
10249
9064
4292
8
11824
5523
5642
411
1519
350
8908
3610
4338
2491
11378
6876
4976
10374
11459
3150
7956
11616
3700
3411
5059
7794
10620
2630
2836
2725
2824
4978
9198
9468
1495
8352
2241
10037
2770
1509
641
2854
11117
4895
3098
1739
6913
11648
4636
9744
2620
1339
11863
3881
170
7990
2513
10865
242
4455
5708
1359
7289
11463
1865
9270
8790
11620
3357
2591
4768
780
5697
11040
5703
9348
5109
3310
6965
10114
7091
442
631
10104
9737
10810
11807
9621
7692
541
5599
11311
9172
11574
2072
6199
4671
5307
461
1815
11815
9843
5590
3230
4263
7818
6478
4034
7494
2607
2036
3557
9056
2563
280
8061
4434
3264
8460
9650
6183
7872
6928
11535
1117
2474
9155
3696
1088
673
4498
5013
5858
9728
9386
9726
848
8037
5825
1034
9825
2512
5248
9092
3611
11772
11887
7593
11844
8117
10185
11214
2914
2709
2944
2243
2800
8721
8657
1014
1158
4357
2430
5850
7539
7262
5581
7452
9551
8395
8358
9632
6590
6095
8864
10096
6047
4617
8677
9538
4266
6117
6733
2141
577
10999
2808
6739
3840
3636
8683
19
8468
2688
6639
9667
4499
7532
6058
1430
3257
10988
109
4951
5617
3509
4705
8063
5086
4732
8461
10140
7389
5876
9927
6333
6164
7486
3502
8126
5920
11341
3420
7791
3413
4470
458
335
5201
11672
649
8858
1298
3133
8171
5239
10973
10161
2337
3204
2467
1998
487
369
11032
4420
7424
926
5031
8421
8136
4092
3921
11518
1676
7153
5650
4555
4806
11503
10044
8624
8003
126
10258
990
8389
3817
10509
8453
9114
11167
8064
36
3552
8675
9628
3330
10854
388
9792
1340
2760
3266
7434
3698
9178
9972
5445
11932
440
6812
2959
7777
1494
6858
3854
8566
9044
6460
6849
10431
5051
1235
9703
2319
7387
7615
5877
11078
6532
5363
3888
6973
10628
8730
4887
11684
531
10089
4330
5528
10333
3796
2557
11888
10186
7064
7094
7928
1883
9394
3777
632
7516
10658
9764
7875
6967
2203
2789
195
3013
8277
6702
1932
10502
3662
1005
5274
11654
6370
9187
2526
9314
4464
4212
8205
9735
6937
10910
9250
3528
4356
9488
6950
8630
8621
4030
9495
1510
4986
2780
7125
56
9133
7722
7341
8631
2756
11607
4904
9277
11717
9956
2473
6360
9755
5680
2538
5004
4573
4240
3366
8047
8551
6014
6589
2267
4221
3422
141
1711
2225
7688
6401
9692
8322
1151
7827
10314
10269
8565
11196
9323
4112
5641
11915
5159
439
2549
6509
9999
8036
3274
7066
395
1082
7190
2240
9442
8892
4032
9654
11260
7144
8696
2859
9901
2374
5415
5335
1396
11817
7495
9945
6855
8034
2573
5128
10673
6968
6392
6009
5699
8809
1025
9533
8477
313
5365
7957
2697
4183
775
4392
4637
9254
3049
3301
9186
5897
2438
5785
11609
8002
6830
6443
2482
1294
7630
9035
708
11096
6720
1591
7904
7984
6335
8197
7711
9595
2098
8999
592
8880
5010
11259
6648
5526
11294
3995
398
3484
9315
1554
5406
6508
1316
10485
1492
10645
6667
2781
4156
11178
889
10403
9434
3192
2441
7242
4483
4259
1667
8405
10014
1077
7657
3744
6644
10752
6153
9456
2589
5300
8368
5903
4797
1726
8658
2519
5183
3237
6334
11023
11194
5681
4194
11095
9421
6363
8423
1901
7848
11682
1267
1793
11728
2967
8225
1973
9926
375
7796
11261
5851
3689
6308
2068
9019
11859
11346
7287
6559
4807
11790
6468
4247
10163
7351
402
10518
10612
4672
774
4913
2187
10851
3798
7839
1288
3436
4389
3986
2032
10825
6011
6981
8155
3026
8315
5672
9837
11297
9027
8387
4664
1460
7634
1361
10475
8602
5669
7803
4218
1860
722
5894
6446
6505
2188
3832
9641
6878
11644
3385
4546
964
8305
4110
11657
415
8666
11783
2890
341
11249
2439
6585
10073
666
672
10575
8209
3463
767
9350
1521
10306
2454
5339
6405
7198
2575
3202
351
1051
6282
11186
5509
8620
7039
4983
3435
1845
11761
1556
8379
1060
9431
11112
9218
7119
305
5868
9674
62
6209
5958
11477
855
11374
10981
6977
10350
10018
2828
8756
9402
26
10609
4311
6382
658
6068
6237
10521
8000
1069
4123
7922
8172
5137
1819
10127
8217
5451
1178
8073
2122
2346
9880
8919
10756
7237
5832
10501
6856
10491
8808
11324
8502
5038
3390
11242
4660
18
10358
1584
5793
7912
2960
3232
6112
4133
5411
3113
8417
6454
11365
10532
1869
1045
416
1936
303
1424
136
8597
143
8448
8872
1368
5375
1933
7971
4619
2142
11474
6029
908
6874
7324
10088
4475
5409
10199
3915
10188
11656
1658
7470
11177
5084
1514
11547
1411
9025
1900
2000
7073
4011
1321
6783
3562
5199
8397
8817
3116
737
9765
3300
10906
1801
10352
2717
1070
8291
1243
11328
8188
1338
9162
1412
168
9712
4780
809
11482
10565
2963
2942
154
6372
4374
2845
4500
2787
2637
4038
3376
2140
1781
6767
10369
11529
4195
2234
1979
4750
10394
11825
3935
3907
4443
3823
2447
9407
5401
11008
7029
9160
11206
9440
8768
11052
5546
740
6127
9569
4042
3869
6427
5985
11176
9631
4400
4128
10484
3179
10594
1115
9965
4308
621
1431
8162
5472
6110
3661
5325
10194
9304
8511
2139
6266
3707
1997
2807
10253
6770
622
539
11134
4515
1639
4677
2450
2287
7207
1124
1851
1149
1906
810
3844
4771
5644
7613
9774
425
11358
2401
2726
7300
3214
5424
2853
10430
10242
10655
6625
2715
5267
6689
7328
9568
3741
299
7477
7013
9152
8525
9465
9540
3762
5516
1134
7037
8549
11018
9828
5587
4139
10574
11472
8147
853
10095
11877
11284
6030
9357
8613
2708
8704
10771
548
9459
6815
6823
8936
8619
7694
11373
10852
924
7980
1448
1401
10883
8196
7334
8731
1802
7183
5282
3647
766
9713
9260
6803
8012
3251
10270
8180
6792
423
6931
3913
5164
2724
8615
7301
8874
8336
1404
9547
2779
8705
8025
6361
3186
2970
10035
5193
8416
4785
655
4942
739
10433
124
10986
7508
7606
9070
7107
10640
9213
1689
3240
2107
8766
5096
11446
11305
9334
8538
6290
4202
8685
3824
11841
10068
11198
177
2403
3284
7035
8173
3591
5184
10935
736
4537
2765
4031
3664
6383
3395
6109
6279
928
10297
9659
10168
5878
4587
7856
6171
1360
7677
6904
7208
8794
8107
10566
4282
5743
6676
4051
6482
9054
6191
1818
7112
11024
4402
8440
944
5021
9801
4753
11492
4812
10557
8431
8655
8840
3752
6562
1008
3994
1999
5343
4493
9582
602
6536
2007
4093
4920
9361
1800
449
3996
2674
9539
6154
6694
4237
7188
10799
1874
7298
5131
10698
7074
6927
8759
1387
3392
8550
8629
2788
8813
8927
11727
873
3912
387
7
4129
4588
10276
3634
5912
11600
10420
4815
5553
4355
8271
8309
9325
6882
1791
10045
339
3120
610
2448
10442
2886
11565
9206
902
5596
7944
5011
3006
1699
10280
3672
3643
7542
646
4769
9683
1261
1185
11421
4509
8973
2178
7092
9852
1225
2744
7998
4562
9781
4057
9821
8570
6346
2576
6966
9008
6670
3429
11224
6756
6884
2296
5524
3885
3733
404
4733
1610
2916
10160
4906
5544
7305
290
5068
173
5419
3948
421
1007
11116
6606
9227
3525
5768
8577
567
6091
884
145
10367
7219
1755
4106
11132
4762
5824
9906
1125
2373
6604
5875
1036
1836
7549
2436
6083
7090
7499
7487
3691
223
2778
10629
6157
9461
6496
10196
4488
5156
3338
3952
3626
5795
2103
11540
3140
4691
5888
4130
530
4763
5416
7378
4966
2031
861
8210
6410
7490
3033
7058
1530
758
8745
1809
7930
11548
5591
5191
286
6037
11810
6776
10846
2805
8075
7440
5589
11234
4340
2366
11364
5015
2278
3268
2493
6955
3210
1963
10648
6455
9827
6329
3215
1775
4056
755
10837
7710
10042
7836
5481
9241
4889
7139
5562
7336
807
4912
4021
2160
9817
5347
7686
1485
11447
10995
5893
159
9189
6623
3161
5100
7179
1501
3375
4005
2206
3941
7260
5866
875
4601
11753
7975
3368
1631
11161
11467
3872
11476
6837
10761
7218
1375
4075
7362
6568
5895
1891
8353
4597
2943
5982
2412
9861
10721
3580
4069
3197
8856
279
4655
9989
6940
7335
9864
8561
6554
4869
268
4940
5195
3282
8786
11306
3598
9982
1215
6588
6408
7444
9244
11079
7580
3799
3699
3250
10924
7589
3223
7369
1311
3498
2898
11419
9766
190
11275
1602
1286
1042
1541
6012
4704
6380
8056
917
7937
2706
3548
3248
2022
6918
10154
1915
1259
3917
8187
4813
6932
11475
213
5838
10386
1024
5976
5049
4897
5348
3708
467
9773
951
1752
2211
11455
528
2212
5938
150
3925
3831
4974
4076
4552
8649
1001
2221
4735
11049
9146
2070
5371
8496
4474
604
2664
11751
224
1564
10991
5105
8695
3322
900
6459
11699
6963
10109
5561
7127
90
3922
3670
7171
5550
4796
8134
5453
2949
8057
10869
1176
10268
2772
2306
3719
11437
8360
2035
6608
1100
10685
1378
3166
7030
2881
4932
9071
4616
3863
2339
8208
6135
9717
10296
10997
3178
10124
430
348
10078
7175
4832
8426
5984
10775
1072
830
1033
3898
10845
9523
8901
2350
4635
45
6794
6126
11575
3492
10090
9313
7706
2027
781
3508
7102
10951
2601
7541
3458
2907
3148
9874
6923
3377
2971
5328
9747
1502
1205
4173
1565
9269
7084
7864
2663
11493
3449
879
8404
5454
8956
7002
8351
2599
7318
5418
11322
1379
7332
998
10860
5640
6147
250
11230
11563
7337
6901
10736
8327
389
2329
654
3105
323
6605
9990
3391
2466
6560
11500
8001
10204
11702
7883
358
5136
4142
5155
1357
5937
4184
4222
3759
6342
1181
396
7809
9879
11185
3149
2357
9638
10791
4300
6922
11148
5525
2114
5113
11923
8289
10239
9979
8074
3583
7684
2522
4841
7370
7162
11582
11629
208
171
3205
5428
4853
3932
8019
1721
10368
11283
1073
6895
11429
4979
3958
7108
5023
3753
8135
10909
927
11643
3834
1062
7649
2258
9028
11428
712
10357
3048
11681
4141
2539
6713
4104
533
2547
10809
4885
3592
6851
1937
2080
6491
7155
9847
9767
1981
9924
10062
1289
8160
6326
9209
261
11339
9629
260
5652
3503
8998
11726
2926
6919
10664
10862
10133
1666
5840
5535
8486
8542
8268
10125
6379
8810
8534
3052
10692
6777
11449
8262
2905
6687
1828
10019
4859
1161
9298
4700
7611
9720
1880
2324
8144
6740
8882
7557
4831
4596
4204
6406
6630
6563
11504
870
11193
4043
5532
7047
8026
7109
5192
639
8016
7668
583
5690
42
3536
10826
459
9899
10970
3121
9191
10289
11312
1928
9316
2945
4020
2636
10450
1604
3906
1708
505
3786
10303
1765
5726
11220
466
7738
11846
10856
10539
5491
2126
3295
960
118
2256
11611
5316
1665
6226
9376
6243
9231
7390
8342
6596
1397
11331
8763
3764
8278
7433
7629
7044
11058
11584
3115
6838
6659
8938
3304
8637
798
9447
2554
6729
422
4164
1027
11401
9322
3894
10413
3059
8783
3538
2464
10790
6487
9082
812
943
9460
4524
1548
7163
7643
4285
9682
4930
3743
5230
4875
3517
1640
9855
1808
8926
5427
1221
3112
2315
3781
3277
2583
586
2969
2913
9235
10025
353
2553
5843
6211
2941
6499
550
5821
9673
1028
106
7130
8143
5537
8660
4138
1622
2420
6027
7531
4821
10513
4798
2414
116
6390
10015
5172
9278
1503
9214
9412
5987
11431
10180
9998
4365
5402
2719
7749
1954
4249
9883
684
1763
11661
5955
8192
5722
2431
1108
269
7737
6140
3336
8804
2025
1737
10082
3485
8084
3916
1539
8010
7819
11232
2089
8514
1531
11062
4209
146
9649
4915
1203
8585
11638
5965
1574
6234
5362
5344
9458
3286
4461
7675
3841
11553
5901
10530
11511
7931
10720
9281
9925
6651
81
2746
9980
8467
4877
7406
9015
3023
5014
2079
7361
2193
9069
2158
9188
5040
6203
10261
6040
8777
4277
4921
3399
1833
8736
1654
6318
9727
11468
2608
5078
863
6549
6066
2998
6711
6328
3016
10943
3050
1096
10322
2340
10647
11599
3899
8288
1493
987
7307
2544
8700
7994
7514
10032
11692
3942
1537
6877
865
9268
1971
63
9362
808
8232
2270
5390
8678
11060
9305
4255
817
6954
8719
502
8189
11465
2428
611
4599
11796
1592
785
789
6428
10378
7621
2790
4186
6868
11571
11636
4772
1546
11269
9704
10747
3014
6274
9818
8548
4290
7713
7778
9072
11303
2042
11837
4907
744
7804
4210
2823
2106
2888
7055
5760
8273
4958
10797
6660
8893
7254
9758
11395
9483
8200
10009
6104
3347
1647
7350
6679
11302
1917
1896
3571
11833
835
6248
3705
1709
11448
2266
2671
3993
4624
10392
11914
2733
11862
11742
9232
5496
6441
4653
10448
9695
7765
8849
3220
9709
7009
4254
6023
8957
10451
4103
11501
6570
7246
2153
7597
8118
1504
1970
8018
