10844
2140
4769
5128
9232
4753
9097
5976
7216
2491
1897
2411
5712
11014
6130
475
3823
2628
8360
10132
3121
7613
9844
223
10217
3157
1132
3233
3250
5939
7281
6083
4785
7803
9278
11530
7272
3539
1478
10107
567
863
11855
3042
5031
3122
4256
1699
3204
11024
3654
2962
9585
9061
3850
9343
7390
7557
7121
10682
2358
8822
1766
5365
9807
7265
9926
9416
1762
11340
2400
9200
8640
2796
10710
5923
9935
11625
10026
10072
6716
10009
7242
7954
10348
8764
3868
2521
7476
8232
11465
8570
7328
1775
1241
9137
4087
11772
3581
10709
2967
3680
5703
8732
1297
6729
2276
10118
3080
9546
4552
6003
5686
6549
8430
1306
11720
2907
11491
2990
6923
7449
3255
8957
7496
11843
3429
11655
4428
8566
4715
11276
6679
4283
5569
3357
3465
538
2656
3161
702
11591
11126
5051
1384
7651
9487
780
8011
11195
3420
5255
1924
6630
5344
9533
10458
810
10943
8935
1474
2815
4218
11782
5757
3214
8335
7233
10078
5247
4167
7801
8552
6274
9800
11671
2322
2734
9654
178
2555
270
11294
8037
5191
6311
3321
2153
8164
4454
5544
2123
6461
2887
6101
9845
7965
9413
11141
9638
11517
11250
9681
8227
433
9767
2986
8956
9323
1871
11384
1935
2419
2269
8387
4165
2877
1772
9882
7399
2466
8884
9081
5281
334
4399
11873
7215
3013
5581
11924
3265
9386
5769
5015
3791
9379
5316
8487
3484
1368
2563
1379
11015
7553
1844
7814
3662
2764
2791
7633
10080
11448
9667
5401
2384
5299
3790
1853
8273
4124
10878
8926
260
29
6576
6481
6984
1907
3436
10036
10169
6252
9114
1523
11736
8325
9771
2600
9204
2530
6948
2940
5094
972
11123
1845
11673
8043
7442
7544
7389
3867
10241
9231
107
2954
11661
693
9738
7678
9456
1422
1485
10970
1104
8451
549
9055
465
8354
1566
1278
3580
7818
6315
1176
1879
6005
9621
6136
6959
3958
10324
9746
8489
3877
10530
11338
7253
9983
2096
5758
11629
4284
2080
4194
2213
5183
3427
7760
3322
8372
431
4132
7946
1214
9763
1342
6625
4159
377
11549
2652
6425
9558
3976
8268
6459
7391
7156
3150
8136
379
5113
9178
8444
8180
5479
6380
5777
2554
3636
4777
5793
6686
8197
2187
6409
5119
1653
5722
2445
9953
8873
1969
404
4183
6085
835
10073
10773
8423
960
6648
7308
1078
4385
8659
6847
7616
5519
4646
5002
7611
11031
4668
7598
6247
3512
10296
9325
3251
8007
1171
8883
8018
10440
4519
10428
5381
11413
8498
9477
7382
10441
1826
3525
7157
7585
5947
8557
4480
11445
2294
9702
758
2611
10203
10980
11752
4732
3691
4447
10016
11286
3805
9924
7116
5915
10538
11509
10694
8102
1144
5209
9294
5427
519
2818
10258
4337
647
3940
9964
8997
11727
2473
900
9537
9798
90
7226
7127
10959
7531
11230
2403
11553
5959
9470
2661
8201
2052
8228
5460
5623
10215
11441
1611
8057
3770
2931
7135
5029
3275
1034
4168
7973
8703
9540
2339
1817
11846
11877
9569
124
2689
7850
9902
7588
7208
2708
8192
11477
7055
1017
891
5650
3591
4065
8426
1140
11656
3422
9235
10206
6829
281
10566
1801
5726
942
2467
8333
2315
3439
2258
288
2719
5271
2501
4663
2113
7991
10626
2222
9658
11472
11211
6473
7422
3339
8183
10711
7144
8151
9916
8838
3097
9286
2374
4007
2341
5643
5524
1036
9781
10168
10235
3843
8457
8631
6049
459
4915
10205
11243
5794
8916
1431
1729
6945
2953
10874
1842
9272
10783
8921
3305
11059
7443
7045
1502
11096
6919
4661
6228
4286
10421
7040
9836
11503
9258
8424
5129
7004
9856
179
2681
4222
3005
2851
10046
883
5320
1090
3898
6144
3079
6292
1081
11680
2328
3994
348
11765
4069
5672
2833
8610
6127
9600
8025
10476
4726
10061
9764
1658
7513
5598
8615
4880
11608
6777
8282
5482
10402
7837
2342
9116
9524
10271
5533
1878
5086
11816
9501
2881
4911
2331
4804
9377
9574
11421
7342
407
10322
10550
6023
5627
7046
2565
3935
1330
1351
7269
10231
10257
10386
8917
10494
2594
8759
11364
6769
71
5388
2447
8398
8565
3152
10935
11130
4889
10469
4754
8891
4948
8664
2414
11512
3175
4025
7839
10456
8534
4714
1432
11069
11314
10134
10412
7840
2871
4420
7532
11481
3130
5131
2421
3418
7823
7785
5995
2977
8533
1396
2239
4276
7029
2169
3228
5608
3904
6090
7802
6176
2913
5813
10447
600
5057
2184
3337
3645
1852
10932
9324
6866
3996
10703
4320
7517
3170
2112
4556
7398
11869
8575
1914
4020
123
4373
3024
8558
11097
5419
8142
2459
8205
3241
5065
11889
9404
8425
11728
6758
5138
9429
3409
9938
5253
1332
3319
2645
6589
7623
2603
8062
2959
11008
8170
6347
5037
6963
5723
3158
7089
8237
5353
2125
10666
7336
9047
5257
4317
945
2909
767
5273
1954
4697
8117
5992
10951
6913
330
1549
11310
4581
1565
811
1519
8723
4691
10745
9550
11851
11158
10872
7686
1288
2772
10764
9690
10091
4445
3176
6543
5417
6614
3660
7201
3547
7252
28
3854
2355
9774
11500
8305
7009
7829
10577
11918
2531
7836
6300
398
2527
11358
6032
8010
7461
1815
10109
6281
8937
10826
8008
10468
450
3834
6291
9838
4988
10819
2314
3998
7641
11617
6508
10189
2483
1977
2121
9038
8028
11521
9773
8525
9892
6604
3050
8101
4232
7021
5156
4959
6064
9846
7480
5969
2085
9755
575
1458
4436
1331
6117
10096
8763
726
1302
4209
1860
10051
11801
2382
10153
9900
5102
7301
6572
9251
7521
6813
5490
5670
4698
2724
1055
6307
3980
10179
6320
1586
7362
3851
6667
235
6775
8647
1161
4832
159
10923
8795
2347
133
9963
7859
10583
11808
4128
9757
10359
396
7506
4241
11864
2882
169
10225
1476
4479
88
8782
11131
3008
6918
6859
6477
11328
11153
9592
629
665
844
10433
1793
9421
875
7134
189
8938
4897
2593
1698
6184
6275
6598
11296
1086
5024
990
4799
3753
7184
7344
276
7325
4682
3408
2077
691
2475
6676
2130
7749
5176
1285
7575
8189
5824
2159
6720
2715
7072
1802
981
7863
2702
5517
3741
6045
9740
9159
8595
7498
7451
10343
4654
108
5310
8081
2252
9371
4779
7037
10007
2177
11204
6202
2320
3463
5698
10564
10406
3143
1447
4580
7352
1608
8290
5546
1009
4956
10081
2162
5499
10262
10252
1773
9295
782
6365
6342
6849
7108
3296
2780
9145
3327
11333
10763
1152
7083
5172
946
4483
11267
2351
8568
2738
11932
6500
8918
7902
8880
2935
2584
10311
917
8622
4925
6399
3816
8485
2924
11392
5312
9843
10511
11761
1280
6093
3494
5861
6532
10446
8948
1610
11428
8731
765
4174
6434
4102
2989
7683
8395
7722
8808
1648
7062
8611
7217
10754
8605
10171
11580
10892
2806
321
11438
2629
11819
6858
5352
1752
106
5373
7171
6743
10971
10316
10572
1071
10908
4093
3376
11733
6172
11779
9630
9961
2457
10558
7604
4887
5924
1754
694
9911
10342
5496
4903
11788
843
7035
3880
9209
5957
3336
11285
4653
11796
10897
7202
4453
8975
187
5175
8304
9448
4254
11179
3570
1961
3348
10136
7400
10384
11756
7640
8766
11121
1676
2423
8673
7828
44
10214
10914
4751
4994
8047
1925
5402
6236
5012
11430
648
6354
7660
10249
3664
10972
3142
11162
8773
2387
999
6893
5697
115
7292
1169
6815
6362
190
11683
5596
4609
3844
10825
10396
5940
8406
7606
160
8547
195
4237
2106
4473
5078
6148
10797
7732
8352
6338
1530
5186
7351
4780
10194
9889
9308
3788
2392
2166
132
9298
6742
11800
754
11412
5406
11135
5275
1628
6013
6563
1375
4965
10791
10833
11159
4672
5130
5211
1873
4850
4340
7782
6131
8993
3313
7560
1890
9899
8405
8791
429
4833
2744
6157
7470
3284
1060
3913
280
1483
3672
1691
10620
7909
2266
10799
8377
1269
6067
4814
8064
5347
8980
1217
4745
2040
182
6496
9622
6568
10005
69
6302
10062
4763
6752
8676
5669
9277
675
11292
6280
2242
721
3105
6774
10357
2099
1181
5392
7688
3258
4655
6201
8138
6237
9830
2248
4353
1208
2286
8984
1340
7067
2798
10645
11053
4299
6995
6212
5805
358
6343
3167
1376
8577
7937
11139
8484
10856
4196
2179
6437
2630
4187
5444
6146
8107
2436
9988
7333
10486
2410
7812
3611
2657
2538
9847
4328
7418
5491
3259
9744
3860
2679
11707
4148
9447
6282
10159
11710
2149
4038
9772
11329
8309
11240
4871
8705
10910
4257
1401
532
251
4401
4463
4749
9146
332
10514
10883
4627
6812
4355
3601
8200
649
6713
11526
4429
3392
3058
8198
2574
8579
10260
1087
2842
1199
10896
4788
10536
11754
2063
10919
10070
8624
6390
3192
9236
4912
803
1780
6633
1591
1296
4807
5356
3651
10071
5267
9449
1953
11814
6416
7395
10838
9874
8226
3552
457
10450
3796
7885
5987
7251
1125
125
272
4813
3841
612
3571
8988
9307
1918
2124
10888
1270
1574
3310
10918
830
5802
8434
739
9541
3813
18
11711
3022
4265
10018
6450
9289
2635
9164
2553
6581
8074
10962
8495
7477
6877
10152
9123
10700
3628
6613
7361
5487
3625
2591
6887
10239
11832
1548
366
252
7377
1779
9657
9424
884
8316
10728
11890
15
1881
3480
11738
9326
2170
5654
6147
1755
7316
7524
9360
596
2446
3732
11538
11718
7720
9358
10815
4914
11689
2257
9467
9107
11529
2350
9557
3840
2069
6094
1068
7702
245
11432
9064
9999
9223
4272
10548
2206
3723
9933
8061
2998
9053
5550
5568
9161
9261
6166
1663
5308
4617
1761
466
686
7559
7947
10025
11196
7369
3066
735
2895
3257
5591
10586
2746
1790
593
9288
11178
11054
11455
2160
8441
403
1257
5661
2296
6504
7730
1986
872
3311
4466
8642
1496
3887
2508
1764
6100
7733
10837
5978
1311
4408
3780
5400
10736
9783
2547
4525
910
89
10880
6200
5851
11279
8515
243
11050
181
7703
1315
8648
5694
3194
8637
4537
2683
8686
3899
126
4680
9692
5741
9245
9937
10576
8083
5372
9393
10590
10492
25
7278
5201
7625
10955
5852
3934
4142
10253
531
1989
9980
10656
2735
9450
11090
8900
10448
9385
6957
4311
10817
10279
4383
11572
1644
9721
9839
956
9946
4974
5850
8989
5716
11284
11122
1514
9469
5731
4029
4057
10619
9785
9871
7261
4358
613
3545
3390
2904
9341
10639
4348
8548
658
4061
4248
11823
3538
11068
2941
5336
6695
11106
2211
8597
4078
10631
6526
3085
7298
10925
7746
1242
11257
3355
3132
97
9603
10170
7436
5021
8606
9917
8359
3858
8120
8947
1303
9378
9439
4608
9629
9296
5875
1891
3156
3366
8584
3269
27
4247
2899
2717
9762
6140
1567
6068
11863
3033
9668
2454
9717
11269
10870
8702
7666
4869
4330
9484
9253
9818
5471
521
10144
8971
9019
11395
5173
1933
3966
4384
8818
5147
7003
7271
7993
4659
1127
7175
8529
8675
3264
5290
11198
9070
683
7182
919
3103
5725
7103
5105
4147
5742
11636
11216
5096
6270
3069
5300
7075
2936
740
1231
5177
5753
7576
8801
2985
5986
5229
1547
6040
2205
9181
3520
8621
7935
11088
10187
6139
7270
8169
11657
11018
673
7193
9639
2610
9056
10747
1091
10855
9198
9259
6562
11619
6370
6036
10439
5104
8063
4560
6289
3023
3400
7359
1811
9803
9280
5474
4742
4321
10584
9276
2185
9188
10942
10226
1350
1018
4677
1717
3266
550
9492
8925
9018
3529
8271
800
4958
6072
5779
6914
8740
11238
10473
577
731
5624
7378
3566
10861
8856
6000
1495
11581
4968
4354
2430
1420
3492
1469
1136
11527
8694
11306
1846
1522
8507
4562
10388
980
2428
420
11374
7315
5897
4598
10315
8867
9576
2493
2035
1099
5110
1782
11621
4329
6030
2546
5780
4255
3374
9485
4097
8479
9799
250
11709
1124
7379
2999
11540
3926
2134
3222
4416
1221
3232
1599
6486
6290
4940
7767
1743
4409
9430
5625
10387
2401
729
3240
2691
9252
628
2673
11715
3349
5941
4803
4716
9110
8145
2409
5605
326
10836
6491
1619
5429
7751
3879
7712
4853
9099
2504
8862
5416
4996
3888
6158
2203
8002
10609
1116
11349
11107
142
4812
1109
1430
1829
4644
3356
3598
5059
8497
578
3536
4192
4015
5600
5815
7729
10608
4637
11702
11052
11547
8308
3491
7314
6658
3330
438
701
3391
11256
3094
1477
2221
1747
9591
6999
9870
5462
2720
1694
10414
1032
8683
2517
4943
6299
11040
8494
7346
2625
11737
10333
7039
2583
34
9117
8749
7786
8684
4457
6553
6760
1883
5904
368
5542
9133
1792
9753
3278
9539
10180
7076
442
8543
4816
9414
226
5140
8772
970
7490
6487
2062
620
11926
5688
11431
4727
305
5330
7792
10809
5244
9872
7396
5559
11420
5246
9675
4938
6929
11194
9244
7030
7317
1473
6684
6705
7602
6677
4588
2158
744
9191
4113
9677
7107
7056
2116
2637
11575
9739
8322
9736
3939
10701
1604
6445
1558
11907
5155
6337
9898
1449
11409
6624
4012
7335
5714
997
6965
2674
1744
6279
1870
7012
5194
7100
1683
2441
5751
7246
1600
10708
6570
9729
3701
7647
5662
3301
5778
7535
2053
10017
10906
5393
393
6541
5132
3489
962
8367
2225
8026
11891
11180
8046
1896
8439
8979
8098
232
6689
8296
4367
7804
5456
10846
6092
7875
1421
9109
11845
622
5006
11690
10178
682
8030
3806
2023
6265
7714
7179
3230
5210
4103
11
3057
7404
7926
963
11035
6010
10188
5564
1689
9620
11346
2897
4849
9083
657
4515
3817
6191
6805
10154
2386
4005
8146
3737
8071
6244
11602
9811
10303
3923
10055
443
619
8756
8857
7523
7899
1613
1442
2486
2458
9101
4471
11160
10952
11248
11618
10725
8469
9152
6497
9384
4916
2359
1798
6840
6373
3734
4229
798
9578
6122
11045
497
5455
9433
2774
5411
924
3185
5640
812
10306
10981
3564
5075
6226
6837
8829
10753
3030
9170
7273
1820
10280
3509
7999
594
8350
5463
7631
6706
8126
7183
9974
4032
1833
4506
4876
6803
9684
295
7334
4231
1394
893
7471
10746
6011
3724
2699
2365
1816
8614
7975
5615
2474
1631
1082
2265
8152
8039
4717
1962
2054
10766
9187
10
7048
3952
3375
2808
6163
6218
4614
1190
11729
4534
3304
3043
5983
974
11215
8243
1243
3789
6524
7236
9096
6733
5649
9443
2268
6392
3769
5641
5795
11342
9024
9879
4304
2259
1322
2590
2455
9745
11774
5528
9827
2223
5788
10207
11463
722
11222
11769
7980
8550
10509
9465
3286
3473
3454
3430
10496
7679
2544
2968
7300
3827
4052
3629
5028
10104
8903
3835
801
9611
6057
5589
10816
8417
8137
4536
4402
1937
873
470
9475
7579
6153
10376
4840
1655
8928
3456
3393
8331
6905
486
6724
6730
3111
10142
8332
10761
595
1324
5076
8817
5825
558
7652
1718
11099
353
8524
10649
10455
10987
2197
7262
11152
4438
11387
1466
4380
7426
8954
2870
2018
1115
8539
4246
6514
5537
6779
3781
6671
5910
1617
2616
8793
10800
9947
9267
9142
11743
2495
7594
9281
5677
5389
10216
1981
5345
3248
1225
3300
713
6328
1720
9215
10664
10890
5038
2805
1168
4382
736
7958
2304
2357
2949
10873
6298
2509
9434
6856
6527
7809
7084
7530
10909
5561
10432
3447
10368
357
204
4652
3246
8774
8811
2008
7848
5003
3096
6869
3345
1991
8858
808
11414
10198
6797
8125
8000
7199
9758
11585
6977
4249
8955
460
2014
3673
10088
2196
8532
1313
10477
43
5030
3177
10592
4011
1194
9431
3615
6675
898
8315
1789
8830
10520
8872
3617
10222
1500
9709
6112
10041
8415
2089
4977
8901
4798
10936
5023
5157
3437
425
5339
6509
8021
2135
10755
2395
4689
6991
640
3475
10459
9008
934
10464
1527
8313
9304
11251
7540
11229
2727
10748
10780
1325
6594
6895
1709
4796
3138
4193
11418
5770
188
5056
8827
9225
6246
11004
6121
8578
8748
2081
1581
3377
3507
2873
3386
6126
9909
1501
745
1807
2243
8358
1546
2215
4546
11734
6203
4592
8208
5833
11701
2779
2638
11006
10698
11528
6994
6162
4111
2033
3787
11051
3908
10415
9710
8097
5212
541
762
3106
5309
2234
11206
7787
827
1343
10133
5633
11259
11157
6389
7119
9519
1307
511
2472
506
10680
8521
10449
9154
3665
6958
10095
234
6441
11112
4393
7900
4204
10378
367
3682
4220
7066
7886
10087
3725
9810
5842
11896
8092
4709
906
8569
11879
2499
2025
775
2167
3224
11931
2754
1206
503
7370
892
5922
3710
8433
3051
855
5895
8109
8665
11061
9279
6954
5759
5966
1887
10667
674
6544
11089
3346
2283
7453
1077
852
9972
6455
1978
8378
441
11818
7542
3026
3417
6499
171
6324
2171
2522
5614
7800
610
5424
8765
937
1656
2824
3075
1827
9835
7110
72
5905
8965
9891
198
2045
3878
10140
2151
3382
11427
4344
9332
3527
8135
4808
4759
9514
4679
8376
3779
4589
1262
9087
8669
6029
8016
6001
11322
9936
5977
11234
1
10864
3048
2490
4110
4623
447
9682
9862
6694
5931
8540
1365
5849
10734
7416
2627
6936
7784
6410
9082
6047
6210
6012
7417
988
8687
4240
9613
2492
4400
11666
11466
901
879
448
7903
1550
10547
3777
2710
11312
11510
2449
3526
4138
3076
4790
2439
3502
8421
6972
9495
9528
4787
5930
9969
3287
6113
3413
4564
6470
5258
6738
888
10968
6028
6795
11799
5525
9062
9888
5374
10898
7162
4929
6351
8919
9612
4051
8369
4987
11161
9965
6353
8251
8475
5256
1016
10824
5883
9979
11807
8287
1000
3931
2747
8586
375
1271
5001
9339
3320
8583
63
3071
5218
5481
8306
9150
10340
3661
6208
6407
9782
5607
3609
2284
9483
7841
4079
4443
10581
11870
1001
1908
11682
449
8452
3148
7587
4700
3184
3933
2279
6597
11548
6641
3221
3948
8660
10915
6874
11436
6714
10610
5337
3831
6209
6535
4139
2090
5154
2653
7409
513
1095
440
5064
551
676
3907
3219
9663
2288
10969
8720
4707
2060
6273
7550
7065
5435
10510
8559
2207
4893
807
7207
791
4967
7953
8144
8199
6316
7765
9802
2925
81
9321
7120
9250
11837
200
8413
10082
8875
4313
6021
5820
4191
7209
524
395
2108
36
9547
11148
6271
3347
4221
1122
6360
3247
2376
8574
3457
7508
4553
7747
1069
7287
1861
5082
7551
947
2176
1198
6949
10882
9645
755
1456
1316
6374
8370
4574
9577
209
1333
10393
5652
4059
5500
3915
11751
2655
2976
9730
3089
4339
3885
7013
6039
5631
8371
4101
5663
5822
3187
5823
9719
866
11355
4356
7748
7326
9726
717
10286
10429
6927
2009
11692
9054
11706
10379
847
5073
9962
6704
484
604
3312
7505
10989
6193
992
1882
756
11476
11033
7794
1491
1180
227
5973
929
7525
9349
10350
7002
3017
4114
3643
10172
11104
6992
3957
3511
2468
8174
3133
2978
1528
2329
349
8973
4003
10924
8052
10743
8297
7507
5383
11558
11913
927
2675
557
2827
10527
2753
11320
7742
4906
3735
4861
3754
8629
4570
9494
8216
9315
6784
4628
8628
3620
6243
1909
7000
6102
2621
7621
2168
7777
10977
10295
6865
8512
4923
4789
9367
467
47
6770
4526
6739
533
4176
4952
9069
3238
2917
6468
2608
5111
2251
772
11598
2405
6383
9394
1680
173
1179
10655
422
4202
385
5705
8496
11915
4212
10185
7154
2313
9060
4770
9262
9205
7413
9389
4398
434
1406
9000
37
10116
3359
5465
1662
8885
10630
168
8027
2094
3364
4104
6522
9960
6472
3554
4123
2189
8871
7469
2330
9727
487
2133
11844
5384
8881
6387
4859
6687
5893
8091
5626
4561
573
7163
170
10716
11071
1203
2502
4571
3815
3438
6900
10901
7022
2539
7363
10793
7432
10635
8155
3922
2988
667
6495
8246
8403
10397
2312
1025
10293
5415
3044
11337
11637
2915
4930
8865
3755
5136
7757
4075
3196
2072
4213
1142
5949
4094
2041
8466
3797
1972
11062
510
515
11764
1487
9893
8831
1188
10149
11360
8127
6189
11852
2545
11763
4273
11297
6968
10973
8017
7854
9334
3160
11611
6831
5695
6135
3015
1968
2612
9901
8520
4517
623
3210
10594
7659
342
206
5878
10050
1145
6460
5606
9171
1073
8835
11149
2752
1053
4619
530
9044
10568
4290
9801
9479
10512
9180
5526
728
7759
8757
4563
9747
4743
11868
1545
7468
4543
834
6480
9478
5914
10460
2859
0
8450
10196
5518
1167
4824
5552
11490
6668
2799
3282
10756
4867
8003
24
2306
10151
8279
286
9720
7931
9305
3449
3455
5114
7949
62
747
9502
10405
474
6635
1800
2906
10044
10737
11520
6741
6391
8351
6056
10108
6478
8317
8353
8255
7053
1771
10268
2233
6642
10143
7927
4293
11058
7920
2826
2214
2079
7332
2726
3950
9587
2348
3004
8658
9330
6778
6855
611
11557
4499
10964
565
9929
114
1204
10098
9510
9583
3988
10934
10329
5039
11043
8722
548
4805
2814
8261
8930
325
10739
3644
5680
9007
10674
8685
5077
10365
2923
8934
4049
9227
244
8767
1028
98
10483
9396
8388
961
7310
4024
10851
1979
7074
5730
2178
4274
6498
7102
7229
3147
10559
9505
11518
10186
6099
5911
5644
8936
6075
9153
6626
9701
9910
8961
5929
539
3655
10899
9370
11367
1347
6947
3006
2602
4960
2333
3696
7692
11871
7071
9124
2413
5685
711
8650
6596
5744
9971
7047
1753
6326
6199
10338
2465
5032
8363
3166
7901
9423
7206
7674
9118
5263
3276
8324
3294
5508
7697
6408
5085
10881
6256
11828
483
2412
10789
5334
4744
8713
4573
1906
5208
10699
11258
10519
3277
1864
7558
9078
1630
2648
5447
7200
8156
7568
277
7109
7372
3411
1685
7783
9523
6433
4058
5724
6631
1061
3960
10313
11905
3016
6432
11697
11881
5451
2607
8343
2278
3012
7694
5560
136
4502
3431
7669
4615
100
11270
2816
9982
512
5445
11186
1010
11350
9088
5011
3714
4975
26
3052
10563
7373
8385
10267
5428
2845
9794
5380
1105
11151
2540
1359
11492
3368
7976
5050
4870
3656
838
10411
6567
6363
5653
568
8488
11447
685
11485
1159
137
5292
7137
1080
4013
9989
4303
9290
10285
9422
10600
5632
10926
7921
1323
672
5867
1494
1266
4200
6833
6333
1564
1358
3745
3761
10847
1046
10554
4470
3619
4472
8065
8848
1134
9065
9119
2349
6732
5329
1414
9848
9242
1675
421
5847
6652
2943
8110
1411
6505
10950
7929
11401
3402
9270
4106
7675
6227
7936
2701
3826
7512
4119
8946
10197
9143
618
5786
9442
9224
1703
10771
5121
4056
2778
6533
5595
3876
4884
9072
5145
5958
7125
7064
1910
11225
3717
2762
5752
11504
1226
5382
3149
5912
4266
5964
8124
3727
3239
6643
1923
5886
6939
10438
6120
8516
7495
3116
11917
4725
2368
10843
2807
4264
53
6335
10413
5913
5087
7181
1232
4327
6993
4896
11576
8179
5049
5163
8909
2684
874
10801
3772
7522
8755
5536
5248
5982
2700
1674
825
7944
11376
11627
331
3746
11922
5636
10135
7838
1970
7917
2692
7063
6666
4426
7755
4761
199
5739
8911
784
1215
10451
11213
6103
10988
4039
7793
1654
5996
11114
9564
1249
3394
6055
4077
3997
9908
3034
9828
10287
7345
6515
10889
3687
10491
11899
3223
8656
4169
8397
6531
10068
1123
6173
9907
4582
8165
6612
6002
5838
7515
9015
8768
10014
7458
4671
6018
80
6571
3800
6930
971
7773
5019
4650
1964
5832
10284
8206
7450
7884
8809
6896
1195
2672
7371
2934
9268
3186
6216
478
2022
10261
6723
9162
2105
3485
11555
3025
9206
7821
1268
5379
9412
413
3151
308
3095
4786
1051
5069
6253
10719
8710
9051
2481
2402
6740
5040
6688
710
7433
646
8620
8218
2576
3384
2671
6082
8786
8594
5399
1707
2050
8089
1260
6823
8314
1638
1622
7998
1244
8695
10403
2880
7614
4245
1235
7658
2841
10960
700
11368
4551
2485
11268
5804
5667
9790
7297
2886
3183
10820
3516
9398
2070
4501
1763
7188
5577
1107
3726
7189
6442
8668
11583
218
1465
9028
773
3444
3124
1196
7090
4095
10640
4924
5327
1041
9362
2890
5265
6110
1620
4205
2229
11790
2301
1468
7387
9357
1385
1294
3584
9956
11025
225
8991
1901
9368
3053
10010
5220
7983
2338
8462
7569
1539
4606
2761
699
1366
6364
6757
11850
451
11859
7260
3283
5042
7
1464
3220
829
9703
11475
11171
3773
5443
5325
9312
11841
6405
2619
3537
7091
9263
3553
191
9314
10240
2518
2476
11295
6288
10027
155
10475
2846
4461
1383
4578
3751
1339
11142
11810
11681
9395
9033
7904
3589
7966
11060
11385
7225
8394
8196
4130
11239
6048
5013
7918
64
11545
10423
9934
2068
4843
1289
6050
1945
5679
11908
1828
9538
564
7296
501
2916
9074
5095
4591
1719
7148
3678
7274
11440
11601
4771
2664
4607
9793
2942
4660
4112
9708
6569
7684
2340
11834
96
3588
8758
8471
5276
6310
1818
2765
10905
7368
6239
10654
3825
10162
7873
5067
2706
10986
1825
5375
469
11684
10063
11664
8803
10585
6381
9333
4309
7955
2422
11745
2599
1450
8677
1170
4390
5055
7406
299
5676
4347
7440
2891
666
1808
8088
10565
5869
6802
3942
11806
6344
5717
4435
5501
9029
4448
4484
3421
10150
7791
6446
6967
8253
2067
314
11304
9880
2868
9240
196
3557
7211
8019
141
8299
10288
766
3941
1160
5993
3752
9664
4375
1520
6867
240
144
9407
9513
8288
1486
5814
911
3302
11313
9
5202
10230
4489
4282
9503
7146
8972
2872
5597
11170
2042
9919
9852
9128
1557
2787
3824
8737
11115
8298
546
11897
6517
7381
11468
1393
9728
9420
2293
5361
8390
4105
4490
1151
3916
10869
3077
8115
6020
4735
10465
7487
8943
11302
3314
1601
10945
3832
8863
8998
6876
9601
2404
8693
7715
9522
5446
5762
2188
8044
3503
8362
10961
2698
6540
5100
7971
6077
935
177
11735
1797
5478
1054
2869
10248
585
6864
5865
6649
10276
10457
4949
285
46
1627
5091
5535
6469
1045
3743
4500
11783
9928
10721
9506
213
1576
7868
4219
8082
3358
584
7494
11457
4934
10900
8522
5408
1824
11537
1730
8414
2356
845
10431
1934
3203
7044
3949
7431
5033
3530
4258
5965
8404
2582
4092
7224
5599
5355
11332
8538
9353
5425
4767
11906
1869
11815
5262
7661
11780
6482
5789
3607
6095
8604
2241
9090
3215
1088
10064
8802
9614
3113
5554
9656
10485
6617
8217
2728
9380
11351
3978
7919
10879
8264
4301
10636
5903
73
7964
224
2852
4357
9883
11826
5515
10685
7173
10195
1693
3674
9659
965
8182
6911
10079
1657
7397
8700
7766
10829
3845
8576
45
6615
639
258
8613
2836
11437
9199
5488
154
388
6891
7945
3579
9476
1070
6909
1405
4464
8435
11484
253
10735
5831
5732
1559
2438
6019
2654
11266
1531
3062
1739
186
6054
3574
3519
2994
3798
3556
8709
8250
5348
4285
6651
7017
5671
3602
692
8259
10622
1928
4555
7038
555
8153
11396
8344
4366
719
6545
4857
6786
3435
11716
871
10424
1532
3744
7913
6031
6839
11274
11223
6424
11753
5523
1541
5139
4518
9718
4979
746
7882
10394
7036
5622
2051
9207
3499
5573
7846
11168
290
6623
8889
11009
6417
10784
2598
5195
56
771
7956
6974
1224
11746
2855
10811
7580
492
8876
4407
10474
8728
11357
10190
11546
1892
4185
11085
11095
9954
9134
9342
5678
1915
6038
11914
6931
8821
1919
7255
1014
7696
7719
3292
11078
10015
11663
3895
5231
7010
5391
11321
757
7894
11760
4605
11446
2394
5616
1133
11789
11693
1423
2006
1626
6788
6536
6046
3814
989
7872
3718
5928
3476
9854
9610
2969
254
9425
4346
2510
10522
7548
1951
9182
6220
4768
5141
8504
9573
11904
6306
3903
5796
2360
3474
10862
2733
9944
2535
2036
1636
9884
4439
836
1304
9906
6985
7128
4995
3924
4178
5776
1701
3646
3642
10401
4310
4267
3354
899
1024
8252
10658
7427
8336
2240
11809
3544
11369
5994
11762
2987
3211
5274
8953
8291
3213
6766
7963
10233
1647
909
864
8278
8898
3493
10304
5371
4762
3195
8209
5902
2636
6516
11207
1736
5991
4544
9340
1027
4722
10999
7632
1185
5642
1774
10375
1537
8289
8799
8674
5543
4852
7570
636
2311
9034
9737
4371
6490
52
4511
5803
6073
5660
5293
738
7855
3508
5866
3419
3412
5761
1052
7408
6561
11544
8219
2198
5204
6427
1098
9179
7741
10221
9002
7822
8106
8836
3498
8783
3808
2142
5437
2760
146
3881
2835
9344
7080
6599
11187
8567
7085
10223
2536
5932
7668
10419
3750
11565
10259
4524
8449
2071
2790
857
10871
4230
11817
6428
6175
10523
2810
10131
6129
6765
2575
1213
4345
432
5498
11404
1341
6167
10637
10325
7136
2143
1806
7008
4713
5397
11860
7630
7099
2049
2620
11564
10369
4250
1261
7028
4042
6138
3759
8001
10575
4516
5492
10395
2366
3318
10161
2634
5545
9126
6990
7994
1942
8966
5480
1971
8612
4858
493
8974
10482
1996
8982
7380
6670
3340
10125
10034
2646
1329
4986
9001
2961
4904
6761
412
11214
8719
7264
5798
479
514
10718
4907
1064
7318
10122
10117
7327
8682
4772
1734
8651
10944
8777
9780
5238
6041
3708
8776
7424
9488
10657
7566
7778
5767
1321
2367
7883
9297
6885
3683
8866
9196
11539
6108
5572
5469
4349
2665
55
6560
3267
4085
2202
11260
1872
7865
10692
5634
3341
5158
6787
8244
1635
1484
2832
2249
5950
4931
3115
10321
11495
9089
9025
150
6892
1253
6940
5434
6901
8714
1952
4096
9361
9406
2927
7543
4374
2709
5784
8853
4533
6910
6756
6444
304
6639
2526
488
10693
5843
2626
10665
6194
8678
2945
4760
5264
5150
5122
152
6084
4133
8090
38
11063
6748
297
979
4150
4875
6229
3458
10845
4210
4886
287
9647
10599
763
9829
10160
8277
7758
7857
1640
5760
2078
7243
6966
7454
828
5123
101
1664
7922
5084
6814
3663
3961
8855
9243
2951
11277
8927
9594
1397
2781
504
5363
820
7776
2573
11590
11499
9213
2377
6551
6747
8981
6832
11644
8128
4643
376
10243
7057
6453
2194
5335
5563
7634
4291
9359
8461
6848
1097
3510
3653
2043
7670
6436
5409
6685
10060
7589
8341
7704
2592
2500
3372
9135
5109
11176
1370
2157
7930
2844
9855
4129
3690
6361
10008
11185
1448
6731
3897
10765
4412
9640
4601
8738
19
5877
6659
222
605
5955
11022
1944
1555
5604
10726
4421
7750
10176
1413
6128
7360
99
2511
1602
8408
3453
8542
5473
1006
7425
2477
7819
5582
9551
5689
207
7677
727
5699
3098
1402
10792
5418
3930
313
9468
11824
996
10224
4214
1783
6644
2809
10251
1960
1681
5579
9776
4268
4201
9604
333
4227
645
5510
3962
1646
574
2864
6014
6860
4376
2958
7161
5721
10204
8134
4662
4941
8912
6414
10528
1251
982
4263
8839
4465
339
8844
11787
10532
10330
1492
7638
9052
10806
4636
5690
10045
882
5307
4452
8711
5555
439
6975
6981
5483
5266
11026
1637
4083
11700
837
2589
2088
1044
6982
4724
5879
5321
8108
4033
9402
987
4122
10762
7774
3600
4776
7820
11032
11675
4976
35
9775
2512
10770
5227
9141
128
1100
3060
9020
11391
8399
7586
10807
10383
3385
4895
8804
7687
10035
208
3610
394
4978
7892
5562
6419
7364
7504
1284
8541
5010
2292
1223
10653
5284
11366
10033
9548
2013
7832
5829
529
10307
5830
6435
406
5984
4184
1429
9586
1621
4312
4372
2860
5464
7620
3140
6822
9821
8792
3925
180
5230
8188
5058
6164
3041
5354
3088
8173
6198
4203
6838
8899
6443
6882
278
5357
4419
709
6346
2662
5580
2688
2104
10358
8846
8486
9045
10555
1880
5237
5442
11036
4166
127
4862
4050
9619
8407
9992
2878
2756
2132
4885
592
3886
8181
5635
8270
7407
344
1997
6065
5222
8468
1672
5766
9981
9241
3647
3635
11241
10374
7693
476
4778
11023
11609
11927
2601
11708
9735
1554
2482
4391
7459
880
4696
11699
1745
4425
2310
153
9731
6382
7597
9026
8970
1556
6217
9466
2086
3125
1295
11081
5168
3293
1799
3863
5968
3464
2058
6616
6372
11275
3853
8603
5687
853
10294
7093
7967
3114
3399
236
4848
10069
162
6776
10647
4888
925
11719
4034
10289
2823
10529
5870
1765
8
3031
3249
11305
5199
1837
1279
6608
8459
2952
6751
3833
7526
1250
10612
4040
10106
3274
4493
8588
10917
8326
10545
2274
11044
5933
6653
9861
6783
7571
4651
2456
5185
6245
5048
10842
7415
2751
9080
677
704
8633
528
2572
7713
8712
8736
9440
6283
3977
7740
799
8952
7155
11422
4634
10331
9348
5249
10467
11872
3035
6336
11842
4182
5509
3762
3383
9915
5651
8056
936
10518
2609
4022
10054
2503
5240
1357
542
2567
10963
4733
2789
4866
2061
7126
5859
569
7710
9415
5985
9100
3003
5857
5946
3021
7101
7768
7299
241
5127
2716
1113
1781
3944
267
11375
10860
7011
1503
7866
1131
4481
9322
8962
1836
8502
10672
5942
9542
3462
1843
5338
6009
10582
3107
7414
1388
8754
1234
926
10037
65
8342
6190
2323
11717
6262
5203
2107
10234
7831
2557
5951
5821
2863
10024
1959
4394
1374
2834
1888
4587
8514
3445
5328
6401
4277
7562
10712
6792
9108
1286
4362
10297
7145
7337
9584
7895
2908
789
2950
6580
9222
6964
6471
10887
5841
1521
5068
7643
10617
1710
943
5811
1222
7974
1314
4705
809
3338
4120
7723
7615
11429
4681
9411
2337
3112
7503
10549
4157
603
8442
9037
11519
2537
11193
7603
9335
1973
4969
4933
7830
7756
8075
9567
7444
1062
6489
10684
8245
1239
2792
8503
3706
11247
4830
9317
11589
9366
351
11646
8894
11574
862
9376
9665
774
8826
8048
5020
9375
7130
5235
11742
7228
6183
11116
2861
6248
4583
8080
360
9766
1007
5938
197
1158
3039
5497
9189
637
816
10601
10422
7845
6821
2585
10323
7711
8412
9460
8254
8035
6308
4121
8747
5609
9628
6356
11603
389
7139
1019
1999
78
4670
5920
7174
7938
6793
161
1756
143
1847
1671
6937
664
3363
4319
5236
9496
5118
3700
1378
10546
11016
5937
2914
3799
3517
9881
1395
1863
632
8840
8920
3618
5919
3896
1788
8386
928
7283
315
5282
6824
10502
6234
6603
6883
3861
8511
369
7197
5317
9711
10691
8746
4920
8785
7129
9650
3242
10493
1639
6309
11654
11365
8939
4497
1784
4446
5713
8908
11474
9826
10126
9560
5848
11331
4983
7667
11486
7516
3626
5888
11311
11378
3804
10539
3786
7595
6119
7877
11077
10266
4115
4030
2256
5366
9575
6640
1356
4418
10314
944
3606
8741
6145
5489
3179
7629
1186
4021
5507
6632
3237
11620
4554
3836
7549
8730
2204
9704
1455
9865
5704
11861
11635
7054
9951
3987
11041
323
5294
3597
11634
5022
2250
1504
4734
5506
3401
5318
854
10828
8215
10998
3555
3014
20
11400
17
856
7665
7058
2933
468
9214
6415
10332
10774
298
2828
7245
496
8396
560
621
3989
3705
4131
4538
6956
6257
118
4149
8727
9172
1459
9789
2429
3970
3365
11410
8161
817
3332
7279
9254
3921
11080
10595
6397
3822
10023
1419
11189
7324
7685
6398
3440
3087
10090
11175
4950
263
1415
10982
2666
9042
7810
3912
3212
6418
1037
2853
3174
2440
8983
848
9618
8116
8448
416
6221
1998
7460
8160
11556
5860
11098
2682
4048
2026
8666
8361
294
7769
3373
9016
4641
7343
9331
3592
5834
5454
10953
6327
7192
1114
6595
10208
6426
9306
4023
5083
5578
650
9151
6154
116
8704
8214
386
7813
1403
9195
8847
494
3771
4308
1079
953
2843
6155
2817
9168
5041
1529
1577
4695
9459
11450
7305
7642
2295
10775
10000
5658
9144
1900
11049
7706
4335
3303
6605
8781
8837
11005
3501
11319
7112
1026
2
335
2095
6325
11042
11923
8009
9566
4444
2571
3323
1424
10052
10928
10744
1988
7472
4302
4430
3446
3546
5093
6796
7657
8630
9303
1298
4186
5438
5311
609
8207
11197
3528
11348
3670
10115
938
5060
6174
9582
8066
4195
3870
654
1096
8099
8381
3268
10689
11108
1172
1855
11688
2562
2690
4597
1334
4752
7605
8890
11900
9091
3582
3681
2618
9009
4625
8272
3707
8480
11886
1746
6587
4993
11607
8340
3131
9352
8154
6707
6334
1572
8260
10531
3634
3256
6590
7423
2150
271
9700
9169
6111
3768
10361
7307
4835
889
6586
1936
4295
7081
5839
5283
10504
2997
2420
7049
11067
10611
1293
2383
5184
4070
216
4088
11482
8794
452
2617
5101
7775
9605
9438
3818
583
11665
4086
6165
6554
10933
11000
11880
9666
520
2122
3123
11616
11508
2027
8907
5768
9486
11862
1143
3102
10663
6894
7739
7117
7864
9996
3984
1835
7990
3285
7289
3168
11797
109
4997
2797
6585
8029
11798
2346
4632
3689
5884
10032
3093
5014
4957
2742
10053
1252
6525
7489
5806
907
11662
8476
10250
105
6606
2556
11571
5708
405
11770
3169
8718
6702
3633
11593
33
2287
591
10827
4236
8129
8790
9299
6066
9388
11887
9155
9765
4626
11691
1467
3007
10954
7731
9683
4596
6828
3869
3059
2448
11473
11747
3201
7147
3040
10232
10099
3590
1573
3518
1995
10727
4894
11382
8963
6118
2783
861
5410
4797
3951
3202
3809
10001
9808
559
4708
11594
7908
5004
3543
6932
5541
11017
7982
6697
2755
4403
537
7607
915
9226
7237
2639
11726
3472
2564
2270
6104
6721
4281
2393
2801
9694
11725
11287
2663
1770
7534
11386
9955
4731
4520
8739
6722
2905
4825
4326
289
6850
1757
9593
1737
2115
11771
5165
1457
3134
11034
83
2494
4228
11467
11836
3562
10646
6622
9532
9073
10681
5587
9559
4839
8190
1369
2896
9756
10808
522
3583
7499
10244
3995
9927
1207
42
2004
9010
9857
4822
4970
7435
10937
4624
11566
6109
6785
655
11184
92
3728
6750
82
8093
1874
6230
1690
2267
11653
10788
4806
11791
6811
9627
6928
3575
1862
10028
641
6846
7891
2707
4690
4364
10540
7893
2031
7533
9943
2513
10385
10513
215
10302
10730
2558
7876
4736
8812
5398
897
5948
7972
3859
3426
2932
3193
7874
8073
11079
10781
4482
6225
9071
3943
8143
8902
2837
5960
6074
8849
9631
7561
11522
11755
8845
9197
5291
8191
2995
4841
11853
5120
11645
1482
6149
9441
2922
8657
3070
3986
5074
1917
1538
4823
9511
7350
9234
5190
2463
11563
10213
5193
7881
10644
3917
10720
11405
5874
3616
1117
659
4741
7957
8692
4686
4635
9271
3197
2850
6886
11562
4569
614
10100
317
3969
5974
3086
10891
1810
4527
8241
8819
1987
261
6207
8587
978
10946
6794
8100
10978
11278
9529
4381
3471
4410
764
9672
1248
9287
4275
9216
3481
6542
414
7728
4921
70
7497
4508
5894
3979
8307
1438
6904
9646
145
4834
5219
8334
5588
1980
9451
4616
3599
1412
9685
8389
10349
9027
3032
7434
6272
7478
11383
6506
7288
16
712
6317
11773
2305
312
8020
3807
1187
2015
6976
8585
9648
8632
8992
11315
5748
2364
3993
10835
4815
6715
5787
5645
4175
4259
7153
11013
11592
8349
5046
1649
6902
9521
10573
9369
4336
4047
5586
5280
217
2373
4633
7488
3535
9609
9549
11188
4498
6662
6830
117
6696
1163
242
998
5868
3367
9792
5735
9556
1149
5181
9452
341
5514
9636
11087
11647
2996
638
6180
7650
4492
6523
3764
8892
870
7170
3719
7290
1392
3084
163
1941
4951
7541
10574
11231
1023
4084
11805
8171
11599
5812
11373
11143
9713
1033
5906
4177
1990
2854
60
5617
10366
7649
8592
8929
6235
4043
2195
2076
11177
5166
4437
5217
5885
5112
1349
477
8345
1162
4016
11166
6297
5618
10341
3627
11220
8210
6
5816
10979
10648
1513
8639
839
8701
3889
4173
10420
387
4068
1725
2427
8990
2117
384
11638
10673
9568
4913
6938
3141
4860
9809
268
6657
7152
11070
5681
1439
7847
9602
1189
10729
2643
9673
6211
818
9864
8623
7467
2431
8422
9784
9754
10991
4599
5433
9387
4411
2680
11833
8944
3205
6355
1441
9695
249
6912
11105
3914
8453
9555
9819
11339
10145
11242
4821
10854
4158
1446
3329
6749
7676
11878
8012
1063
9925
7738
1126
430
7721
9125
9863
11249
5532
2230
11094
6868
10495
4922
2275
8478
119
6058
1135
11347
4688
1212
6680
11888
11909
3534
11124
4669
2581
3968
11283
3309
11882
11265
2437
7584
8118
11854
9817
10043
5047
681
11933
1838
9285
10662
5668
6264
6518
2782
5245
6588
1437
9160
4535
3395
7026
5289
11377
9017
324
6462
7256
964
11670
7796
9474
1982
306
10484
3967
1692
4868
8820
4510
8460
1197
9457
2898
1428
1667
8368
1360
10690
9722
4842
7138
630
8601
11419
695
6921
8874
10199
4211
5749
1005
10683
6941
826
6423
1712
6329
1563
601
3404
7989
4002
8458
8655
1618
5590
8034
1059
4389
10537
1404
11502
10671
10818
54
9565
9260
3671
11778
6004
5164
3862
881
7323
6076
359
11411
8281
11513
4507
7811
5364
9351
9132
5733
2548
9458
8810
6507
11531
1338
2825
954
371
2375
5516
4985
2005
10305
11134
10557
1584
1377
7577
11698
1963
8432
7263
7705
3165
370
461
9105
890
7353
495
11582
7098
4140
1575
6650
4610
362
2769
1312
1240
9970
9403
4365
8133
5092
7319
6513
4006
2277
3260
5740
582
2970
61
1518
3953
3760
303
1748
7309
902
4781
5775
3699
8800
2193
5346
6027
523
10779
6059
4966
8235
1352
397
1666
2697
259
11628
8602
1178
51
11293
10269
3104
1711
1585
10503
5149
10275
7985
9918
5221
2418
9316
9816
2114
2044
11402
415
7939
1898
8549
7164
9497
4067
7234
352
2971
6634
7567
6986
3733
5390
10487
8300
1089
4076
4642
7858
6284
8696
4645
1932
7405
11356
11925
424
1735
4961
1386
1277
4851
9011
296
4155
134
8224
4905
11454
1509
9596
4826
4151
8470
6983
5370
2017
8327
952
2396
3692
4565
3381
4322
5771
1955
10628
11825
2736
8045
6488
6950
10810
730
11301
973
547
10086
4879
11674
9699
11261
4238
1154
2918
9991
6922
5743
5470
9674
9233
6578
6577
783
5505
5362
172
1899
5696
2484
2216
11288
458
10907
2247
9006
9515
631
10738
10466
11330
11827
8745
2332
1361
6698
2528
11232
411
1267
9837
11554
11403
10242
3129
576
5551
4579
151
6559
3291
7190
2770
8079
916
307
2000
2644
3561
3573
1042
6712
3971
785
556
10752
7624
5876
1645
9920
3698
6842
5785
1905
3669
1590
1440
6263
4817
1791
5226
8505
7648
4740
4434
3410
10852
10113
7911
9063
8262
7445
4474
9531
10621
7354
6661
1035
4137
865
8964
7805
4392
4491
1106
3697
4455
10442
2261
11423
9897
753
1387
8147
2324
1305
10997
2378
6319
3637
7856
6973
1150
7593
8242
802
6261
4547
5797
6192
11626
5956
11449
10603
9035
279
1603
10105
6255
9637
205
10158
4223
9649
587
10757
2889
10320
2220
6558
1505
9997
5174
10916
6238
11394
3273
2745
4704
10602
1233
11202
1153
10501
5239
4794
2126
8162
110
1673
1593
7701
10334
11007
5975
2580
10995
9106
2303
4292
1865
703
10702
4164
3067
11535
11584
1916
9853
1512
11233
10437
1702
4363
3709
3871
9693
7019
6767
233
4699
8667
9641
8999
9812
7948
1510
1834
6550
1926
2520
7220
2024
5213
5856
4004
4060
8431
7306
3688
7481
1258
6318
8828
7639
6534
7166
8910
6378
4528
1050
9217
9990
8556
2059
10790
790
4041
1728
3894
6406
10430
3188
5343
4706
2152
6819
10707
602
8560
2900
5892
708
5319
7143
1460
1287
5228
10370
6810
5453
5192
2141
87
1946
9978
11916
7244
2670
991
2212
79
6804
10996
11898
4031
10077
1043
10613
933
2369
8286
3742
9173
316
3206
6022
9079
6452
6703
4338
6946
7912
11359
9046
1854
720
7764
6182
8649
3229
7094
1629
6091
11493
10927
10177
8178
3849
3061
11113
8513
5298
8225
2788
5301
5137
792
3482
6841
9890
9873
7940
1726
5715
10865
485
7254
6851
2103
5734
2285
6875
74
8593
3716
748
10059
10277
1072
6137
4877
7552
663
1008
5887
10181
7218
656
7388
5858
4750
1320
10312
11630
1684
8813
5896
3906
9945
8036
6463
7082
380
1595
7031
5967
3565
4529
955
9825
4572
8775
9820
10618
2980
2232
7578
7291
11643
2180
920
10863
11459
5407
951
4878
2771
8854
2144
4898
6884
1738
10392
5200
7001
1275
2139
819
10114
6063
8551
11511
8641
5452
7180
2098
2963
983
9115
1592
9595
908
456
1276
2647
8864
1367
7984
11205
8945
9530
1665
2693
6081
11456
11027
6579
7656
4618
6219
322
6479
6552
5005
2725
3852
1851
8638
10990
7235
6181
9249
11792
1433
749
1451
7018
5302
502
10627
4146
269
7724
11221
8416
1950
5167
350
5066
4844
9163
4795
8619
10163
8236
2148
11652
2566
164
7386
11573
1568
11117
7227
11672
11483
9942
402
6171
3975
2260
5182
4462
9405
9691
11324
1943
540
7827
2773
2319
4687
5436
1540
8172
4718
8750
2879
1594
11132
8893
7981
7962
8646
10089
4160
10772
6454
6379
1536
10124
6878
9655
4475
10802
6801
11224
5303
340
6759
7165
6396
11724
10404
3795
3467
10591
2711
11895
3139
6400
2231
3328
2926
6873
423
2960
11501
1819
1410
1177
2087
11323
3593
4758
6352
10478
4427
10717
2432
4984
4600
9190
8379
4239
1141
9748
7737
8380
10042
6266
8054
8038
6669
781
1259
4156
8506
6185
7992
11781
7867
1700
2800
9834
3403
10604
3521
11494
1205
1015
4488
505
9136
2034
7191
6086
5326
4014
11648
9676
5570
10556
3428
11169
6451
4456
7795
8084
1108
9998
4723
5103
6903
1475
11144
9432
5146
6388
5534
6621
262
11072
1609
7485
11536
4331
793
7928
6734
10006
3500
6254
4318
4294
5659
7092
8477
9098
11076
8721
10097
3679
10853
7695
6660
10212
10019
6693
586
7238
1511
1727
4300
3078
2321
8053
3624
6711
1856
6725
10638
737
11393
7622
11086
1230
4664
6806
10521
3120
11439
7118
1721
361
8882
10798
668
9269
4066
3715
8119
9350
2743
9866
3638
9218
4902
8055
2097
7280
4509
5527
11744
10675
3763
8596
2981
6857
9686
4141
5840
1716
10541
7441
7172
3466
11341
2944
6955
10410
690
8070
3890
10352
6920
7282
3295
3490
4590
7514
4939
918
1493
10629
2297
5272
6301
7027
6607
11150
10377
7849
718
10567
7111
3959
2032
969
8263
6369
5553
5426
7020
11212
8295
9092
10270
11133
2464
3049
10339
4545
7890
4992
3159
9208
4678
1809
1708
7596
6037
2819
2549
794
9397
2519
9313
7341
8784
11140
2224
10500
2391
2529
3652
2972
6293
6820
5461
1583
7479
3905
10278
9791
2186
2131
6464
11203
10356
3872
2175
9520
1889
9623
5420
7910
9043
1118
11567
9036
11303
3448
7612
3782
5254
8523
3736
5901
5571
9127
8269
5159
7198
8323
846
684
4942
11103
2238
11252
10298
10127
3778
2007
3178
5707
10141
7463
1612
3231
4932
5807
8318
2302
11612
8530
2888
8187
10123
6371
776
1582
2016
3563
11167
7462
8531
9973
378
4074
2862
9987
1216
11639
10360
7355
8561
3572
4831
9186
91
3068
8280
627
8493
5285
6678
4542
214
8729
11600
566
8467
2385
10834
9712
8691
7486
5613
8233
10593
4947
3483
9632
343
10167
1682
11464
9875
10367
7210
7539
4417
135
8111
6768
11458
9177
7247
8234
5148
7452
1348
11835
821
8072
9749
9461
2979
10676
3350
4673
2161
7073
9493
8440
3932
9504
3548
2737
2450
3985
2763
5750
8163
6156
3842
9952
3608
11610
5706
5921
8223
8443
231
3331
11125
6345
7219
10782
2718
9512
5472
10505
11679
10347
2729
10351
10941
1927
