7847
6928
767
1676
10332
9232
1412
11643
9269
10981
2546
3933
4203
8583
4570
10064
5787
5958
7966
9407
2680
7603
3096
1016
6612
1990
7445
7876
11652
3473
5074
987
973
478
11735
25
171
10611
10232
10108
9847
189
2312
1629
11016
5839
4832
8813
5796
6824
2265
5694
10593
5983
6983
8610
7029
10384
2787
8722
6941
5460
11627
10316
4229
784
2726
9231
6
2692
8857
191
11185
7154
3725
10528
2576
4551
11419
6742
9359
8637
1429
9000
4020
9477
6200
1168
5928
1161
11818
3120
11373
8313
8017
6072
7948
425
9487
10266
11752
8439
11566
4059
8674
4200
7854
2772
10116
5849
3861
9172
5618
2224
11050
8620
10969
278
1882
5614
4579
7047
11693
6624
11896
3728
6126
4841
6198
8300
8043
2108
7111
10577
7388
674
6308
9146
7318
7215
4934
11320
198
1331
7705
2981
1746
8115
8705
4969
9767
11321
7846
10766
1557
7516
109
6505
7926
3841
349
4149
5587
6759
1008
2198
3402
6235
3071
6713
9151
2819
7983
5605
2540
6567
5858
5478
3916
1630
9263
10547
6401
1674
3872
5103
5722
9821
8633
1870
855
6209
5735
11305
3104
8657
5804
270
3633
6747
9962
11816
4772
11078
7264
3341
44
736
1824
2367
8947
2600
10582
4624
9251
11355
8260
7440
3125
5083
9630
8407
5483
996
3295
3040
4750
10573
5829
1574
2907
2720
6032
5488
11699
4105
9393
3688
628
7703
6895
4682
2522
1286
3988
10717
11230
7782
5105
11359
585
8408
1342
6508
2439
2941
6768
4789
10441
7605
9144
4988
9837
3912
11177
2215
3737
108
2459
6912
2472
5919
11842
8646
8165
4048
3278
532
3813
873
10260
2454
2825
2132
2674
5371
9937
5147
8065
379
690
10132
2195
875
1528
11014
1995
7505
5581
10541
4004
8281
6336
317
10608
9658
10808
6192
7127
10149
9595
8144
4466
8919
9413
9524
5374
1727
9998
2558
1116
10572
2252
415
276
11269
9845
4218
5723
10387
5734
943
7643
9127
915
3251
7090
6822
5463
8899
9403
9236
756
4545
9835
9855
459
11004
2157
3453
4902
9802
3572
5265
1946
429
8783
10393
7110
5111
5240
10322
11792
6670
5398
9182
2535
8803
8361
800
11746
4596
8404
6450
657
99
7485
7893
7728
2774
2032
962
4373
11234
9060
3807
2176
9511
5041
3241
567
2494
7039
1357
8630
776
7310
5696
2791
10268
4637
8422
11223
11481
9637
8826
9125
10764
4182
2940
152
6525
9396
1017
416
9107
11844
8602
3770
8047
4859
7417
1790
10789
2168
8683
6075
5311
1315
1611
5929
2086
2050
9911
9042
11332
9395
4869
497
11448
6910
8730
7648
2554
5328
3759
704
150
9811
3626
11483
6821
3142
9772
6433
10549
10115
4893
6486
7148
9673
11872
9803
5353
11135
7098
10216
10234
8547
10684
540
351
4210
3760
10041
1896
2331
11691
5608
360
2788
10089
4309
10629
7449
6653
10467
5309
9135
1474
8035
2133
2105
164
9278
4479
11440
3961
1943
11017
5609
2557
8353
5966
9603
4159
916
1730
7037
8415
10350
10869
2799
11296
11429
8936
757
7164
9469
8399
7580
6990
1149
1298
1023
9503
10314
3175
11450
7588
10329
4165
4095
8658
1613
10907
10828
8236
10401
3851
1458
10162
6688
8270
8576
7901
4005
3580
3552
6246
6785
6914
2333
6892
1604
9061
6633
10250
7040
97
11400
6207
4561
9852
728
1549
8471
8507
4320
6986
10513
3143
5373
9450
9883
7767
8089
6128
4878
1734
5517
3357
6630
1919
115
10654
6210
3427
575
2923
3439
3850
240
11491
8718
8827
10349
906
3021
11898
9369
11770
2618
5895
3948
8980
1752
11905
7161
1970
2094
3078
8343
2547
3700
9241
8569
1125
4392
1941
11395
3707
764
3319
4645
3392
7216
7071
10720
6760
6111
3557
2457
7328
5661
1764
9044
6423
6689
7454
2189
2040
5047
5013
3098
11090
1131
10502
6155
8152
5874
8764
7370
7694
6153
3814
5635
6157
3079
6217
7711
5401
5140
7255
3222
1626
10755
2140
6221
9989
10854
4984
10113
1485
6266
10205
3256
6302
9055
5500
11276
9020
2458
9054
10311
794
4176
7342
8556
11536
4390
8128
9161
11671
7
8721
1376
7985
3215
10026
8692
9047
10856
9451
2582
4221
3004
10603
7558
10073
3656
9900
4763
4812
1010
1584
8577
11153
7207
1899
1437
2581
3211
10919
8101
11033
10784
3176
2167
6154
632
6981
9738
8371
9
9425
8524
1350
2455
6641
7423
4416
2319
11468
2754
3917
1871
4142
5462
3084
10017
4510
2256
3735
8189
6702
334
2834
6084
9726
11873
8639
9270
7128
11602
2917
2196
1792
9360
5851
3886
6005
7387
7803
6738
9037
6374
7796
10377
11760
4498
6829
10293
8893
9421
9755
9757
9722
3835
6534
11584
7000
10036
3167
944
6265
1393
11225
3518
7019
2441
8647
10972
7642
7279
4286
7334
7209
4956
8218
10519
6149
9862
10215
10609
2881
8468
5489
889
37
9276
7577
9684
6939
10395
4250
3617
8802
6238
5379
11562
7506
9890
9790
3561
6364
2593
2652
1683
11113
7406
9470
11764
945
9812
3691
5623
9916
2728
3634
7757
5469
11243
6921
1441
3428
7625
4420
11845
8262
1105
2675
298
569
4769
9002
5211
1151
2277
11439
7884
703
7291
9484
8867
6684
6327
6328
11288
3778
1628
11718
7201
11076
8871
2180
330
9259
5706
2495
8235
1951
11346
8448
8664
8349
9001
3786
45
10438
6410
4264
8953
6497
6837
1783
5537
3350
4858
5757
3788
4843
11071
4761
6003
9225
5218
6661
781
4092
9748
385
8210
2773
11754
467
2844
3980
639
1106
4138
3611
10213
6462
3196
3300
8116
8480
682
79
6823
6193
2610
9297
7461
7425
9090
9026
7301
5498
3651
9279
6679
6045
10556
6009
1347
3114
1717
8055
10303
3502
8097
1225
3615
1766
7498
10359
3438
5390
709
1027
5076
10455
11131
5932
6288
2275
3293
10168
3660
5091
4957
11157
5438
3606
4786
11214
5049
6643
8331
10748
10509
9119
8278
1927
2792
5291
9618
393
11619
2366
1468
5803
515
11139
1208
9217
9513
8736
4921
10474
8245
6833
8532
11005
5040
7631
6356
8011
5586
8921
9433
10167
7170
4096
10827
1375
7335
3705
1428
4471
610
106
1521
5721
4058
8515
1312
9583
11188
7683
8631
10671
6121
2077
1546
4120
11698
9668
10248
5073
9052
2473
8840
4741
6815
6190
2122
10730
9350
10370
9205
9587
11347
11620
4695
3934
1700
1808
1635
4851
195
4491
4929
3852
1424
7561
9198
8567
8845
4313
1226
11772
6695
11600
7553
2131
6878
1806
5365
4636
8156
2662
6616
8360
9394
6918
8693
630
3166
9546
2247
2763
2500
2521
2286
4204
853
4133
3404
8188
10392
5597
8183
1054
11557
4696
5561
9577
1945
5471
8460
7831
2385
9667
935
10836
6769
6558
11167
6147
8612
2810
5622
7459
4823
8550
7804
692
10448
6398
4511
6074
6588
7686
8046
5157
6705
8205
1044
1925
4614
1487
3231
9429
1685
6585
10199
181
3698
2950
6082
10738
3678
1999
9947
6144
3940
11089
9816
1241
1482
530
3591
10230
2800
8153
8540
7874
7766
4975
819
11529
1755
7733
9358
4393
11868
758
5055
153
4752
11314
6956
172
11763
4338
9162
9566
746
4492
87
11689
3797
11923
10483
901
7638
2863
9990
11293
2715
988
10905
3736
5912
5852
1881
3898
9753
10806
272
10747
566
2762
4714
3885
9056
1239
6396
2229
10052
10476
5118
4660
10163
7495
1099
8225
11459
6865
4599
3682
5163
1981
8309
5256
314
2619
5050
7119
7220
6954
7783
1550
7092
10325
10619
7198
11436
6477
11683
1278
6049
7784
1215
9861
5282
2072
8425
2513
11808
9632
5975
2527
9907
11000
11117
10791
1368
559
6984
5175
783
6490
11657
4848
1251
236
2782
1377
4456
3309
9081
1041
5038
8548
10864
1451
4299
7278
7706
2690
5391
1512
6220
11342
10882
8538
4814
4011
3383
9260
8174
10757
29
9299
8250
11108
4255
713
6239
6977
7894
10916
2392
3853
3536
9717
5941
5210
10917
5658
4906
10501
11585
10375
924
9884
10419
8000
817
974
1906
6046
7499
9649
6281
8740
3123
6257
9972
3746
5480
9207
4736
9808
11859
8241
3069
4751
10896
3771
2601
8146
217
5004
3112
8282
168
10694
7586
11835
7656
11051
7256
7345
6949
6522
1294
10763
2034
6657
1413
8451
3529
6093
1873
5965
8666
9783
3689
1918
3959
6803
3134
2222
8200
8974
6531
7838
5859
3942
9271
2671
7129
5903
7912
11828
2328
7055
5769
11716
11350
10207
7064
7120
7660
1556
8549
7309
2112
3906
7640
5424
790
4659
2512
3204
8836
8207
3815
5446
8181
2701
4358
7244
5227
5357
870
2824
10341
11753
1423
11900
818
10170
8804
4039
1188
1718
10699
7676
348
3570
71
4192
4888
1971
5048
7829
3619
10450
5221
11853
2429
11206
6787
5994
9397
9863
5749
6181
3997
1303
1972
792
2465
136
5445
9357
1712
1592
10374
8110
8935
10304
10421
11680
6083
5964
7431
4376
8557
11917
1789
8431
2914
5956
5271
1141
1888
2617
7621
6011
11527
7543
8883
1586
8242
4923
3007
3976
547
4718
10118
7720
10105
475
1081
7982
5911
6615
2268
10566
4948
5131
8388
5199
10936
2655
10141
1682
753
9810
2447
10122
1599
9934
369
6324
245
3042
5406
9488
9799
4842
8224
1403
3779
8830
11367
501
11537
6173
3039
6202
4672
11645
11148
11729
10801
6156
10946
721
8849
9434
11268
7692
972
2781
4717
3060
179
3844
9672
6176
9925
7274
1032
4281
9170
1908
11511
2214
3564
2684
10206
9461
1195
5138
8009
7136
7993
4085
5418
9252
8486
9474
3714
7432
2526
163
8467
2629
11788
1916
3843
3593
3266
7443
10520
3624
1663
1258
9888
9675
2071
9441
2266
2035
603
4184
9483
1934
844
11799
8512
4013
6019
1726
4831
6965
3454
5921
4797
7890
1791
8660
979
1406
4767
9700
5014
4067
727
11473
8881
5739
10657
2869
11430
502
4043
11387
10523
6838
1284
9640
2760
5613
8450
933
1851
8381
7722
5753
5264
8511
8018
6504
8340
10079
11405
5995
6932
3032
9029
7112
9961
969
11575
11755
7533
3629
8197
10412
2630
1631
4155
6608
9942
7524
4754
9285
7526
8215
5937
7595
1293
9936
7190
5821
4916
10324
285
7522
6765
551
4439
5505
11626
10942
8288
7919
3159
4932
4030
10027
7865
10845
8154
10298
4074
3052
288
5425
4428
2724
1352
11357
1025
3566
7346
8
3575
11582
11800
2313
8351
9639
8435
297
4844
3490
6058
2142
10761
5393
10988
8318
7381
4267
3287
7713
3148
5768
451
11085
6729
8685
3372
686
8442
7523
9316
11215
1253
1322
11665
7130
10019
1693
5032
8452
9954
1367
9497
3462
8028
9573
10
10423
5023
3806
7469
11238
11366
10369
2446
3391
8729
2891
2538
8605
7812
3274
9458
8475
3795
8858
10710
9692
11869
9762
5931
5096
8172
9988
3187
7739
1878
4012
9062
6963
8566
1694
2805
2503
8962
10204
2124
3989
5677
4371
10023
1944
4187
11168
10440
9190
3511
3061
1610
8966
1163
8595
1675
3390
9915
2611
9899
2868
8629
1268
3706
10855
2490
6563
4574
5019
6704
2862
315
3446
11351
1538
3655
5389
4366
4353
8596
6972
2556
5299
9227
430
5636
8578
5481
11423
10635
10142
4868
11456
7211
9208
538
11796
4995
5318
9352
5339
11024
5843
10883
3031
2045
11701
4446
1770
1897
1834
5984
4429
7389
3067
10977
3554
11378
8767
2718
1394
11087
4185
3824
7702
4462
6119
3924
1509
2644
10203
2745
11863
10097
7984
8772
884
10640
8476
10231
10158
6894
10006
10880
6338
3727
11526
4121
123
8305
9620
11194
6919
9214
9978
1649
8370
9501
6632
2826
9298
3547
2580
11294
3592
4528
8902
2978
5057
10655
1464
9253
8714
6594
821
1320
6669
5977
1466
7891
8488
9128
8358
10016
4785
6975
3710
9110
2059
5820
11312
2337
9782
5317
2359
982
8835
1289
8642
6237
6543
458
10990
5154
9747
3996
6216
323
5833
4427
5381
2752
9708
1185
3503
1267
6270
879
6057
2483
4970
367
683
10691
7641
10447
9739
1854
4066
1473
10775
2338
11571
9519
325
4283
6927
10294
1358
2161
1928
2737
8828
316
6482
8092
3951
5185
1269
11926
8315
8723
11266
5730
4327
6595
1469
8291
845
9034
8541
8061
11833
5868
4715
9542
11544
9530
5213
9402
4876
11791
10383
6279
6236
5968
3743
4716
8251
1114
9711
2231
9838
3597
6244
7719
8732
396
5659
10558
10018
5750
737
4083
2563
8632
9492
7418
719
3584
3106
3484
78
6938
6761
711
6580
405
4263
8039
5582
1962
135
11337
4655
4418
1753
7650
11745
1773
9313
3652
936
6820
852
6958
4723
3699
1339
6317
1603
11275
1618
5201
4960
2322
7967
3237
10673
9424
1955
4438
3809
1548
2850
8223
10765
9398
10680
11670
7045
7902
10928
4861
10366
387
3663
11474
740
9623
7774
2665
6635
1014
11581
3581
9405
10420
3969
8766
269
10996
10568
8237
303
10340
1554
9083
10892
8206
9575
2942
9118
11458
10492
4807
9728
523
738
2952
2835
7964
990
1438
11589
10658
2599
1088
11637
6201
11070
7504
7929
8884
5130
8088
1565
10512
8377
62
1384
9736
6050
8784
10099
3489
11144
3348
658
3354
6883
8498
63
5092
4328
1644
2049
6208
2906
8269
6118
5653
4231
143
978
2809
3734
11908
1736
2445
7109
9819
5752
7813
7067
10104
6347
8695
7990
3115
11265
11313
5302
3113
1800
2537
3259
3508
1585
4502
573
5698
5447
2422
7283
8703
1064
10233
242
9538
4507
6810
7390
7517
2225
9938
1172
7191
1991
10959
10863
3467
8255
1689
6804
4796
4317
10361
11635
1910
6903
7746
159
4940
10627
6596
9387
5085
2053
10648
5453
9206
4506
11700
11891
9775
9866
1152
2149
1244
1656
1266
8531
2962
1772
2806
2284
3291
11805
2026
1799
10424
1620
9879
6066
8198
6748
627
5838
5312
1140
6140
3195
1514
2170
2323
7632
3977
3050
6535
10753
4268
10275
11852
9254
918
7615
9411
8929
4302
2575
6452
2013
7857
2646
3381
10253
9106
5641
8106
5974
1109
8369
11603
2153
1492
7073
6362
1136
1518
7125
5528
5087
900
9533
8025
8477
132
11061
7918
7576
10505
4354
8934
353
9242
3132
3058
11449
26
9504
4425
7076
11779
8903
4282
10881
11279
7044
7156
7802
6471
7584
11413
2220
7778
8180
6651
6731
2725
4265
11396
1835
2734
7944
10612
2103
4834
6018
4493
2693
3610
3836
8433
2607
8525
1430
11672
3178
11239
6694
7669
5842
8669
5726
4435
2682
11107
1203
7931
3763
871
613
4402
145
9420
5599
10532
11115
2870
5978
9448
7434
178
7758
7679
5915
7886
386
10053
9325
496
9645
4448
2997
7217
1190
5434
6874
11022
4259
8799
5177
1665
8520
7607
10708
6092
10690
2688
7525
407
2492
4898
9116
1698
5660
11598
8711
8513
5058
902
4904
3687
4336
9612
4526
9171
5861
8846
611
7487
4497
11681
5541
9307
9449
6298
8430
11058
4668
1765
4920
2951
11854
6047
4623
6419
388
5173
899
5093
8376
2150
3921
6976
2502
2899
11161
2293
7811
9568
10788
2743
6732
4680
5029
1807
7704
461
8098
9764
5957
11877
808
5524
1566
8558
10025
4490
9009
8326
7063
4061
7795
1359
2861
9983
2248
8992
7562
3430
1187
1348
1582
4147
1007
7855
5415
8120
3804
9763
3854
10943
8003
981
5577
7117
1815
8171
8719
5491
587
11927
3516
1351
880
7515
4913
1397
6068
3485
9585
5571
2159
7451
7396
10302
8648
7085
2589
2603
2297
828
4412
6418
3304
780
1672
5569
11809
4653
8891
4308
11211
505
5094
9035
5794
2814
7877
5652
8885
5663
10901
9781
3221
4781
9460
9326
9807
2016
1540
6849
576
7332
4700
11427
9432
10405
6441
11446
997
5419
2872
2396
4294
8423
5326
5775
6446
6309
10539
6613
4762
4213
1738
2211
3764
6381
4508
6597
755
10197
8010
11369
730
2980
908
395
656
10989
8458
5248
260
9370
1654
1987
10944
5598
3923
1385
2735
5195
7143
11673
5292
5526
5427
3131
4122
3752
8179
9946
2545
4115
9096
5948
5893
11861
4470
7027
4238
358
11258
3876
2369
11879
6864
3608
4339
7134
6867
4489
5543
11564
89
9537
564
10621
7344
3292
2095
3787
10681
7759
10590
8812
4240
10457
6544
8316
7661
5344
10809
82
6131
11042
182
6841
7480
10285
8138
5104
4326
11717
3899
6219
6968
11826
11455
2967
5856
5913
2310
8125
1242
11447
10504
3732
10933
2594
6819
8298
8586
8873
8829
7913
891
8588
1378
5545
5906
5510
11178
11871
7013
10095
2572
4839
9142
11648
1909
8413
2467
4132
1332
9650
5651
503
10010
2539
720
6113
7657
5634
6383
3374
5409
3401
196
1845
8182
1774
5155
2626
7145
10847
7206
5960
6549
4543
10124
9043
1134
8118
8990
11356
8621
4015
10932
10862
8907
7974
1123
1905
3034
2088
961
11509
11032
4454
3448
1658
1070
10172
7075
10703
9295
9438
6507
5231
2636
9576
7272
9262
10403
4768
8228
377
10456
3939
11222
11836
3789
5329
3805
3385
9368
3457
5870
3277
4850
6999
10545
11457
10190
4994
8782
1068
4688
413
10739
2845
4022
1439
1340
7362
4052
1573
9695
7612
4364
10005
4840
10754
2081
107
10042
8308
1329
494
4646
8837
11924
1051
2261
1989
9539
9756
772
4798
11249
3094
10736
1108
8592
1559
10529
6685
9655
9371
1577
694
7453
9982
11476
9773
1883
5203
105
1702
4509
10240
1045
7391
5785
3862
6442
8362
3842
495
7224
1024
8277
8756
7849
7263
8135
8090
4687
4608
1095
1483
7099
3464
8649
5275
101
3673
6517
5885
3908
2475
1684
4140
2908
10711
5300
8443
3355
2647
2329
1204
10386
1647
5166
10008
10909
829
7792
4141
11810
7541
3635
47
11889
9243
11824
4057
5532
6982
4943
398
11501
6751
6461
10719
1907
9168
10494
7172
8910
6741
4347
3323
2491
3834
235
9992
5631
5784
7341
423
11375
2959
11512
5687
2553
9385
9439
8638
8169
3859
10998
9735
6273
9305
5101
5497
7058
9906
846
6590
312
1262
4698
4743
6165
9601
3958
4967
3301
5361
5137
7765
11851
1608
11015
2620
1701
2177
9809
6095
836
4958
8453
4628
8667
7137
5875
4168
1230
4137
4707
10951
5669
2627
866
10109
8982
7287
825
5741
3220
4114
9874
6261
4232
7057
7760
7850
7791
53
11727
10800
1248
9567
5454
10178
10964
2257
277
2529
3742
11095
4112
7183
7994
1186
1446
1055
7756
10807
10838
4733
10288
8403
650
9011
7624
173
10555
7723
7930
820
2373
4254
1222
9199
10365
7296
9191
6316
1117
9123
4166
10123
11166
6289
5527
10925
294
4605
19
4194
8793
2221
11482
9758
11882
8889
10028
7462
5633
6275
9964
11277
8516
2486
133
874
2727
3157
3751
70
5283
11297
7269
10630
10574
3680
3340
1671
7235
11545
5068
7323
361
5676
2350
917
9800
3337
10781
6085
3386
5678
4527
557
9223
11441
7939
3314
4383
1747
6886
749
980
3822
11338
11284
9389
2206
1874
6065
771
6724
2223
2625
8831
11060
11412
8012
4704
11887
2294
4277
1520
8201
7415
205
7677
7101
2484
11644
11475
6291
11121
4817
9465
9902
3754
4942
4201
574
9079
8999
1019
3102
3475
3246
1844
3302
11402
6711
9485
2357
2143
7721
8389
3620
550
8099
11744
1739
7922
3780
9952
9825
6586
3242
11675
7452
4104
765
5536
10134
2638
2808
9296
9935
6425
6496
4816
4319
11270
4398
11103
2139
10063
5066
702
5181
8307
10887
8045
11558
11484
11464
1330
3412
1771
9875
3548
4060
4538
9792
10793
4589
6712
91
5249
7219
3930
8691
2436
9045
7714
2060
5229
9746
7596
2305
11007
2707
9699
7002
11495
9053
7477
11114
11733
6940
11026
8988
11252
8253
8280
11737
10468
4632
3644
10024
6677
838
3377
7265
6162
9178
5362
4776
2934
9826
10584
2896
2438
10663
5515
620
7463
10667
3103
11888
46
6262
6623
4484
11572
124
2421
5713
1964
506
684
7306
9541
5284
6779
83
4735
6581
11780
10035
5343
1558
7173
8593
8970
2621
2873
5190
9654
6698
24
6488
646
324
8694
11590
7305
1077
10536
8386
8575
9828
4941
2342
5643
11634
9881
542
3562
2009
1124
11583
8019
9008
3609
6445
5649
9817
5938
3986
6372
1963
593
6572
9468
10360
2846
11485
847
3365
10991
7404
7351
7920
9578
1288
3059
5320
1169
856
3121
6904
2278
1296
8785
5345
531
9893
5992
10846
9631
10261
11240
9646
9919
10973
8927
11607
2664
11053
6784
2166
296
137
10414
3498
10594
7818
10774
7175
1781
6387
9713
7658
1078
1306
9955
3247
2304
3033
1411
1100
4887
4779
10521
10088
8777
2270
7566
2751
8847
9495
7992
2202
7208
6650
8052
10908
5355
11556
8918
6614
1504
1053
7604
7243
443
5712
313
11385
5219
9486
11122
5208
2922
6642
3733
2666
4965
2900
5625
583
4411
8587
4642
5508
10181
9442
10798
3483
9457
5165
4578
1952
1150
4535
1072
10818
5690
6756
9494
5244
2710
8700
6491
9159
4562
8072
6876
7955
11365
6029
3915
9070
1602
4303
6473
5876
10312
6040
9150
10287
6901
11088
2854
7551
7892
8944
5668
8696
447
4652
6139
142
3507
8790
9719
4445
3440
1745
2733
6444
2450
7270
10982
6392
4362
2968
6579
1341
9321
440
2464
11918
2
10790
1145
2888
1495
4227
1865
10396
6380
8727
231
11081
2169
10564
1455
7841
9997
4644
146
3517
1622
9926
1880
4075
7018
618
4401
10756
5887
10716
2419
6056
11661
8054
2258
4651
5139
11401
1837
8938
6648
2413
10500
9017
10187
3077
4331
4222
4065
11494
7568
3188
4419
10077
9177
4257
6354
1349
7435
7327
10071
2404
6352
4129
9324
5670
1801
2116
2916
8901
9701
2852
2977
5100
7550
9204
1666
4247
1270
18
2530
7317
586
6831
8925
3998
8398
6515
6856
3519
10458
883
11493
5455
3535
6405
10486
5121
4914
306
2360
4686
4853
4457
6428
8741
5267
1107
4830
4617
2427
5217
2531
4835
1213
4113
5056
2006
1969
3494
802
6110
5568
8233
1324
4157
3952
7514
8687
10090
7399
2330
3718
7724
5310
7003
6390
10879
5865
1954
11573
10270
6245
9314
5078
7360
10277
9152
8457
6185
1820
3600
6218
11591
2738
1158
8611
9565
9018
5776
11292
5077
663
11140
9016
8273
739
6696
10469
5337
5780
6850
9245
10491
5086
4246
1500
2099
6054
8701
9549
8038
11734
1826
3679
9882
2332
910
11925
3346
6333
3474
3492
3419
9629
11486
11454
3769
5452
9136
11392
9656
10449
2090
4533
4488
6048
10665
5550
4403
11538
1505
6524
6498
4650
3528
9981
6426
9306
6730
3006
299
9063
9186
7441
6707
960
1869
6470
204
3993
2148
3111
7470
10737
1313
5392
577
11679
7382
344
3347
2780
11420
2365
9188
10656
2031
5417
7152
3016
7017
4007
6671
1223
11472
747
6847
1547
2364
9843
3625
11684
5363
10995
9512
11774
8916
7182
5335
7814
2287
9087
8971
9892
7009
9591
476
5923
5667
7685
4409
9704
3544
3590
8704
215
2815
7157
4094
2017
11629
2969
4077
4480
10269
10772
3782
1392
8820
4641
7116
4164
5492
10889
1037
4515
5811
9366
926
881
5725
2958
10415
1360
169
7467
3240
10226
9558
362
6077
4615
8961
2052
1071
7011
4722
11463
7958
6248
4634
7337
5033
7832
8880
4966
412
6603
5615
999
10070
5933
3881
665
8684
10962
9141
186
11915
5316
3638
380
5578
4951
10082
2007
10459
8964
3075
8108
5002
5762
7333
5127
11247
8601
10802
791
1756
989
11063
3170
9343
2428
5193
7414
9611
3276
3913
11765
9331
5307
8955
1176
4447
2511
10430
907
366
10945
4744
1779
10179
9505
8160
11638
11931
3230
8029
7008
1583
5407
10180
2340
9226
3753
5212
5065
2548
11067
6678
8765
1591
20
1979
10348
11311
7904
6180
469
2014
3097
3690
10934
2493
11502
10613
2276
11518
4391
3429
2212
10888
6626
11656
1224
9164
6509
1977
4833
10833
6577
659
10707
11428
953
6145
8673
1960
6950
5330
8070
1708
594
4158
8323
1465
10347
9478
11706
7144
2771
1026
10546
6284
3014
1998
9126
533
2267
8297
11663
4285
10799
8855
3206
1898
9980
1321
7426
7688
1159
11522
2377
7594
677
7102
10762
1405
3186
2988
10815
2395
6734
7670
11143
7245
6453
1221
8083
10061
2402
3183
10834
4978
10620
2683
11692
865
9064
3979
10007
5771
10701
621
8264
10044
9344
6203
7794
2890
11726
6460
3616
729
9007
5996
1862
27
9281
7489
9506
9496
4661
4410
7166
10861
4024
8485
4815
3393
9727
5237
3129
1690
9332
6407
3436
4312
1295
6911
2583
5238
965
3312
3303
3755
5230
5433
7179
3867
155
7352
1915
3057
8946
6720
672
7864
6559
4426
10267
1627
10062
6893
6388
5802
438
7963
10575
4389
4625
5015
5920
3709
1189
3994
10586
9250
6391
7121
2203
5716
6680
4249
3051
261
10278
9334
8561
3192
10177
5120
7336
11116
5555
465
6658
8854
10550
1798
9529
8379
1825
350
541
2113
3599
2828
2987
514
8271
11707
7611
223
4212
9594
10465
11301
2843
406
6037
649
5255
6189
1297
8749
5640
5325
668
9560
4437
1645
6315
2753
9853
442
1842
6851
11349
7587
6010
3869
2878
11303
7895
2746
6930
1457
6478
6063
5924
170
8414
1932
9459
1890
1511
6184
9864
8155
2386
9414
11719
5436
5733
5778
9388
6649
8917
11044
8053
4016
10860
7819
10117
10351
2765
1199
1260
1594
4911
11189
11322
6922
1379
10780
7674
9901
6786
7809
9818
946
10431
3327
1725
1527
11431
10581
9592
1711
10054
7427
9386
2598
2999
5766
10999
6859
5758
11035
3161
9100
11391
5788
6570
6797
3105
5904
1762
748
3825
2747
9137
11743
1900
8641
5626
6884
7585
7237
7246
6523
3491
6427
1160
3583
4173
10734
1973
5437
4266
1475
5200
1503
10923
3724
8822
8332
631
11329
7314
1006
9452
5416
2926
4673
7614
5402
1091
7965
4529
5273
718
9943
8890
8334
1361
3255
36
1761
5798
4473
6675
10043
7165
4103
4691
6432
5740
4029
4195
3950
8196
4952
722
2520
2274
9404
3328
11610
11409
5021
7836
9224
4128
9636
7507
3005
10279
8710
1763
3174
1440
3957
7649
2036
8651
6750
3250
8107
10557
2608
1743
5807
4903
6135
2755
116
10144
1735
5573
3149
6778
6569
3987
6640
10725
9099
735
9871
8056
5384
4824
5847
2880
8214
10249
9280
6568
8335
9609
11393
6495
1338
9024
10330
1015
5042
10411
10729
726
7408
11421
3823
3849
8844
4542
11725
3228
4699
3413
1933
537
10069
7200
8709
3286
10638
3294
2097
5364
5356
4033
6191
4106
8134
3539
5030
2394
942
2656
11080
1568
4248
4862
2232
5426
2796
8991
5168
6199
8259
4770
7260
6299
10107
6021
7800
3701
1612
6400
1953
10692
341
1177
4633
801
5959
1388
2069
5831
3526
558
11404
11616
7242
7035
1043
1621
1968
7630
1069
1600
6256
60
6417
11008
8712
5976
5518
10286
7471
11274
8565
5067
2383
448
11077
4041
1082
258
8781
2565
10145
3089
7192
10647
1133
8514
9945
3674
8755
2591
1087
5112
3465
2041
1872
1838
7805
3995
1575
370
6363
6293
5444
6796
2719
180
479
10379
1410
10289
2187
4565
10927
2306
10161
10728
225
4003
3205
10637
4481
3750
10567
4110
233
8296
2114
6283
9965
6885
4663
8232
3669
1797
7395
6234
3275
488
1609
5892
8489
6957
7004
287
10321
11782
528
7020
6777
4912
2653
2935
3394
9586
11106
6355
6489
8261
11832
10918
954
11086
8853
11098
641
11068
9933
1271
8668
6662
3399
1459
1709
2194
7199
9351
2193
1863
3313
10087
11841
9694
11690
4799
5699
927
11283
568
8469
2158
3044
7353
9918
2301
5262
2303
10565
5113
7900
775
10242
9550
9423
10397
2126
4670
492
5823
2842
2971
10276
1843
4795
8432
10842
4690
10015
6464
8378
2887
6212
5064
11036
11403
3642
6028
9619
8234
4169
11576
9820
81
11059
11674
909
3248
3437
6030
397
1581
11711
10601
11358
6264
9467
2054
2504
11132
6345
11341
5779
6617
4346
2985
6455
8975
7548
5451
3833
10721
10537
5860
8560
2033
4821
11364
1478
5069
10898
8972
5894
8930
2382
11224
7687
5194
6020
6995
2645
2477
1311
7377
3926
11025
1196
3122
8909
8137
4867
10050
10358
11618
2411
629
519
5110
2517
4300
11207
11913
4734
938
3269
1855
6830
11895
2639
10136
206
8957
10439
10251
9294
7479
11601
10306
10437
9288
1828
2400
8126
10127
2409
11504
9258
9600
7740
375
7768
1680
5797
199
10693
4452
3359
8048
214
11242
11104
9114
4183
1809
10487
5352
2654
3692
6634
8898
11306
10518
1494
2061
11728
9027
8426
6337
6012
9908
3202
7139
10244
1819
7749
4177
1720
234
3472
8521
1810
8187
1716
2953
4014
9179
11647
645
4038
956
5470
402
6625
9702
10700
4344
8622
6311
3147
1214
9666
9897
3093
5136
8656
6801
4381
11150
6292
529
4826
9604
125
9367
10331
1171
10313
2827
3985
7535
6857
10844
1232
8758
4146
9267
15
8295
9006
1212
4069
4569
648
9046
10843
6686
9443
9593
3697
5662
3455
6794
10744
403
7928
11323
1033
7786
8838
3156
2702
8911
10941
9416
5226
3543
10098
10078
5942
9740
9466
2068
7747
1018
6479
11382
9898
10664
10851
1000
5182
8289
11099
10955
1365
3229
6767
8322
457
7193
7775
2837
4866
8170
6659
3150
11823
2474
2018
1563
11045
3024
5689
9124
10980
7981
9628
8759
10689
5327
7146
4664
9953
2204
2412
232
5950
10446
6660
3366
2044
6382
3310
54
452
10133
2213
9690
5420
307
10718
5514
1261
304
11261
339
1788
2376
9431
560
4804
5490
9036
2234
9801
7885
3935
7971
798
4275
8387
9440
7010
3790
10338
1818
8119
11724
8503
2062
4871
9218
6639
404
8016
8027
5591
8268
3510
5266
10367
11864
3249
2283
5141
637
7074
11432
835
2027
4555
7742
2160
1707
8623
4849
681
4731
8983
7065
6306
8659
6343
2909
2481
7372
3598
2807
5940
11655
7030
5525
9613
5685
9312
6947
4345
8359
6211
251
4150
1179
11149
3953
9873
3224
8143
8493
1073
8390
10464
8551
3931
7229
10865
3320
9277
8552
6454
4992
4697
595
7281
4546
11278
6576
6900
5744
11171
7937
3545
7777
9240
7540
6882
3133
5878
2823
9754
5681
1638
10045
5172
3949
11410
7593
9476
4536
6459
2179
7668
11158
548
9996
3791
5553
10610
7049
9330
1501
5922
5600
1536
2960
11023
4556
2347
10897
2510
9098
6622
8462
4047
2994
3411
3305
8333
11198
10510
4175
9780
10617
11499
2476
9528
5128
10032
7021
1519
4564
6868
10222
10280
10037
9340
11315
10212
2485
4976
3971
7773
7371
10825
43
4547
5519
9028
6038
1476
3203
6945
1827
793
1637
6399
6280
1115
161
7315
8747
6813
3860
6129
2882
9342
11612
1447
9181
11815
8675
10559
1279
3041
5123
9969
9929
6587
1042
9865
10530
4677
827
1449
6855
5632
4290
450
8178
3555
9605
7881
3895
8800
4219
2358
11324
7094
8574
1167
8073
785
9412
8306
8665
10257
3466
6100
9712
9317
7927
5084
4740
9315
6948
11503
3601
10295
7056
7908
7785
1811
9097
3670
4626
7830
510
10404
5020
7570
35
2449
882
5732
267
286
4860
6320
9290
10646
5496
7100
5388
4160
6877
10970
9789
8449
7218
8738
10527
9520
8062
892
2769
4590
10221
5551
2877
6749
7684
8219
10195
7863
5624
8363
5967
2418
2463
11513
10915
1144
7252
9829
1793
1541
11625
2798
11256
2661
7567
4434
259
4400
7712
10235
8142
10979
4600
9559
110
11094
6553
11203
7282
2115
8584
3141
6064
10811
1667
11221
4852
2972
1648
1257
7300
3643
2536
676
10953
2518
6335
10296
11231
2555
2302
5122
10432
4385
2130
4537
1590
7837
6506
10773
9555
2015
8720
1216
11783
1961
9614
3085
11574
9153
9051
4610
3410
9665
8424
6013
6229
2789
3177
8344
1860
556
11617
8290
6993
7054
6183
971
3772
1982
2567
9776
3030
9078
4879
8912
9771
11180
10171
4051
4758
3458
6811
10937
9730
4236
5707
4444
6344
4311
890
8774
268
11621
4885
810
10531
7730
4808
2996
7238
485
10051
474
1564
4193
7118
4321
1491
6722
11179
10297
6866
9765
3683
11197
8619
10514
7764
7355
11646
7359
3636
2904
9200
3022
8199
3607
11040
4627
8479
3358
6725
911
6770
52
5293
5570
11248
2697
9973
584
1719
3943
2663
7839
10413
4745
6091
9384
7633
5109
8416
3538
7651
5114
2544
7273
9322
9335
8164
1142
1657
3521
647
8908
11386
2871
4078
5579
8979
7181
3076
8317
2573
9074
11250
11769
7364
8243
744
1287
4167
1936
11159
3573
10388
8530
6848
9659
8817
4875
4925
4421
8441
7107
8808
8539
11540
4985
6136
5606
252
6360
5235
512
763
5011
6687
4380
9092
6937
10239
5857
8818
6120
8864
1460
9025
5955
10428
2216
10666
11807
187
8882
8082
11212
7946
6167
5046
3482
11241
3905
9133
9222
3384
4399
5465
6842
1937
1250
8161
8737
11837
11330
332
7326
6887
439
3944
7613
872
9547
8484
7949
6514
11806
2689
11134
5003
8405
2106
1431
5841
700
6099
612
11232
4993
3395
11827
6055
11762
7659
10493
6342
10639
854
8650
5184
8926
2691
42
160
28
9574
10797
578
3238
11027
6631
991
1118
11205
11445
1104
8594
7084
1052
10636
970
8466
9872
5060
6806
3124
9523
5010
8504
7999
1997
11295
2709
4211
6137
7460
6243
5236
4780
7350
2051
1153
6409
11204
10873
7251
4886
10154
1537
3339
10169
8034
3647
11906
4986
10478
11123
8036
7036
11130
9289
1601
664
1847
2063
9089
249
5896
5742
11553
7494
6500
342
11547
7297
3817
11097
9375
4500
10188
1729
371
5102
848
11747
9721
8819
8876
197
5580
9082
9569
9213
1861
3095
964
5247
5589
3214
11184
2778
5348
6300
4443
8002
1539
2933
2571
3717
3322
2889
6793
8655
8080
8892
7361
10971
4272
8640
5939
8001
6230
3026
10872
6828
7991
4619
449
1496
1383
3922
5191
5253
2818
9019
7560
11702
280
3194
3015
7171
929
9648
1096
710
5411
8954
5816
8943
1817
10135
8506
2708
2797
2288
4318
3984
2432
8570
7652
3726
1532
2584
10604
2836
10900
10339
6902
4889
5572
1852
9622
9249
5075
1333
4363
5347
3185
4778
1415
5145
6909
5604
8093
9974
8030
9856
1343
11608
2879
5482
5805
2706
10176
3708
9376
11736
8354
7497
486
10196
5534
9160
1097
3267
3574
7858
7598
3265
1926
5148
8336
1493
11609
4119
10978
4111
368
10682
3345
7667
10997
6516
1901
3546
5562
7373
5461
9960
1887
9584
7468
9010
8372
9163
6117
11034
5204
2549
7180
4753
951
4335
2574
9173
9514
5442
504
9749
10852
7530
3645
1456
6378
4501
11787
7135
9521
10009
10952
414
1448
5156
11257
11170
2699
11339
4151
2886
7253
141
7380
1617
11049
7488
6002
11862
7066
1710
9686
4924
10600
9844
8079
2979
10186
8502
2976
10824
2089
1277
3373
11521
2240
2717
745
5813
1513
11666
3008
3012
3184
308
7710
4475
8763
151
1233
2783
8147
10878
11126
7801
3445
1923
5290
9117
7093
7031
9834
2744
9551
8801
2927
3800
3896
2648
8394
9785
5704
11907
10080
8091
6913
5375
2853
7882
11773
11054
6776
8117
6182
5786
5688
10150
7398
119
4049
1619
3962
3152
7513
11376
3025
5523
1432
209
5986
11709
10376
3941
5883
10198
3831
11287
2141
10735
5546
4581
9693
6652
10779
3449
8191
10473
9515
952
343
7602
11465
2067
3818
8327
2249
11817
9378
1036
8263
1728
4453
9793
2936
7280
128
10422
3066
9791
10208
8894
2998
3665
3213
11599
1959
604
7620
11654
6103
2943
11302
11394
4987
7022
1170
8406
11500
6318
6860
7001
4273
1386
4588
6370
5254
3107
4607
11267
11742
1374
290
10352
3336
7973
919
6365
2905
1523
8568
8324
2420
7917
5281
11653
7236
8956
4076
8299
2393
4822
487
5867
9564
3781
5946
701
7108
1005
3966
10935
6158
8495
7379
5443
9681
4023
11771
3761
3816
2279
2990
9548
4474
2898
8136
7503
6397
4499
8396
2339
1802
6094
2151
9286
2770
3589
8624
7496
7409
8412
2005
5552
6469
1009
8597
7012
5222
1784
1816
4322
10259
11229
4086
10000
8939
4174
5770
5724
8111
582
4678
6840
11664
5031
3808
4931
376
7750
3282
6758
8745
5914
2628
6812
3878
10961
10356
2616
7845
6923
2152
8862
4689
9540
864
9348
2736
2779
1924
2042
289
4202
7325
10368
6589
3435
74
7147
4223
226
920
10672
1673
782
10152
5542
6351
2205
5294
10853
6518
811
10485
2233
4587
11708
5308
3070
8809
5644
6146
9308
2242
5973
2635
7299
1314
6931
10034
8874
8037
11490
8252
3088
2944
7153
2171
8677
4525
3049
4950
11340
10307
8750
6487
8246
10926
8129
6031
4803
8102
11593
7539
11825
466
602
4983
1396
1593
2860
1692
1421
522
10522
7091
8523
11368
6757
2456
10160
11897
6715
9924
7639
3716
11142
3527
3417
6416
3233
4933
3534
2961
7062
2801
10151
3376
9493
8352
11175
816
4959
3894
1853
10503
2184
1721
2004
7319
928
8856
7397
34
5346
1098
10950
64
5969
10870
9827
10628
4524
5059
6415
7911
6706
7856
9848
6389
7247
1316
9108
3368
8615
305
807
9557
3367
493
7289
1935
2756
11348
8614
11125
8863
4553
565
10333
8776
1510
809
9215
3283
8044
2070
10153
9187
4777
3160
4156
6263
3671
5812
9956
10096
10576
144
4519
2259
4681
9272
1001
5930
2761
8728
11922
1259
8350
7675
1387
470
7623
4732
2431
10014
2079
4056
5987
10712
6606
7776
9718
9798
7444
9889
3456
7083
5985
3903
7634
596
9857
11377
9685
10548
654
10595
322
5380
10343
6297
4788
10698
10816
3832
2320
11202
10746
10745
11520
8209
6480
983
6252
898
7512
2918
96
1484
11259
1181
5303
2096
10451
134
7316
693
8470
3165
11881
8497
9189
7048
8585
9846
1450
7363
11878
4870
80
7848
9143
11383
963
9091
1522
5832
5806
4349
11933
3447
5022
2679
3318
2895
2296
10081
675
2368
6536
3871
2729
11043
7103
279
326
4483
11176
4148
9691
4930
6499
3080
8444
16
5119
6905
7557
5209
5372
1126
5866
1531
3193
1639
331
3897
6858
5487
9216
7225
2374
10685
11
254
754
6964
4760
10224
5825
3003
6290
5051
691
3723
433
10599
2022
434
9209
7450
3672
4372
2104
5554
2324
5627
6081
389
200
10055
3796
7226
803
4713
359
8007
1404
2251
7197
6000
9361
2387
6326
2915
4465
5399
7629
5164
10770
2043
511
5301
10826
11914
384
3556
4552
1235
4749
9233
2949
6814
10225
7490
6086
5400
8440
3062
4310
3264
11096
695
2637
6955
7701
5183
5095
1178
2742
6733
10585
8417
6896
9341
4042
6571
10068
5840
8952
4518
2311
11333
5473
1086
3476
5777
7378
11539
2643
5258
2295
5751
992
6992
6875
9180
1135
11662
3768
188
640
3408
7697
4070
8606
1422
1122
4482
2499
9963
4337
9234
2186
3268
4102
717
3431
11492
8074
5686
154
1572
4068
3043
10001
431
51
9709
222
7921
4291
4939
3618
11072
1864
6985
8973
1744
5672
8993
10817
11517
8314
9880
7936
6607
6174
6562
5795
4598
5167
9522
61
2448
7903
7234
1653
11639
5354
2175
5039
5506
9339
10477
5560
8208
8963
2519
2098
4130
11932
4724
609
937
3493
6714
9154
4771
2925
3296
5472
10782
9169
11374
6967
7028
5429
6959
5319
5479
5428
10709
10125
3139
3331
9502
9033
11422
10262
2585
9145
4256
9088
3582
7174
1775
2085
11563
8342
4329
1640
241
4968
11710
8848
2391
11630
8945
6481
1063
2466
2832
3960
11195
8496
11437
4573
2356
6676
2509
3500
3661
4601
92
11162
7769
6408
7288
7738
6891
5789
1325
10241
11535
11285
2995
7998
5024
666
56
10726
7416
11855
10189
1217
8543
1691
6228
1780
7957
3579
5991
1089
4813
5993
2790
7534
3239
5150
6783
1276
1419
6127
7616
10223
897
9836
11052
1529
5202
2672
5321
4214
11251
10792
2602
9729
6172
7751
11069
2269
7823
253
7163
2078
11886
5617
4374
7424
5596
513
5245
8287
90
4794
6112
4139
6775
2241
6533
7875
11186
6307
8434
1252
7369
4032
2239
7210
546
468
7481
5564
601
11904
1879
11418
271
3420
7386
11860
69
7820
3968
7678
7053
243
4002
1486
420
3285
5869
3530
4093
100
9970
7549
4560
6604
9447
8127
5951
7935
1304
2321
10810
4961
7909
708
7486
6346
4330
8928
117
7945
2238
9105
6946
4293
9475
2162
7976
6138
10271
4079
10433
5645
11141
1646
11850
5767
1737
9304
8505
8579
7868
11790
2855
10305
6036
4031
3168
10644
5456
11105
5793
2963
4097
9197
4408
8008
177
8810
3868
6437
4671
5334
6527
2764
4572
9080
1285
2989
6194
3481
6353
5642
4239
4580
1530
8244
10954
7472
9710
432
8304
9155
5910
5544
2243
9744
5192
10783
9065
3904
2670
11738
4178
10622
6039
352
1132
10466
3257
6163
4895
5590
3681
2864
9737
6994
4727
4938
4357
4241
8920
11304
1545
0
1942
1433
11789
1059
1231
1061
7938
11756
10442
8984
4894
2076
3426
9854
9556
10683
5246
4284
6703
11510
4186
11233
6839
8676
3664
3086
9422
1275
7184
5654
7693
6739
5814
7737
7422
6373
10702
8900
6526
4040
888
3151
10114
622
378
9766
5595
1113
3537
10968
8937
3827
1595
5703
9830
2188
11062
7436
2197
10284
7307
3798
3338
6435
521
10963
6599
8071
2135
6023
10631
5563
1846
6254
3403
4034
422
4304
11477
4464
10752
7038
5834
5714
3382
10060
7953
11916
7597
7867
7324
8368
1467
6621
685
7741
3745
4191
7899
8533
2134
1206
6434
357
3646
6414
11870
6974
8026
4292
8775
5717
9951
837
5650
9627
8075
5132
11438
5588
10910
2185
10410
8559
11216
8395
9731
6369
9235
4084
4947
6104
2144
2932
1080
8279
9621
3845
1889
3068
4825
10835
3116
11112
10871
6774
6666
10563
10394
10323
8216
6310
4295
10429
6551
6171
11133
4101
7571
8385
5901
8997
4258
8866
8057
1035
10924
11554
5559
3210
8190
8739
8325
8682
11196
7872
5149
3212
4884
1502
10214
9870
3284
1856
2000
6227
1891
5257
3653
6271
4726
6795
9602
4896
6468
605
3889
4123
5705
1980
7298
5850
9380
3130
5902
4050
3880
4534
11414
3232
7956
4897
4635
7980
421
10906
2700
4516
11467
8494
6532
2024
9664
1305
6550
3719
3826
10342
9794
7940
8839
2405
6541
7046
11009
1917
10334
1366
7647
7552
8066
3501
10540
8792
1567
8875
5005
4274
6101
4131
4669
10511
8124
6076
4472
4606
5830
484
3035
333
6667
2414
1243
5410
5949
5671
520
6451
8064
1
7695
5274
7155
1046
6542
3925
11213
8757
11220
9430
7873
2566
5507
3329
8145
9909
8628
7478
483
5815
4301
4709
3140
1127
9379
2816
10820
3890
2023
2125
10496
6598
9406
2117
10320
5731
8773
9195
655
2123
11169
9944
11411
4597
10960
1703
2986
3975
1180
774
5743
5607
10727
2250
9979
11319
6605
6991
667
2087
11160
7476
3017
4245
3273
6247
673
843
10675
4662
6873
6693
4087
9720
9532
10357
9745
6274
10100
6406
4382
7559
5879
3364
8965
3602
3087
1249
4609
9920
10554
6164
6329
8272
2355
955
10243
8542
8133
7089
4997
7233
7521
3888
6059
799
8686
5533
7081
6805
555
731
3258
7292
2351
3260
456
411
2564
1782
6027
7308
9927
10106
947
9415
2468
4857
8341
5464
2817
3463
7227
9676
5888
4417
1198
3048
9261
11798
7810
2410
5001
2482
2285
7947
3887
3879
2913
4463
6073
7458
7975
11880
5220
11151
7840
2954
3799
8487
2384
2841
9839
6090
1950
1833
3013
7665
834
11834
11031
9134
5228
7080
227
638
549
5272
857
8084
6788
11013
10649
1143
5366
5276
7715
10899
9991
524
8998
8702
6463
10159
3422
9456
1194
2058
10662
2349
6109
262
10143
8821
11697
9333
10602
2346
6929
4725
3563
11611
3565
8478
5146
2178
5382
11548
699
5336
11688
1369
3870
9582
1754
5082
5239
8981
10837
11549
1280
10743
773
5947
3330
10140
11546
5905
460
862
207
789
6301
8604
3375
2711
1829
5499
9101
7026
7793
3169
11079
8397
5397
3525
4461
3715
3628
7407
9784
7082
11124
8020
3311
6226
10645
8731
11555
600
3356
55
3553
10059
8794
7228
2121
2314
1477
830
1420
5501
2657
7962
126
8163
4367
11565
619
1034
3520
5289
2008
114
11328
6802
2501
4708
861
5298
2348
8162
11890
1370
11899
8748
10653
9674
17
7575
1986
1988
863
11384
7531
11193
9015
2430
7622
623
5695
10986
8192
4340
5897
11819
11797
9657
1028
73
9682
5759
6723
9677
7508
7731
4355
6014
6578
11187
4787
11843
8109
1197
340
10591
1401
1681
1323
4124
1576
7433
4922
7578
11778
4021
2107
10460
4230
8459
5877
10482
1664
3773
2851
3509
3418
4907
893
11909
7696
1205
4209
1307
9069
2401
4759
6255
4805
9377
11360
1395
5761
3179
10252
7254
8367
11781
591
5886
4742
11331
4705
11531
6554
6513
5680
1090
2375
10475
4974
4949
839
8345
10626
7542
7787
2931
4563
9971
11519
10378
4430
2970
10771
8872
6443
2423
8226
7368
1240
10674
11530
6832
5285
3877
8746
3409
3158
6175
6668
6108
1334
2673
4643
9072
1748
3627
3321
9683
7188
3444
11466
1414
4436
10315
6716
4455
3023
8795
6540
88
7589
8173
9323
8768
8380
3777
5848
10194
4348
127
10086
9531
4915
7202
5158
4618
2562
6973
998
8151
1234
4228
11580
4979
3421
6282
7579
3863
4006
65
10987
2437
4977
10091
3053
7827
3363
250
11594
4905
3654
10592
9987
3499
10676
8786
9196
8989
9362
812
6740
11260
33
5263
766
9115
6920
4790
5748
6253
11508
11286
1655
4365
9038
7666
7290
3197
8791
5408
3741
6552
2833
10406
8522
8286
2681
4517
3349
11152
9891
2508
4877
6560
1914
7162
3978
2612
6436
7606
2897
11682
7544
4407
7261
2025
1978
11751
7972
1442
1162
6122
6225
162
6846
10484
3744
6721
7405
6472
11018
2292
2207
8713
3762
8021
7400
3696
5616
7569
826
9928
7822
5474
6966
5012
5535
10890
3637
7413
11041
7821
6102
6067
10217
6371
1302
2924
7271
2315
3588
3512
218
5176
7859
2341
2260
2609
8100
1062
321
295
11761
5159
4276
9641
9287
11814
8811
6319
9132
5006
3223
2592
6424
5715
9917
11801
4394
190
72
118
5516
9596
6869
10829
4571
9303
11528
7755
4592
11715
9510
5338
1402
5679
8948
5129
7442
1356
5174
4375
9638
8754
5697
6379
4205
1636
10258
3471
5824
9703
10819
5037
7262
5760
5982
1996
11636
3662
9071
9774
6148
9647
9268
6936
2859
5822
8254
592
8534
10402
6766
213
10126
9353
4025
10914
7138
6792
3970
4088
8529
10185
6644
224
98
9610
7126
7989
216
1699
8227
4544
6325
9910
614
3932
9479
5435
10033
3332
4679
4706
208
5708
441
7072
3400
1836
6001
424
9349
7354
8063
3480
8603
4880
263
3858
712
4583
8081
2528
3138
2080
762
10495
11567
335
9999
6166
7866
1555
2716
11006
3907
3840
6545
4591
10072
8421
4806
9663
3571
7910
6561
2698
1892
8461
4996
11310
10131
3219
4237
10891
2230
7883
4520
1079
934
636
4554
1662
6022
2440
9073
1757
539
8217
4582
3914
10046
394
10874
6752
7748
2945
11592
7532
11628
9109
6004
5383
4196
3967
4616
7732
5370
244
6041
7954
10618
5280
1050
6272
10538
1207
7343
6743
7828
6130
2634
1060
2590
8865
5186
477
11720
5884
2378
9244
10385
8613
4384
5028
8678
4654
11846
6361
925
4220
7729
6334
4356
38
1154
5509
10583
6697
3201
2403
281
7189
