10637
10707
10565
7496
8399
11702
7315
6167
10042
10888
9312
10612
1870
4303
339
3689
11698
8424
9521
7391
7883
3409
1181
5508
2511
10377
979
4185
11628
9953
4957
5379
8214
1406
4104
10078
538
2204
8368
600
7476
7323
8433
1612
3880
3295
11674
3285
5012
10033
8648
11872
1351
929
5339
5578
4794
11736
2454
226
11286
350
6624
10465
4554
9268
11140
942
11089
4106
6630
1423
4842
565
1060
10793
6228
7146
3869
852
6252
10953
6785
1159
11675
6831
3366
9344
6532
8839
5956
7877
5677
10288
2169
8828
3310
9440
11178
3690
1511
495
9089
1873
2403
2718
10010
5640
5381
711
457
11468
6000
79
7658
9351
3570
5779
3826
10059
8144
2499
11395
3763
5227
549
4871
4707
6651
6569
1622
197
5078
4806
5698
469
11098
6027
10341
5424
4312
4454
7359
3962
1851
6435
5464
1888
1854
1635
7018
11458
20
7603
456
4553
9424
7948
8028
11323
10909
199
7252
2626
10475
8998
10838
4519
3355
5110
808
1105
10440
5965
11266
11274
4286
6427
6966
4889
6549
6860
844
3170
5118
8669
9792
1046
1073
9703
10207
8929
7840
5852
5859
4858
3843
421
1720
10763
9816
5976
2337
10887
934
10052
9677
1302
5869
3815
9295
6704
4268
11197
6202
11609
2896
5663
2638
695
11499
6932
2621
7539
5955
2117
6931
1673
2845
8801
879
2323
44
3283
4167
5571
578
305
9748
4263
5905
5699
2366
8674
645
10879
8893
4724
7684
9053
11619
10834
2908
10180
11115
6605
4502
6136
9236
8008
3368
925
4201
6410
11225
6022
7955
9161
7737
8739
5812
3206
11823
7606
3033
4182
5813
10729
11562
9074
477
7882
8335
10626
4906
294
5176
5652
7811
11510
11079
10269
3602
424
1368
5840
771
8018
3008
2391
1068
11728
6329
5357
4516
4997
461
7804
9458
1745
8350
9595
2018
7037
2653
5330
2878
2211
9244
6730
4193
11467
9880
2087
11430
8027
11593
5732
1685
722
2214
3130
7911
3319
11296
8937
5696
2630
8255
8741
7022
8377
5320
11684
1636
10079
9893
7459
3156
8691
5068
7846
6013
3574
3132
10459
2490
2437
6040
10720
5155
5528
6855
4016
4637
6945
7471
5077
4520
8425
2684
4570
3948
1970
6365
8794
11799
7269
5114
9182
2664
1186
3429
2013
10932
8476
10574
6064
8007
2447
4850
4615
4060
8323
6884
7461
6463
6918
2004
7012
10950
1250
8484
406
3169
3581
483
11886
9386
6797
2259
1208
5535
7855
5932
1770
10761
3718
6364
4740
8245
7670
4646
11429
8012
1865
1753
9947
6946
303
4552
5447
10297
5103
1019
10891
4501
6514
5388
2997
8403
9835
3592
52
8439
2752
72
9162
3413
7505
8696
2962
5497
6560
8062
8565
9326
2321
8253
8660
7062
5353
1563
3475
1455
4142
9647
5960
1774
744
1243
7588
2378
10801
5686
8496
9289
1197
10262
3419
2050
10088
703
4832
511
11490
7028
43
1514
3552
8043
8155
11315
573
11770
3264
1500
1997
11835
1528
5172
8892
8785
3571
5597
6185
8133
9848
2698
9666
5573
7370
11410
3620
10870
7899
2558
11393
7756
8952
10142
5768
8000
1798
5121
4470
3282
8434
5515
9342
5024
2418
4725
9272
965
9125
2934
7688
1474
5704
9656
6056
2
10505
7360
3286
5723
7210
6716
758
8164
4212
9371
11157
4598
4283
10441
6148
8975
3204
3231
3399
3489
2905
1717
312
9672
7594
1699
10710
316
2405
6867
11846
5345
6715
5749
830
2251
10689
5500
2466
8272
5438
9250
7416
8560
2778
2537
187
4302
7949
10780
7830
1135
9973
3789
1018
11744
10367
8503
145
11783
6707
5231
7651
8991
11517
7676
9387
8597
4608
6347
1028
2760
6324
4293
1305
4734
3255
6930
1239
10062
3474
35
2717
5455
9686
558
2152
11149
2063
3635
11322
8921
622
9117
2682
8766
8637
6578
6541
10989
10449
4583
4421
5181
5761
1628
8432
60
7631
8668
10987
11176
6453
7414
7886
1846
127
215
2769
10495
11809
8596
4805
6396
3267
10260
5154
5856
4970
11859
6265
3681
11375
3107
1784
5984
6650
1815
10458
6545
4462
1280
4671
5913
2742
2509
848
7685
9281
4573
8224
2940
4236
4580
2231
3321
384
11166
3647
9037
9110
9007
9915
6702
11881
46
10566
3292
11652
11060
470
1811
4382
9845
11853
10143
8334
10016
11798
10108
10554
821
2347
6392
8525
3175
7144
10863
6397
4716
2287
4481
11448
371
1199
1304
280
7722
4722
4905
10428
7161
1340
5850
3032
8199
5013
3710
9550
5082
9398
5924
7054
2733
11189
8109
8566
4841
244
11035
528
4897
6886
981
10547
2069
10487
362
2108
6207
2612
10376
11899
2501
4749
4025
6858
9287
4398
3051
5654
8853
1450
2538
1365
7602
10403
11769
9962
8999
4439
4921
521
1054
9982
9252
3538
4034
11715
10203
7184
1833
7281
3589
8918
4426
7575
5599
3510
809
3616
8721
1683
654
10600
10027
1171
1217
2103
6171
11365
7696
7980
11287
5771
4363
7480
4733
6914
9771
2185
2726
3868
7244
1541
9721
2313
709
10980
5244
10772
6599
9918
7220
5966
10951
11195
11916
10791
4231
4138
9443
893
6292
11346
5661
8838
5028
5083
6055
287
9917
8737
10304
5123
11026
2176
6211
6829
5051
3089
717
7624
11275
3311
9055
277
1348
9523
11413
3709
5991
8002
8209
2009
8633
6174
2666
1727
6311
1591
1356
586
2212
9083
1395
9736
4331
2573
5328
7976
5879
3147
11789
8944
1127
5398
97
4119
115
8451
11216
5138
2484
7944
2582
10835
5112
3097
3706
4039
2106
10284
1716
5572
9604
1595
4614
9785
10996
1496
10350
261
7847
6326
4043
5165
6819
738
4192
11339
2754
8585
1023
11870
7283
8088
6316
6452
10316
5474
11277
6073
6401
9056
9854
7890
10595
9172
4184
6028
6794
9739
2158
7181
4230
6516
8304
11796
7881
11068
259
6958
3094
5842
5266
9285
9416
9883
2607
820
5903
2854
6722
4375
7990
4012
3881
4930
9767
5480
519
3098
9710
11917
7198
658
5410
3401
4542
6660
3124
2355
2105
7759
7947
7201
7643
4070
9358
9441
5841
7677
11700
5581
10439
5029
7364
1640
964
5401
11788
448
5681
11761
4852
10926
6230
9974
6126
11485
10727
9882
3232
11564
11663
10477
9290
2113
4555
10170
1766
216
3160
3476
10099
2170
6885
4427
11256
11015
4474
11324
7741
11121
330
2880
2161
11455
8792
10532
9324
2481
6138
10788
8506
2252
9331
8422
11481
3068
263
11160
3426
8749
9821
1024
10684
5131
8098
7431
6688
6253
8934
8252
720
10221
9395
2023
6657
2616
4777
8263
1268
9861
5094
686
5338
4924
9559
2222
11536
10312
1485
3121
124
3961
7139
5183
5307
892
6757
4572
2844
1198
4349
8530
11574
6743
5537
4798
1896
7188
11311
4751
2801
10630
1424
10492
9600
7868
962
6270
6307
11267
9505
7153
10242
9046
7155
3661
8046
10134
3062
7750
3916
2690
331
5867
1646
9065
6093
5104
8161
6864
865
178
3373
3422
2583
6218
10527
8524
8990
116
2952
3395
537
10116
6302
11238
3548
3480
5542
38
10303
10586
8863
4861
5523
2805
6824
8957
4040
6913
6201
2895
8207
11528
3076
7400
8163
6234
5687
11063
5668
5753
3085
6552
6266
6995
8442
8938
6221
3671
8494
4092
1091
2465
4744
1977
6380
7423
11673
10811
6865
5374
775
3669
1996
9828
6891
11817
3637
9954
8134
9763
6300
10100
11294
10937
4021
9011
10018
3458
7379
7049
3906
780
9115
7299
7596
10583
7008
1834
5591
8705
4886
5561
1765
8638
2242
3608
2594
11283
9826
9097
117
1473
1339
7389
8685
10181
278
11575
1951
9637
5834
577
7728
7711
5798
396
7172
5402
10286
1059
3870
2359
3309
1449
213
5884
4780
11765
10871
10189
3799
11913
8759
2906
8641
9830
7521
10734
10349
4042
9486
10915
1891
4412
4812
429
8461
2040
811
6904
4491
9150
7191
3044
8488
11679
6355
9449
961
11013
5570
1684
4276
10582
162
7622
11198
1504
4310
4246
2832
11231
6182
10845
9091
1946
3364
10584
11763
7730
2656
3203
4301
5220
4372
7351
4272
1266
7478
5724
9844
5968
4763
11683
2421
9357
6104
4147
7345
9180
3598
494
10257
4650
2780
10044
4274
10572
3061
550
11825
5543
8317
10195
11688
1599
10762
8279
10061
9560
5822
10194
2701
11638
4767
9740
2184
6198
6965
8271
10041
3975
4966
8223
182
11141
9151
10402
25
10464
8602
8404
9488
4452
3957
8360
386
7395
11431
11025
6315
2936
9708
9818
7371
3696
9081
2017
8678
8936
298
4769
7162
1933
9404
1654
8768
8659
9286
10034
6245
3705
11364
9379
9960
8908
11049
4984
2771
7732
1188
2243
3735
1298
9078
1847
6163
6083
10478
8342
9425
150
3058
8955
701
3167
793
737
5263
11915
10361
9709
5427
5524
5156
5372
9609
6012
6409
11717
5901
11251
231
9934
8386
11539
2618
1008
8765
11827
1077
6279
9178
4095
8462
2133
9738
5733
10387
288
2301
3746
2711
11573
3825
8808
10790
3584
5005
179
9512
6191
834
5420
7720
11373
3093
9613
3382
9810
1118
8370
3265
1836
3655
791
10844
7692
279
11693
6264
1160
1689
6434
7819
11629
10158
6967
449
11707
1437
1610
4859
638
6972
352
10420
7695
376
6875
1235
5050
5564
8152
9044
51
10537
1491
2536
9006
8703
3024
8414
3566
6469
9837
10654
1206
3176
5931
8145
5237
8261
173
3142
4338
3149
3743
10869
2384
7912
2544
73
10476
8372
9584
8182
1861
6685
8830
10754
4011
10374
8593
6065
11207
10410
9640
5920
541
1347
4416
1447
9558
694
3246
6112
5895
4535
6038
1559
1519
8070
3852
3527
3251
9675
2104
2095
348
3939
10127
10451
4866
10186
6738
10357
1203
8137
3066
4743
10847
11278
11492
8234
91
2035
5361
9432
8111
8543
739
7719
1288
10051
8822
6671
6426
11449
7435
1734
9909
5130
1853
2429
10928
7965
9793
6795
3777
5164
6153
6668
6084
8206
7145
10681
10178
10231
3284
11284
8352
7724
9024
5595
960
7946
5885
10037
9019
7278
1509
7863
11310
8784
11598
7193
8315
9105
8880
3491
0
4195
5289
11725
6110
9902
411
4029
6801
5877
7587
7785
5823
10322
1078
6893
8358
8687
621
5636
3403
5490
9744
249
96
3455
1026
6165
8613
6337
512
1312
10026
2913
3067
9865
1961
916
10213
7839
2898
10753
9650
9783
4853
27
7841
9502
4582
4965
999
9242
1248
2635
6247
2394
8127
6649
1955
5335
10466
3412
2232
11279
9952
4876
2491
2346
8820
234
4229
5221
2843
7091
15
9754
10747
690
6117
4619
9981
3779
5418
11265
4166
3922
2935
2088
6274
9169
10332
2941
9636
2279
6846
8885
5947
1809
2850
10394
3725
4156
2986
3824
4726
1806
6190
3053
2261
8818
10360
2835
4831
8621
1096
5967
6030
8297
11257
3593
10230
324
9866
1259
7118
1799
9267
8110
8242
1428
2186
242
900
5203
11854
8682
8997
5893
3770
2351
6047
6477
8471
8664
4526
4078
6423
11682
7443
2045
4434
10388
5020
10820
1063
6077
3561
4508
4111
9134
11680
6237
9834
10271
9875
6677
3457
7559
125
3509
7558
3858
10503
4401
1701
936
7452
1505
10090
4879
1584
4878
10923
5145
7517
7063
3636
7858
7625
5273
1644
8340
7003
10270
4472
2196
8286
1825
10690
8882
10964
11222
10757
7828
6622
6244
10726
982
4771
4356
3727
4599
1000
10906
9943
9890
2189
991
10333
8470
478
7036
6633
10043
5985
4058
5382
6036
1456
8964
5127
3525
3925
2539
11787
4914
6662
6464
7523
1617
1410
7642
6680
10645
7000
8459
10485
9380
7073
441
9231
110
2467
11931
8624
1639
2535
1313
7116
10496
5175
7918
402
7094
3179
846
2449
9601
3591
4084
9298
5292
10298
5140
8557
9433
8605
11527
11114
10502
9477
5463
11330
5281
11412
7074
10122
8016
2278
10369
141
107
11791
5246
8036
8228
3609
4625
10818
10253
3786
8169
4169
1691
2167
5804
2770
5096
4994
6450
4704
7595
6406
4464
2456
4940
6121
2995
4409
5481
4590
765
3935
8902
611
4569
2981
8919
1555
10613
8188
730
2404
3564
10798
7506
2248
6010
2266
3070
272
9673
10990
7326
5780
413
4061
8561
2951
6291
1649
9197
9556
4222
6135
2700
9938
10917
5058
2853
2549
5048
10807
7337
4213
9062
1574
9064
6226
6612
5678
9712
10190
9396
7274
10860
713
8684
10087
10905
6175
1990
10649
6576
5267
53
8817
8727
2648
1404
4670
11052
1145
4132
3700
3831
267
4380
11366
11252
6792
8354
1189
1790
10393
6750
10384
3224
11394
1663
8864
2608
9755
4308
11117
8619
5436
4448
3572
6208
9731
5651
82
3035
3078
11719
4844
3400
918
4681
4839
9747
423
5933
5722
5042
5383
11582
11432
2637
2368
1960
1168
8314
3753
5977
6344
1572
2054
5726
1267
1783
8746
8241
5641
4238
3913
4948
5319
8971
10700
10015
9240
11790
2751
9479
3498
3545
4789
4175
7721
349
11387
10816
11043
683
1909
7090
10539
11850
2314
2864
3750
1370
8180
1167
170
11313
7165
9829
1999
5653
2888
11241
9001
835
4282
2897
5650
1844
314
4241
3579
4490
4607
7397
10225
9622
177
1331
5157
3950
592
6525
10546
6072
5942
6679
9233
4425
2508
2265
6444
5393
3484
3654
204
497
4698
1116
3228
4916
11162
897
7656
7350
10060
3102
828
5355
5865
4804
7173
510
7567
9054
10764
11580
11691
3599
9243
9621
596
8025
119
5689
253
5046
2781
974
2707
8092
6209
7922
5851
11513
5425
6747
7964
6982
8511
3679
11031
297
4623
7386
3346
10397
4547
7713
3196
4752
4821
10593
3844
2348
631
11033
4534
6959
2683
11879
6335
9
7749
6761
308
2168
3359
6540
3993
1393
8622
2868
6504
7318
8507
10006
1025
11855
3152
4473
4509
1006
3049
5627
4862
9682
2338
10243
1015
9717
2519
3134
6922
9808
7931
10617
8343
322
168
3345
6045
9146
1817
1143
6964
4741
4121
233
5992
10771
9141
11125
2333
4394
5318
2634
5429
9718
7552
8165
7388
7795
2602
3077
9434
11636
10421
719
655
1376
5049
2907
1016
5797
10249
36
5560
9538
6066
3754
3041
137
2917
5473
18
2258
817
10628
4978
10053
10709
667
7467
11347
3960
8865
6580
10405
1711
9215
5210
807
367
9926
7408
8884
1187
2330
4313
7297
9942
7171
1772
5194
1352
7647
11616
7938
5695
928
5554
4429
6498
3296
7822
8055
2341
1577
1953
4507
6432
1108
3248
4183
4210
1123
1800
2933
1761
4402
11112
2589
6108
2445
6697
1942
8349
4868
2671
10851
9126
10163
8084
1645
6903
6092
9367
7568
10806
2926
3759
3463
8588
6239
5488
7004
4633
6786
9469
1917
2904
829
10825
11826
5120
6963
1494
9495
7282
7974
7262
6155
9025
1252
4257
7612
2657
8683
11338
1981
3814
3958
6180
10383
6882
1114
5671
753
11268
9431
8567
9582
3466
7530
4155
11864
1763
6063
6570
861
7773
5469
3187
7597
6734
4652
10423
6572
1144
214
8745
10548
4895
2571
2277
10573
11897
6373
1826
3188
4137
10703
8270
8369
6094
5347
890
4807
8538
5579
1475
10910
871
10329
8898
9377
8469
3233
7372
547
8099
2072
6523
9321
7180
16
8181
9002
9702
11801
3557
6009
3223
881
7317
3931
1397
566
6018
7065
9451
674
4101
6641
6320
8147
9223
5973
1592
11895
2575
4688
3519
7237
6535
7469
5184
3818
11009
1708
2284
4446
11067
9190
5519
5894
9258
5483
1334
343
529
7301
9735
8091
6923
4618
6351
692
9251
11607
11594
4912
4949
4985
8394
2032
3240
3688
10000
2727
8081
1007
3071
1973
260
1136
11348
10351
4319
3861
3807
5309
5941
5618
5778
10320
9784
10833
11359
10916
568
5168
3607
1329
5264
7121
9027
2689
8953
88
7679
4959
1402
5193
1413
3898
6371
6140
10969
5033
11059
9304
4750
8956
7584
8477
11781
395
5364
8108
4407
4995
10809
11342
8876
181
6046
5580
6536
9033
6428
3761
8417
7738
1279
2746
2090
4753
1180
10096
8
1037
2448
3080
10981
7900
1964
4266
1276
8291
501
7894
10717
5191
3806
2322
7343
2661
3537
5874
3165
8495
1262
7758
4148
1520
2383
232
4033
5065
6495
6883
1086
1476
11772
712
1626
4697
6289
9794
3501
623
853
3744
5740
11131
9000
9206
5479
7067
11627
5111
6517
1478
10248
4975
9313
10179
9132
5789
5258
1244
6585
11473
1978
3048
8849
8478
6874
11554
10564
4340
7418
4788
9173
7245
11779
3998
4745
8943
1700
7963
11202
6976
11690
4543
6509
3535
10024
5038
4250
5461
11833
1320
908
6847
7786
3656
7399
8353
8802
1906
2567
7895
10493
5228
4992
4589
459
1307
5329
2240
8282
7768
1539
2998
7040
385
1323
7057
6693
2869
8673
4951
7398
2238
10296
2312
2495
90
9611
9466
10667
222
4103
6687
9170
10665
1289
5384
5137
6388
10936
5380
9569
4510
10766
387
2131
9017
10962
3583
9907
10152
10223
1285
10115
8710
403
8845
2122
10631
7784
6957
10136
1793
9524
4723
5958
11214
8288
8061
5788
3430
7154
11108
11385
6400
3888
1432
1908
9235
7066
8034
5415
11493
11526
2796
9504
8115
7939
4196
3381
8026
2058
7236
7766
7305
5634
2862
7705
1900
8156
9317
8579
420
3697
434
3732
1692
9925
9316
1935
2958
2675
10739
8351
4669
2206
2123
3590
1469
4609
5472
9746
8135
6838
2989
6095
7189
6139
1061
4880
4731
6911
6642
10843
8290
6900
3490
7929
9969
10359
2369
10694
6720
10343
4636
6653
6986
10401
8826
7224
1072
10368
1719
6216
656
6634
3978
3211
7021
2887
6896
7542
7263
5820
3031
5744
11819
7486
810
10748
9322
3201
6272
5582
8244
11742
11888
6887
1179
11737
3941
3994
2828
8973
11889
1657
4239
6759
9614
7270
6398
10881
4902
5849
7027
304
9649
6050
2672
1671
5786
7233
2086
3908
7553
11837
4220
2288
785
5883
4311
8083
10602
11077
2269
3521
133
11447
2512
4174
5391
11126
5167
9510
5030
5132
4447
4006
5614
898
11401
11269
9862
9945
6571
10215
9519
5886
2097
7892
5712
5541
11358
8911
8359
9341
5460
10424
7445
142
7098
8604
10635
4022
7427
8899
8117
11367
9073
10608
10854
1842
3122
2440
3005
10730
9639
6001
8200
4097
10657
1855
10541
3410
10673
1177
5303
7872
7328
3328
3462
9042
1196
1718
2151
240
5911
8379
10693
1887
11024
4492
6362
2070
6290
11842
4281
5607
10113
1070
6669
6468
6815
7919
7
9343
6004
7560
361
1064
8324
5067
8558
4445
6199
2483
7876
5128
4887
357
2356
5759
3287
8011
7540
10680
7441
11637
2609
8939
4922
6524
8552
1401
8947
6806
2230
6128
8651
1294
8586
2225
3782
5076
1664
11645
10118
533
6550
6869
1314
1502
2409
11465
6085
9234
5389
10960
6832
11545
7630
9200
2799
7621
3087
6590
11169
10604
1090
4524
7524
5588
11818
6937
269
6082
8367
10240
8632
3337
10275
4678
6777
11495
10126
295
1214
2007
11062
1503
782
3663
8740
1748
7076
8125
4300
2807
7156
3394
2773
8595
585
8378
4929
539
10530
664
10959
5201
9891
7794
8332
447
8927
4364
465
3547
9195
10682
5217
5092
5373
10177
4113
3790
1963
11297
4857
3787
6354
7136
2115
7075
11085
2788
7579
10629
11530
9727
10512
2823
10082
9063
11242
938
6767
1513
2041
6840
6950
4400
9209
9028
10413
6020
4736
5085
1222
4146
10386
10933
11187
11153
4695
5501
1234
3205
4661
4164
4932
1142
3125
8520
1338
8646
9838
3453
8009
5775
11502
1421
4265
6949
5047
682
7225
4014
4815
11571
5101
6011
4562
3402
2022
1115
1098
487
7487
9369
2112
8871
5717
4761
5876
9098
532
9384
5622
3418
11871
11457
4435
9072
7512
128
7048
11699
5888
271
10302
9537
11701
3863
11735
2967
721
864
10836
5192
8071
10636
9308
5021
2855
4141
5086
6981
2513
1897
8764
9515
11420
792
1757
3617
691
7334
884
7652
6956
5139
4803
6941
4178
10054
2968
10563
4389
2598
4938
4005
10509
3138
10591
3816
8862
8515
11124
9963
7793
1172
11484
911
33
2563
3030
2005
9667
2554
11841
3959
2580
8053
268
5365
8295
10998
7864
180
10774
7182
7748
2249
5676
7715
321
1989
5433
2510
2819
71
6993
1384
4700
7485
7499
9685
3507
11312
5004
340
10711
3989
4690
11900
7019
7958
8505
7444
915
5757
4545
3555
9937
9522
2376
466
11797
1603
4943
10267
2716
7859
4384
2763
2302
10842
7589
9038
10900
2071
564
6243
9467
3597
3268
3332
9573
3796
1934
1782
3953
4304
11611
6508
2034
9996
502
198
10252
2619
10446
718
4140
3322
4339
4571
3606
443
4920
1001
4785
4893
1721
11540
438
6554
4318
6299
7580
11333
10603
8578
10719
2393
10430
6617
8647
9540
10133
7100
4149
1594
11224
10737
8413
4983
2899
9578
3492
4790
4357
8601
9340
8233
10144
313
10
9576
2000
4328
6417
6751
164
6203
8052
6866
2522
1405
1467
2229
9693
8309
9071
2674
5400
7120
8489
992
6399
4150
9817
10924
5544
2194
4456
5312
452
10348
4718
1117
9955
4823
3449
8273
7243
7440
8723
3930
397
5715
9965
4247
3318
6328
7706
153
11232
9990
7332
2014
2724
7129
11069
8010
416
7017
4219
7072
3303
9412
8225
6176
8218
1881
5238
10340
186
9353
5739
11090
78
6741
7694
11918
3646
3907
8457
3195
6973
3582
2797
7080
19
9758
10025
11045
4680
639
2816
3798
2315
8836
6184
7550
7279
7261
10618
4813
11193
10755
9547
3256
10055
2528
11071
7422
3707
2260
2455
3849
5444
2031
2367
1477
11746
9892
7271
11620
1484
8993
5805
1071
8819
99
431
10683
1658
7640
6382
5589
5608
3933
191
3970
2702
4438
6461
7055
3652
3943
2089
1311
245
11591
9483
5509
8713
684
9334
9901
7739
7791
2476
8021
3842
9919
9187
3336
3502
5229
7649
359
2772
7234
285
10558
9762
11270
7543
5957
4221
6587
10986
1682
8692
1843
6905
6310
11378
6968
10880
1581
296
8243
3025
11537
190
306
8126
6724
9090
414
143
2373
11880
2584
5784
2985
6156
11204
7566
458
11144
3528
9713
3259
6200
5861
11711
106
8237
7812
8497
7409
5505
61
2016
5023
8197
10474
11377
1043
3178
9546
205
781
2728
2357
4326
10089
11555
11590
9612
3997
907
10035
369
7792
7829
11340
9574
2293
3995
11904
857
2972
970
4088
5282
1296
8172
3377
26
1460
5914
6256
474
7226
8268
7103
1667
2198
5609
613
4248
5811
9780
7450
650
4799
800
774
3894
4087
2349
10306
6992
5814
4529
3023
8333
10109
1495
6383
11161
11247
4885
2518
7404
1486
5847
6058
4120
4696
5022
9983
6353
1359
11053
2699
10268
3365
10307
9485
1531
8577
3601
11116
10745
11350
7280
6598
10856
1014
3277
1986
7885
514
2931
3976
7093
9530
1756
1936
5613
6784
10522
1962
4672
10540
9956
9128
2963
1385
10531
5109
609
8754
1366
4056
8965
6489
10862
4781
4717
4699
10656
3329
4551
3879
5806
10141
2140
9350
1676
6567
3611
7354
7571
5487
6109
4705
2493
8259
910
5721
4079
10295
2815
1251
5669
6603
10799
8628
8260
4735
11914
10792
108
6271
1590
1905
4898
10971
4430
7514
9629
8287
1333
6491
1277
6643
7134
10511
6725
9988
10556
2052
5928
7953
1737
3428
7405
9668
7633
11158
10005
11439
6102
6732
3876
225
9475
2423
11167
620
5815
7107
270
6713
6039
9654
8174
1923
6752
7342
11538
7611
1845
7298
7175
10810
5230
7548
7967
11123
6837
6346
7497
3867
11018
4020
2292
2734
8695
11745
3854
5950
2130
1791
11007
10437
888
11239
11733
3174
2521
7449
4591
11445
3348
10610
4488
8910
11133
11474
4273
9765
7251
3795
9549
227
11132
1459
1892
2015
9513
731
5073
8966
924
2545
10073
3340
10365
2036
10692
11780
4075
6597
4689
475
4830
5159
1107
8875
5174
8047
9096
2116
8079
2329
5031
2564
2126
2121
9493
10323
5568
947
3644
7746
1422
10952
8984
8874
6895
3481
9214
9438
6193
3114
7235
10197
10609
9620
11
5437
2150
7586
10942
10744
9542
4204
963
8449
2080
9135
1041
6446
5600
899
3473
10738
11724
11418
6280
587
368
10325
3575
11743
10032
9873
3626
2557
351
1358
9179
6459
3383
5219
3186
7865
10523
5993
2044
5407
10784
5734
11922
5451
2764
6991
1176
9691
4958
2411
3951
10970
6559
11553
4479
870
9701
1375
4673
5235
9362
3683
10644
11805
7809
10347
152
8299
9159
7434
11566
3804
6342
10330
7336
5283
5731
8620
8623
2305
5195
3275
5299
755
1097
2610
290
9564
5056
989
3771
6462
4939
740
8178
836
8107
7324
2297
11250
4913
8756
7308
2590
6076
889
11544
4463
3627
1746
11040
11933
7570
4644
10473
6419
10601
9188
29
6436
3642
2276
4122
802
8057
1807
6577
6032
7433
7288
8903
10889
1396
1420
10557
7783
432
10782
2076
8142
2960
11094
2188
4214
10896
6909
7424
3302
10550
8693
10599
6544
7143
7935
6802
927
6041
9360
2837
988
11692
6164
8747
4130
2160
6183
2546
11293
1194
9683
4002
2719
5040
2572
8550
9874
7598
3350
3241
9413
8183
10338
10460
11441
8019
206
6145
11653
8963
7966
9325
3197
5113
9567
2195
11626
8129
3096
9756
2806
11374
146
2861
4787
2846
2540
7117
3887
11771
10954
10826
4186
9757
7742
8217
5659
5946
11581
6356
11000
2043
11557
236
6731
8809
2068
7641
2922
4834
6238
2079
1080
1440
9807
2216
6841
10585
10743
3836
3899
1827
2761
7818
243
555
1655
7660
3166
9442
7053
9270
468
1017
460
2932
1586
1980
189
3791
3320
11220
6029
8305
6147
530
10028
6379
8289
7081
1690
3177
9144
2591
5553
4977
451
2463
5974
6756
11008
3877
1613
9171
4069
8064
4483
8574
254
159
3339
3386
10671
11376
1325
5321
11612
3105
4727
8935
3294
2691
8453
5510
10997
920
114
10106
11248
6698
5615
9043
3500
1538
6676
2153
9871
862
7296
6729
663
10140
1242
5555
11016
7702
11097
8452
9864
559
6739
1852
9136
1053
4309
8529
2132
9577
1862
11476
3358
4390
9307
10007
9646
6317
9906
10442
10482
9775
9749
1937
5526
5311
9306
1269
2203
9699
2990
6648
6990
10982
9511
1536
4677
10217
7985
9181
4322
1928
10824
6275
10943
4896
10756
8408
2950
4941
10898
9766
8811
8587
1275
11814
3446
6553
196
3518
9695
9118
3716
9978
1433
11436
4796
7884
486
6561
756
4165
9970
9199
5902
5725
7632
1889
4284
10581
7407
11042
8269
7396
11923
4096
5559
1140
8106
3653
8316
11882
5202
4399
4264
557
7217
2925
5298
6137
5577
1512
5010
2765
7982
379
2566
8521
11391
1926
10077
5975
407
5794
1169
629
7130
9704
11472
531
11292
8686
4759
3618
10973
7260
3544
5897
8992
10800
1240
5363
8812
4770
11301
3042
4816
11518
10945
7147
9863
11351
1106
8523
3493
9827
6486
11863
2094
4211
1556
10691
171
188
2980
9225
11666
1698
4931
6531
10064
1153
6632
2942
4003
10105
7495
8925
11276
10555
1330
8856
11061
8540
8038
943
252
969
2814
11221
415
1287
3230
7605
3944
3222
6543
3967
9557
883
11924
5624
5186
2747
9496
4708
4987
1627
2124
7522
11196
3912
6661
8143
6327
10276
10486
377
1126
8729
8800
8656
11477
5868
289
5758
11022
2365
5623
1051
5454
10324
7535
485
11142
4564
1621
6119
9222
6621
10864
5399
5370
8650
7533
2051
11729
6441
1602
794
4292
7973
209
9080
2213
4290
10379
7047
1034
3859
11096
7776
6589
5462
8614
7782
8630
7513
2187
6263
1216
700
8676
2431
1258
3672
7346
7874
1802
4128
9123
1901
8146
7454
1585
1545
3159
7891
3628
6235
5302
10244
5930
7814
632
11483
4587
1968
6414
11337
8890
8777
6418
2693
3026
7810
3133
11405
5163
576
11504
9908
6733
3482
4392
8201
2870
1361
3021
6551
11927
2285
2663
3291
3437
8731
8412
7993
7838
9820
10196
2485
11778
5478
1257
9254
1932
217
235
8972
9897
5604
5825
4808
2207
4528
6424
10226
2446
4177
11657
9330
1915
10514
3860
4986
10968
398
4606
1451
2643
4518
9506
4275
11168
726
8894
9655
6442
10385
1871
4453
10829
2949
1838
3247
7242
7569
1608
10008
8397
9280
7910
1415
1297
5146
11188
1207
2458
3111
7127
2328
7264
2412
5300
4048
540
315
9305
1945
2319
7940
11396
81
11810
8793
5276
1576
2180
9799
2386
9299
155
4131
9294
619
11718
5334
11194
8606
6445
8431
2175
1818
3220
1709
11103
3212
5327
5983
6703
5793
8003
4651
8837
583
17
827
6227
5748
6415
7561
10663
3158
7999
8093
6306
8485
6851
8900
11689
8844
7355
10638
3363
3903
1971
1674
4254
1438
8611
3304
10124
3834
11150
7945
4682
3312
5551
10513
8694
2205
4291
7108
10702
5766
6901
9370
1170
9924
2628
6490
6684
4634
62
2826
1828
5857
605
7256
762
3600
8795
6390
5518
3511
492
3769
6975
8116
8974
1261
10899
11762
8866
3221
9218
10519
1468
8118
1343
595
3984
6689
10685
55
7157
1941
1493
2774
9773
11832
1729
1322
2706
8512
3580
5408
11558
10999
9403
9460
3985
2320
11501
4732
7703
10873
5060
2410
9596
854
7755
6336
11925
8504
614
748
6261
11304
10908
4560
3084
901
3724
973
2375
134
9798
1457
4628
7845
1972
2841
9872
6158
325
6378
9101
4354
7765
8576
5545
11834
1919
7800
5204
4950
1411
5940
9389
4536
7674
11625
9946
1600
7183
1762
4410
2881
9631
952
6859
7002
5015
5236
1656
5150
8119
3022
997
11600
8718
10648
7796
8813
9764
8513
8080
1487
9497
7849
9036
11106
11869
4713
10071
601
2827
5910
7481
8534
2233
5496
1163
11411
8736
439
2978
7767
3258
10046
1611
1550
3113
4367
10664
5532
10153
11836
1914
10406
10708
7082
5308
11896
2303
1204
2166
2143
3060
4668
11655
6758
6470
7307
6146
11260
2673
7369
11670
1104
5694
8926
4176
5293
123
11648
5075
2833
8748
286
7902
5465
6157
5039
10167
1710
6678
1052
3728
6254
10467
7805
9253
5507
4024
6607
9492
9910
919
612
1224
8642
3095
569
3300
7697
816
89
11808
649
972
2502
5257
8170
1032
8907
9927
863
11634
4237
2818
2438
1801
3745
11519
2008
11672
5672
2324
5291
10725
10646
8829
7038
4345
7020
3660
8583
2565
6804
7936
11356
8738
2886
3003
5904
2636
8154
1195
2709
11423
5743
8603
9674
11583
2482
6675
1045
953
1529
10815
3467
6706
6037
9124
2999
9088
4996
11654
8702
11755
10313
747
7604
5434
6765
8551
3014
2171
1369
7693
7821
2859
10797
9853
10658
8781
2976
8840
825
6103
9964
610
4617
7712
4330
3734
2755
4642
8487
10172
6433
9961
10311
6696
5247
2144
5833
2026
10214
2360
1969
8486
8930
902
5713
5929
2914
11908
657
4754
8570
9781
10150
6496
1230
9069
2178
8704
223
5213
11887
5492
4327
9288
6374
4655
3737
10438
6482
5705
3692
11113
6318
7639
2629
627
7179
5173
1863
10827
208
2148
10019
7669
2916
2680
5102
4786
6667
8389
11005
6920
1249
618
3150
1412
6172
7064
10536
7832
10978
98
6522
2401
10395
2729
6283
987
10239
9881
1837
9825
4408
5245
9168
3895
8423
3885
1387
5843
4420
4052
4139
8711
7362
7577
4077
9208
3629
10456
8989
9082
3832
8982
2247
7962
6694
2715
9772
10352
11078
3454
5141
1205
4654
7613
2125
9997
7686
11076
5605
8803
11706
1916
955
8730
1124
8835
10450
2364
8549
9429
9402
8954
8435
9034
2593
5645
8720
6803
4517
2852
4411
7634
4967
505
10448
8539
11450
5419
7764
9856
6293
11563
5617
7971
10168
2387
5616
1133
9789
4556
8772
2979
9487
7998
6615
9478
675
1079
6149
6581
4004
636
8074
4894
11890
2494
996
3917
3813
1781
4600
4903
7109
4988
3619
727
2420
9279
440
4336
3800
2710
8307
4538
6783
6014
8594
484
1638
983
7507
7620
4961
7757
767
1464
819
933
4969
7913
10114
9944
1342
2627
5939
6878
891
1360
5158
2970
6974
11531
9730
4968
8858
8728
5714
4563
5037
2257
7451
2681
874
10802
10206
11891
8390
8387
764
7099
4776
5406
218
4191
3013
10647
11099
1253
513
2392
2422
1619
326
3645
7215
4041
8640
11459
11861
10370
8179
10132
1293
3760
9226
2969
10944
11332
6518
1190
4381
8480
4653
4329
1367
4057
5280
9009
9857
8909
3755
4826
9548
10259
9520
5499
9812
11213
2520
7549
6833
6527
45
11243
5866
11635
4849
3367
8361
8657
1010
6954
8277
8017
7436
9359
9664
8376
251
11177
2134
11644
10500
2159
1082
6558
10897
3610
2430
9378
4923
10107
10429
7148
3183
5741
6389
5824
11697
2943
8881
1260
1609
7207
10736
9470
801
1549
5643
7650
3553
9726
10484
2756
8547
1226
9262
2600
11773
4256
3516
2789
4083
10783
3214
9366
3969
749
7382
2592
7848
6460
5091
9015
4632
10154
10036
6455
7292
523
676
4544
4355
5688
11656
11428
5136
2142
524
5752
10469
63
9249
5093
2062
1270
1132
5949
3420
5426
7200
9494
6236
4102
1637
4337
8799
2427
628
5670
344
6936
5489
8381
8568
5550
4373
8675
6487
10205
4232
5470
10639
8610
11482
11321
8961
3638
3904
1653
978
4455
2234
880
8198
11306
7638
3357
6779
4974
5095
845
9700
6686
2413
10977
4418
7867
4601
7199
10716
11520
5390
101
4848
11437
4610
9186
1
5148
2688
135
7623
5392
1672
5690
8124
8757
7616
11240
207
3862
11440
2652
5014
83
772
3886
132
1648
3536
8280
1532
2270
353
5995
8380
7030
8475
10746
1910
2500
8629
5982
3436
2396
3851
8208
37
7831
5987
6999
6526
4068
11454
8714
10331
2743
9638
2599
3833
5316
757
4285
4038
3952
5803
1568
7056
10979
4911
8136
6338
8458
6640
630
9776
4157
3664
7368
4187
7463
4760
11006
1089
3139
9632
5190
7413
8790
1752
873
2283
1755
3835
5371
9296
2791
971
4205
6749
8232
9979
11151
4475
7508
9087
4295
5166
3385
11223
10086
11331
11143
3764
10069
8667
2024
9106
10698
4218
7092
380
9116
5272
5596
11027
9899
11661
5317
1987
2924
7532
4203
6054
11618
3356
6129
704
6282
9406
708
5959
11070
5074
4346
10081
2555
7930
1357
556
7787
4840
1414
1943
8612
11134
8970
6360
8867
6839
1324
3890
10919
10619
2944
2374
584
7135
5240
4007
7972
11180
4565
5562
11382
8916
4299
6562
5887
8556
9987
7390
1567
3797
9450
3850
11206
1864
5443
1665
4641
7531
425
2221
2441
11360
5923
3966
9936
7994
11303
1378
5906
3140
3565
648
10294
3762
6500
2310
405
8235
2107
998
6130
1005
8089
5003
1557
3822
8054
9385
1898
8701
7373
9020
2027
3438
11404
467
5129
7607
1303
1522
8066
4457
11500
10770
3116
693
9819
1431
2340
6711
2782
9658
9587
10955
3465
2530
7928
5536
9565
8776
2994
4258
5631
144
2603
5239
10251
1829
11438
1950
4259
10161
6814
4335
9591
34
7381
5285
3260
6568
5209
3215
7957
9586
8847
4436
10014
5996
10995
7648
2909
8191
3670
3445
476
1899
9602
11427
5416
3390
5816
6813
2385
1042
10123
1055
9204
3120
4443
10131
10883
2987
6513
100
3968
5821
5002
2625
10171
5256
9935
11349
2414
4065
9720
6850
3249
2725
2274
6670
9663
8322
8065
307
2350
2202
2526
5352
4428
4320
1979
7254
11421
4114
2197
11285
3853
4797
1492
7479
11845
5119
10135
2504
10494
8246
3104
4605
9916
8831
2617
10080
11710
10773
3988
8029
3772
3742
1158
10185
8732
442
7984
10241
9421
5730
10149
7498
5969
5838
11058
10455
9753
6488
2825
6984
2468
11535
1027
8821
8516
4904
1341
9888
3698
11107
7778
4223
2654
1035
2953
1604
11392
4049
6120
10504
11170
7904
6985
7229
9245
9802
7202
2871
10261
11383
10501
8665
503
9061
9260
2737
7216
4934
1988
4417
4317
5326
5087
404
105
4031
10050
11671
10568
7827
2179
8300
9008
10674
10918
10097
2135
7425
9476
5527
6983
11873
2077
10837
10627
1747
2753
4129
2474
3376
5122
10676
4579
548
3949
412
11738
11556
6947
3448
9999
8173
1593
8569
2141
10779
2798
1879
8709
1321
2891
8912
8700
3823
7458
1998
6856
3193
2296
11044
9155
506
4778
8901
2851
2241
3781
9045
5912
1565
11909
6857
4976
9971
8891
728
2220
1100
1925
2223
9277
6257
9514
3741
7227
7921
11824
4173
4376
4059
10699
7101
8786
3508
7265
2918
5222
5032
5807
11249
4592
7453
838
1150
784
2790
7238
9648
11305
422
358
9501
9539
10160
5742
6217
9839
2457
10378
8755
1924
6822
6122
6284
9016
200
602
7273
1707
4047
2697
6563
9592
9191
6131
7760
10433
4768
10528
3323
7920
5660
262
1221
9461
11592
10483
6823
8592
6810
7291
3237
172
11815
1927
11171
8001
8406
9397
4561
6820
7775
7740
9529
1743
7112
10491
3242
9605
4925
4960
366
6225
1959
6604
6644
6
4679
8210
6821
9657
2889
3665
6542
2436
8443
6381
3996
5325
10188
6921
6766
10653
4942
7504
9989
2574
7917
9790
9855
4158
2295
7704
7678
5762
6334
9439
2562
6796
7325
6873
8928
5301
2890
8767
582
11456
1465
672
7415
3529
10468
2081
3431
3257
10117
9847
8073
11747
6723
1736
5417
161
6002
375
5767
4578
163
9456
5218
4277
3088
5354
9349
6387
8854
4202
3971
8677
6774
9782
5456
799
9407
3543
1271
735
6005
1883
6255
5626
8575
8542
7206
11329
11054
9457
8532
3391
5776
6480
4160
7562
11522
11621
5411
5445
2738
6194
1882
7163
6902
11878
6048
9109
7657
11122
2644
1215
4209
5177
9676
4635
8502
875
10235
10198
4907
9213
3052
4124
5262
8190
7314
3327
5310
7085
3384
8318
3701
1869
4498
736
1213
10234
10023
6144
10419
2268
4979
5937
11491
5994
7526
646
2049
6281
1547
3923
6625
6614
4835
6192
9728
6481
11720
3447
10817
10510
9414
4709
10907
8758
1890
281
9107
7937
9153
855
9189
11414
4362
2900
1856
9870
7272
10662
7801
10411
5546
3148
9099
11926
7585
4499
7576
9991
2475
2067
2863
7170
6606
3717
2177
10622
9422
9791
8153
11643
1458
7926
2332
430
3726
10808
11050
5506
1566
1131
11409
7729
496
2735
151
7058
2662
7218
4947
5706
2792
7769
8216
11521
10070
872
7614
766
8917
2787
522
6812
4093
4067
11932
7470
1874
6666
944
11851
10266
3392
241
3266
3987
8719
7503
3210
6443
6626
5006
1241
10091
1824
5248
4624
2877
11756
4466
4993
2139
8101
4110
4321
11233
11800
8138
1630
5253
10963
6471
2639
2873
1315
11295
6369
6101
7363
1152
10961
3435
2239
8810
8873
2959
9278
4374
6830
1952
2492
4511
9659
9035
6594
6505
11203
9224
8296
6473
5860
2486
11664
7209
7723
1386
195
6298
11565
3736
10017
9070
8187
4824
8448
4461
3229
4347
6049
10594
6928
3075
11288
7442
3520
11328
3624
2708
3714
9448
1554
8128
10314
11681
9108
1122
389
9980
4663
11852
5362
1738
5839
4533
8262
1647
945
10162
10145
5375
3986
6787
7909
11369
9729
6309
906
109
5667
6938
10882
4814
2620
7893
56
10559
7290
10431
1558
10861
9143
9411
9745
2267
2927
6533
11548
5069
1223
2879
6454
10159
3168
1779
1349
5255
1726
2006
4480
9423
5785
11051
1392
7813
1918
1036
7190
5769
2286
1764
3780
7956
5265
8388
818
4249
8407
4779
5498
8385
3942
9447
1185
3006
6090
7378
7489
6788
1439
4626
6849
5829
990
10901
8773
826
5632
11464
332
9160
9692
8980
8421
9933
7289
7380
3615
4383
6910
8722
10545
6769
6352
11716
154
3483
1601
2531
2059
5041
9737
6742
2477
3897
3043
10892
3827
11647
1872
11036
11764
11400
3715
9142
1151
1880
3673
8493
8345
7578
7341
3534
3219
1350
2224
6472
9630
2800
3278
4515
8983
378
10334
10258
1775
7247
5200
1441
954
7460
7866
8344
2915
8962
1483
7490
1780
493
5337
1278
3039
8804
136
3157
5625
951
9722
1618
10752
1482
783
2096
673
3878
9972
7927
10422
2834
542
6929
7823
4714
7557
4860
1113
8782
7820
7488
3276
837
6892
8102
2720
2256
8264
11547
7111
7477
10342
1448
11792
10946
2053
8160
6086
10457
9566
6154
6100
5516
10575
5446
10991
4662
3079
5858
3678
6805
6499
7309
1907
3016
2655
2961
8444
8120
11760
4616
5948
3788
8363
3456
7071
10289
5831
2215
5796
9164
3840
10577
6478
10305
6658
5760
843
341
3588
7731
8658
6919
9555
11368
4645
1954
4660
11585
6639
64
1982
4915
10855
4074
4348
8548
3059
3404
10611
8020
11508
6068
1062
8326
5182
5533
11234
8251
6775
4825
2157
551
5848
9198
8889
6248
5552
2428
3573
4877
6372
6770
7333
1429
7525
10277
10404
7850
5892
3805
1332
798
3034
5658
1739
8405
1134
5635
668
7353
7387
3503
5348
3472
2149
1442
6977
4956
8979
11466
6994
7046
1286
7110
11503
8082
8416
2679
9100
3932
7856
4546
9051
10538
10068
1284
5644
3526
10199
160
6613
4875
11906
10098
5590
2517
10721
6588
11319
3050
7306
11259
10521
2581
882
488
5356
685
8775
2744
8196
10063
10396
1527
7534
8855
8533
5249
9137
6111
24
1109
11320
5453
4050
9843
3845
2060
3471
6927
5185
54
1797
4869
1712
6940
7174
937
11860
5435
7344
299
11341
3924
3872
7010
11843
520
3112
8308
8192
5208
9010
3421
11475
3330
11023
2810
9018
1629
3374
1069
11135
10278
7468
11662
10176
1808
5978
4391
6181
10712
2114
1087
6635
6288
3708
11610
9528
9259
10819
9801
9297
5397
342
3554
7615
2548
847
87
4227
1379
9394
1161
3896
9314
3499
1693
9052
745
3069
4200
4133
6748
8649
5254
3393
7837
7432
9474
9503
11302
1088
917
7352
5697
7319
4643
8097
4574
6019
6631
5964
4484
11139
8946
6497
10927
5598
7991
7903
7472
9127
10934
7802
6416
8655
7013
11230
9232
1518
3778
3004
8325
3817
9303
3512
9803
9276
7551
2395
10216
8750
7981
5066
6877
1374
8072
10620
4076
3841
9261
6811
11727
1009
3269
8341
11753
6301
11549
11088
8541
6220
5100
1835
10356
11215
3723
2954
10072
4867
3057
1521
11105
11828
4851
4358
560
11258
10001
4444
11494
9315
1681
6760
3184
2601
1316
677
4596
6939
11175
7873
4795
8441
5921
4627
754
4822
6579
4933
8981
9217
10914
6408
5680
1377
2358
4403
9583
7777
4371
80
1620
7246
1233
1149
4393
2331
6425
7089
9145
3143
5649
4030
8791
2193
3349
7316
10358
7733
11041
946
8846
1466
8044
5986
5525
1403
3293
3439
7629
5471
9060
4023
10366
7901
6099
5284
5019
11402
9361
9585
8848
3372
1583
2400
10151
665
2762
10592
3274
10250
9774
9323
5938
7197
9029
10279
5708
9047
7954
6325
647
9711
2098
7044
479
2464
5149
7593
8162
1388
8090
3103
6370
4240
11754
3751
10233
8988
7417
4525
2809
8857
7128
10187
11546
6031
4870
3563
6586
10874
3556
5212
6246
6405
641
9603
6659
1081
2099
3341
5716
11639
6876
6451
1225
763
7125
8468
7462
3427
5919
789
2971
9269
11572
1771
42
8281
7253
10701
4888
6273
4112
504
8298
11602
5274
591
9332
8466
1546
2339
10529
9263
370
5830
6652
6623
773
4267
10321
6219
70
3977
9348
8783
866
11034
3979
9575
11314
317
6848
2250
10718
8479
11080
8883
6345
10621
169
1099
8362
1860
4482
8430
594
790
11422
3940
5482
10640
8774
666
4497
5777
11184
1154
6308
28
8205
9884
6319
10865
335
9205
7001
9610
7747
1125
9532
3194
1295
5787
4086
1162
11014
8045
9900
9227
1792
10315
4245
5211
4772
10285
8415
3634
8450
7836
7102
11898
258
6391
433
1820
6162
3017
8522
11148
4051
5059
9452
6776
11844
9468
9645
7714
4506
7983
3273
7675
659
6363
6793
3889
4843
276
6534
10549
8039
11004
2275
9207
7084
7327
4115
5514
6714
8100
699
6361
1540
5409
4664
1680
9484
637
8945
4527
9809
2033
4094
11104
7406
10414
11589
10828
5346
2872
5057
4294
8189
11782
6003
2439
11130
6067
1703
4687
11086
8395
9852
3411
4123
11603
6912
5344
1728
4471
11095
5517
11229
4691
1816
4168
2860
5271
7035
11261
6059
11511
7516
1095
8056
3926
5662
7377
9684
7667
224
9119
4706
5685
4151
3687
1754
9216
4833
1675
8063
9898
11384
9430
8396
69
10735
5147
323
3915
11905
5750
9694
7751
4715
11205
4817
9623
5878
333
10878
2808
11708
9920
9388
3625
8331
4597
1501
10224
9541
9533
3131
7031
2736
11806
6189
3643
839
9836
5922
10925
11486
1694
2945
1548
9465
11087
10045
4385
7138
3674
8712
4353
7192
4588
2745
4194
1662
3151
3015
11357
4465
5452
2342
9551
9889
10775
1773
2402
776
1666
11529
3530
1995
2836
6506
118
6333
1944
6023
7045
2824
3752
2547
8171
10412
11463
3106
1631
1789
5703
8254
9951
3185
5226
6407
2817
10222
3239
2061
8615
7335
92
10972
909
1232
5951
3934
6868
11032
9241
3123
7989
11734
9568
3305
9133
9152
7083
1050
6212
1730
5563
6712
1573
7683
10567
11752
9271
7661
4500
2611
5832
5001
6479
3980
7255
1212
1430
3354
10392
2556
11608
1446
1394
7009
9352
7219
7803
11726
8236
1178
7029
394
2783
2646
7992
10672
3238
11751
7026
11646
8226
2585
5802
2647
8827
956
1306
2988
3440
3417
10872
9376
9163
7039
10104
6229
575
6173
4419
10781
4537
2450
6515
7119
1033
360
2304
10280
7857
2553
9665
9641
1141
2923
11599
11774
3115
2382
7665
2779
11386
1537
5707
9339
5275
6596
10935
2692
8460
9928
1735
681
7659
9911
6828
5011
10846
10890
10375
11446
9196
65
8030
4344
11186
803
7361
1878
6894
8250
3517
5199
7774
2377
926
10208
5569
8215
2882
4581
3699
9026
8219
11509
3662
6210
702
6297
6955
9375
2670
8398
126
3313
6768
1582
7541
856
3444
3539
935
10212
7668
6081
3202
5770
4085
7494
7300
9619
5055
8306
3773
11017
9368
5586
10988
7166
3494
7975
593
4493
9333
2025
11868
5896
8514
11355
6075
5751
11630
8151
1788
11807
4366
5336
7011
4659
5875
9998
10520
4489
9594
11403
1744
3651
6166
6695
11877
3914
9177
7854
11665
9811
9092
11601
8048
450
3250
3871
3012
3682
8948
8631
3562
1419
7137
3464
3808
6842
6437
8313
11584
6507
11617
3314
1810
8440
3213
1523
9114
10666
5084
8336
3192
8584
9690
9405
3338
10518
6778
9393
8278
8498
7211
5428
546
7164
8559
3161
9929
11907
4365
10576
8467
10125
3141
1725
6608
5679
11419
3905
6127
5642
8872
7908
2527
2977
10415
9719
10728
388
11152
10765
2294
3921
6113
2529
4762
6948
11159
7126
8227
2665
9079
3347
6021
2472
640
10287
8763
10204
4032
10232
3680
3485
8639
729
2459
1044
1231
4013
393
2842
11862
11512
812
8075
8920
5606
980
3301
6057
11709
11576
2996
710
3040
1819
10169
8037
8371
10009
7666
5294
10675
4686
3733
4758
9154
8327
6616
9531
2078
3129
3691
5105
7515
1991
4159
2432
9415
74
9800
2311
3809
11179
5343
5795
6740
7687
250
5587
5735
2306
8035
7875
9681
4228
2645
7544
7152
2042
1575
10852
5870
334
9420
6705
1530
2576
5633
2419
4952
7208
9628
7701
9459
11816
604
10095
2473
8531
6118
746
5366
9335
1564
10789
8426
5290
4884
3408
9992
4742
5491
2162
10853
9879
3375
1383
11081
5442
6721
515
3546
567
2503
7426
10447
5064
574
10293
1702
603
7287
9618
11211
10941
5534
10655
3768
4066
7228
4015
6595
7310
6343
6074
4437
9627
11212
3007
10432
8666
11185
11072
7710
1510
2085
4105
5915
11567
47
4255
6262
3633
3086
9846
9593
10590
6091
10339
3331
3719
