2053
9897
7674
9171
8927
10448
1986
9529
11863
6236
1495
2940
10585
11464
6606
10754
10590
6091
6617
2797
1024
3544
1154
411
6408
8791
4734
443
11169
8588
3392
9925
11059
10466
8655
1322
11071
6387
11149
584
1314
3447
9485
9627
3060
2817
8570
4489
8053
7174
1797
11157
2737
10729
10854
4876
5444
315
4831
4285
7696
8181
2999
9452
6614
5163
5571
2963
582
2580
515
4255
9036
3536
5921
8297
7297
10847
8030
7809
2378
5931
349
11491
11682
4727
9159
6994
7928
9810
132
4439
766
8511
1772
6218
10181
4979
8741
6109
1610
708
3175
1955
1619
3214
3058
494
3665
4731
1973
1712
5977
457
7300
10781
7587
1982
9866
4047
7314
5516
7532
9162
3359
7199
10032
7548
3879
1863
1486
613
4760
153
5680
1530
6856
1267
483
488
2853
5155
6009
8991
11396
3509
11809
11862
5002
6658
4069
2257
11672
7409
8064
514
11234
5622
7171
2420
3474
7647
11225
681
3626
3088
7065
5334
6144
2170
1000
10450
395
11850
11556
2205
8665
3806
7066
8099
605
4733
3130
5078
222
6562
3014
5816
757
7935
9244
8421
10567
10465
6921
2540
4867
9078
2067
7301
1590
809
5847
11304
2179
2401
3309
3525
8387
5713
1829
8385
10464
4259
4391
2788
4482
9754
11889
10675
4645
196
762
2554
4321
4633
11008
7541
2117
4941
9290
5137
3967
7730
11185
3348
375
11918
5228
8317
1428
9459
9547
4151
268
4024
11081
10700
11005
9254
9613
1763
11213
6138
969
1242
7539
9493
9488
9322
1971
4088
7100
5471
9053
9461
11638
9739
384
10836
162
6065
5633
10908
5631
4196
10342
9799
4079
11053
4294
7479
6202
11553
8313
6830
3867
772
2294
2518
9443
385
3134
3057
4506
4250
9496
3231
7937
10151
4868
7814
6783
6343
6947
7748
4501
7589
873
3782
10998
6635
2342
9505
5721
547
8918
1214
4661
3718
2360
7360
1752
1224
1699
9484
3436
3791
5445
9398
9054
6982
2589
10538
5463
5686
11684
4068
7517
10559
8236
5589
7364
11573
8687
10009
10856
7638
2043
2429
3087
6652
2337
5303
9528
1761
8217
3759
4417
4355
5973
9082
7036
46
6587
9998
11099
2464
7863
8964
776
3924
9358
1456
4419
8134
9333
3886
4853
5751
1181
3800
5706
7287
3390
8300
2878
270
5139
7399
6262
2670
10548
8450
7370
8091
5661
96
5344
3399
10153
6779
3995
559
3330
10891
6266
1410
7272
9722
11790
882
2873
9027
8079
3291
7533
11846
6904
4347
4718
7002
97
8309
8164
3013
620
1932
2981
9411
8243
241
7885
8871
9839
7098
963
5942
6670
7702
3593
4237
3942
6855
8143
2351
10540
4961
7633
4754
9439
9844
4121
11738
7998
4502
11625
7109
8012
10555
5451
1698
9015
5642
6284
5528
263
10936
11563
11134
1087
11735
9855
8854
7162
11198
8827
2756
3796
10708
134
5371
5857
4527
8035
10154
9541
2519
11131
1909
6505
1883
8350
6580
7920
3959
3421
11486
11630
7892
771
9928
7283
11168
8574
10106
3926
11535
790
817
3185
7261
6450
4544
6392
6265
1396
5514
8620
8071
271
197
11078
9990
8702
5390
1466
7147
5239
7010
10672
141
1806
2215
486
11774
63
5906
888
5609
9056
7102
3462
2977
5730
8227
10278
4500
8434
4231
6866
784
9180
11494
5383
7458
4029
8354
837
5821
1150
4682
5105
7343
4580
9092
574
9870
2574
1302
7926
6756
8795
3384
4200
8531
11483
11221
7424
3822
8044
10827
10791
7191
3652
11833
6099
6472
4707
5896
4680
8206
1581
6407
10467
6922
7910
5326
371
2573
11132
2428
10046
9691
2773
3150
4592
5632
2600
6104
7486
7004
10082
6329
6129
4724
8516
10271
3736
1680
11230
7837
8088
10042
9882
5452
1925
11692
1217
5505
11166
2207
10113
8336
1681
3463
5761
1820
5533
6495
3881
5838
9546
11350
10212
1446
5676
7369
10162
9755
10997
7416
442
1851
7930
1792
4038
11610
1288
614
1719
10917
5011
8873
2197
4140
8548
5573
1034
5182
5192
899
4697
763
532
5598
9540
2592
8092
6219
2376
5418
8372
2042
2980
4445
4123
7211
2630
11248
9789
6471
7703
3439
7269
5265
3853
4050
11031
3024
7540
5474
11746
9350
10341
11441
6912
2996
9802
2752
10401
3922
11842
6423
9523
4425
11590
1221
6048
6189
8576
10280
5627
11548
2402
2157
11446
8845
5608
827
7721
9565
244
1136
5065
555
2041
7415
7865
8179
1989
2070
5354
6641
1960
9962
640
4596
5842
9181
11242
10528
4939
8578
9457
9954
5024
6063
4275
1519
866
11887
1584
4977
3850
10996
1397
3868
541
5636
231
2385
8916
10334
5915
7246
6081
1144
11197
6991
5875
1107
4066
5138
11267
2213
1001
2755
9083
1334
5924
845
1708
9088
7570
6551
4133
8656
7157
216
7737
11773
1871
9719
3700
11233
6976
6445
5777
4276
9405
11582
4182
8101
7029
6733
1978
5194
4052
10115
9664
3168
11718
1357
1234
5127
3124
2808
2611
4956
5501
7387
4446
1195
5247
2835
7179
3363
6101
8874
11620
5694
6046
3760
11594
11159
8647
8037
9960
9557
5059
9972
1937
10041
7742
10474
6864
9988
10927
10449
7335
5591
938
7380
3808
6031
7940
3697
5708
5644
376
9407
10235
1162
8657
7468
1762
11382
6346
5577
4769
8278
9953
5226
5712
2166
3683
4804
6743
11410
9226
9321
2581
79
5047
242
10852
11328
7713
6210
8120
3422
2151
369
10269
3049
11508
6154
9843
6914
5391
10638
9612
10779
296
11097
7614
8322
10991
5832
6840
10748
6308
6325
8891
9943
7040
9767
6823
3724
4690
6022
654
3778
6875
3862
339
11493
4670
2565
7008
312
8822
8183
7341
8379
3255
2054
4006
5028
9964
8169
6085
10396
11250
1342
10045
3061
4815
261
890
278
8495
3935
6469
11895
10630
10577
4240
10646
6613
3404
4821
9127
5688
4617
9367
8909
484
3156
3717
11058
2923
8881
4671
990
2717
4780
9467
10648
6560
5064
6038
3872
8135
1448
8469
2886
2302
3147
4562
999
2293
397
2258
1811
7675
4176
7325
8819
9371
11123
3761
2950
4282
4599
4968
10077
4563
5564
8484
10963
1890
6300
2635
106
4474
7676
9883
8809
1189
10960
4111
7579
4437
6650
5284
6734
10270
6919
6270
2900
44
3249
8619
7669
11223
2720
2033
3192
10564
7972
8694
10375
3079
4547
6100
1737
7138
3840
6145
9243
11301
11243
2116
447
6729
3984
4034
5037
7746
3654
7640
8712
3706
1936
9224
5715
2593
2000
11907
11591
6166
9782
5317
10770
9189
9135
4273
1798
9987
8187
5768
4272
4112
3449
2563
6850
1717
1901
11158
497
9717
3691
6599
10483
344
11018
5136
7908
10304
10565
10753
718
6455
2476
10897
3294
3232
9271
8637
1009
11178
8504
6198
11114
276
6119
304
7759
11077
10944
3726
11419
1457
8208
4554
10392
6252
8999
9893
7291
4106
8440
1006
8597
1968
5290
9683
6049
2386
4978
10879
9942
87
10055
9448
1790
8533
5402
4823
358
2267
9776
10053
3546
2051
530
7172
8226
9979
4519
5301
1572
8898
6362
9675
2729
441
8781
7558
962
4516
10717
9267
2969
9386
4976
5109
4021
674
3296
2675
7252
8180
6630
4174
9069
3417
6401
3355
3997
11557
28
5283
4749
8514
4130
1167
11886
6369
5829
3814
10982
5679
2764
10692
8304
11828
11466
2530
9519
2139
1276
7242
7080
4113
3418
2961
8534
1969
3878
6739
7298
8748
8219
726
448
6534
6058
3149
7859
6869
389
5248
3815
6894
5436
4400
9864
10071
6824
9182
1617
3084
9168
11342
305
2431
5685
3917
3033
2375
10789
971
9753
7116
8289
8980
942
546
9397
5150
5434
9609
3528
6865
4346
10352
1233
3197
8840
3888
704
5381
331
8426
8038
7668
1568
8020
6941
10415
6626
11151
11098
3429
2130
4555
7694
6651
5083
54
3031
9790
9042
3104
721
6598
10980
6012
493
10635
9934
5173
3050
3584
9295
6603
6506
6381
8813
10518
11576
11286
6425
11626
1438
5580
19
4498
9636
875
1653
10404
5778
3385
4309
4281
10037
744
1892
747
1889
9899
11269
8740
3210
3250
2076
7611
8800
3831
11320
11589
10918
2221
1656
6041
11024
539
9771
5212
5879
9340
4778
3636
7639
5605
8397
3582
3885
11698
2423
8414
10478
11351
7848
1919
9451
6608
7962
4678
10988
11499
2346
1881
5096
6586
1979
8930
1639
4957
3206
2099
5275
8764
10664
4644
1404
6972
9978
8117
8443
5508
937
9647
6433
8107
988
11504
9434
5123
6990
5355
4103
2259
10051
10150
280
43
5677
7067
10969
810
9316
11437
8432
4744
7886
1800
4357
4138
5240
3053
10799
11193
10592
970
11805
11798
6532
1061
1289
844
8324
6147
1630
9025
7197
2491
7362
11023
1827
207
7938
7391
9447
11341
4538
3409
503
4579
10790
3581
4227
10059
1105
1104
10258
236
9693
4943
4344
992
6436
1117
9530
6633
11033
2845
2972
2683
3572
9638
9575
11724
7921
5587
1019
9970
10556
6723
9366
7216
7215
8479
2603
2689
2287
3871
3510
2347
10573
846
807
1635
1773
5041
8475
5803
9281
6536
1933
4184
10584
3187
906
2049
7606
1406
798
4104
2394
88
7729
2141
9376
4286
5328
4560
856
5552
10089
6500
10563
1897
6103
2441
9593
8848
11670
1887
9125
3062
1666
8255
1026
8335
2843
7218
6419
4736
144
5128
11319
8264
2288
2653
8424
10132
4349
9314
10962
8943
3310
1062
6752
8821
8144
3427
9666
7594
3265
3554
5841
4007
9440
2654
7953
11781
9989
9421
5479
6365
5339
2313
789
2666
10214
8242
5348
736
3904
4013
10377
8835
9312
1360
3692
5726
11628
1527
169
10321
11683
10637
2528
8084
8468
7632
10194
10482
4614
10702
9793
7161
2122
2319
6272
4708
341
11691
4427
924
11925
7973
10043
9449
7443
7027
5356
8027
3624
3349
7893
3456
8314
5830
1952
6792
11260
2421
4833
8721
5462
4879
3688
1451
4852
8224
11864
7778
1091
11652
8539
2510
178
2860
8559
11495
2889
7192
3573
10259
4606
4565
9469
10315
5569
6594
3295
10557
918
10730
4518
749
6315
765
998
10096
2387
8234
8551
600
8098
5038
5363
5118
2250
4581
10514
7755
7505
655
1493
2501
628
5005
1649
4526
6738
3564
8903
11727
7103
1663
333
11212
6055
6194
3913
2374
11167
7326
10161
2419
10496
8262
7891
3998
4222
1522
11567
1285
4452
8290
6050
5752
3059
8685
8673
159
2135
1609
3976
3097
9812
11088
1455
524
10050
11375
3971
1331
6597
2899
4914
1430
5967
2103
487
9816
16
6696
352
5166
7451
1361
1088
8675
5487
98
7146
10851
10608
3681
8431
10520
638
4985
8271
10001
8899
10343
11522
10736
11293
5442
7453
8925
8386
7542
7982
8615
3440
1131
11674
3908
8281
6203
10356
4929
2216
7544
6550
10865
5734
7829
4392
5361
5177
2178
1977
3314
2931
9632
5132
6040
7433
2314
6334
11090
9335
10718
9277
233
946
702
3339
1845
8199
6966
11583
9062
10248
10054
8498
7072
10910
10141
8448
2844
6679
8900
3823
11107
3467
7099
3629
1565
7858
4717
2149
5338
6540
1152
8820
11836
3752
2022
11540
1664
6642
5929
6292
6788
8945
5802
7238
9825
2403
314
4160
10109
5285
4832
1878
3268
11574
3430
1819
9475
8558
2418
6542
8197
5375
4761
1320
1241
1574
9090
3125
3166
3921
4094
10073
10505
5976
9431
1097
4996
907
4507
10306
3771
3413
452
1063
7431
1368
7436
4318
1447
2536
9269
9684
522
6714
10888
9163
927
9603
11729
936
11296
2256
5366
5075
1260
4542
8010
8
2643
11549
6020
8394
3957
5616
5551
9308
4743
9703
961
2202
2456
8993
9276
10288
27
9916
8388
6526
7397
6162
8560
8817
4659
5885
758
7183
5823
9245
9539
10351
9619
8156
1514
10126
10934
3890
819
10494
10928
10378
5550
5878
10275
6703
6173
3797
7244
9618
10609
4058
6766
321
7630
6955
619
2412
2825
404
6581
4059
9258
11663
9205
223
898
1764
6839
6275
6558
8907
6936
5833
4317
11206
11844
1520
7389
722
9268
11329
9620
6932
8669
10108
6686
10495
62
9369
5904
1114
9582
5156
1223
5554
10441
10792
4209
9128
11404
6279
2031
5742
1980
3230
5102
8606
3687
2805
10952
6722
1413
1176
5822
504
53
6929
10783
5888
2862
3925
10239
8452
4263
8691
550
10968
5861
8810
7128
10190
10386
2978
2620
1629
253
3141
2914
2800
9150
7201
2234
110
6784
1127
9442
7596
3138
4752
3861
8792
420
2754
1864
533
4096
9502
2558
7111
8997
4948
2220
3779
956
7126
10015
3795
6544
1817
1032
2909
4394
5606
7525
7351
11661
7028
4619
4655
9847
6373
6515
7760
5409
11799
10933
11832
4993
155
9304
9393
11079
9071
10772
1613
5994
6689
4662
1313
3500
6077
4164
1961
1196
1583
8826
1212
9348
2546
4374
11608
4266
7404
9818
4447
6820
11365
686
11045
5941
11297
4428
8025
3599
2473
11719
5705
9315
5532
8718
4589
7794
3188
11067
8844
729
1160
7317
10719
1158
258
10447
71
8467
2159
5433
9020
4949
1809
5345
11387
11135
8488
5330
2679
10324
3332
5172
10628
575
11395
10662
2628
7936
6185
6480
1548
9109
4283
9252
5093
8723
6806
5392
2619
6181
8362
2711
11139
1689
163
7139
6516
3085
2807
10901
6405
9288
7535
250
4326
4443
10492
4715
7262
6561
8758
5784
439
7881
5168
3391
3284
6155
4698
10864
6225
1541
5744
80
10171
2405
11355
2753
10099
1388
6271
8585
11468
7895
6140
5327
11575
7173
1240
8367
64
2105
10531
2864
5343
11016
8125
3898
7134
3372
10654
7206
5905
1854
7381
6383
83
980
10289
2286
8630
10645
7048
7165
8530
209
9874
9107
7400
3195
7704
892
4807
4848
8750
8515
6678
9089
5406
5321
5654
317
1149
9144
7200
2781
2621
4660
6172
928
5263
7309
4817
11637
10124
8279
10260
11584
458
3915
4191
9044
7993
10000
9837
2297
4258
10423
1159
8072
812
2855
8992
2904
9510
10199
4824
4110
8529
6705
224
8557
7332
4060
7621
10620
5525
7904
6945
11800
693
6684
4430
11216
4803
6184
4014
1924
10340
8494
5960
4672
3282
10863
9704
105
1304
8191
3367
2239
11593
2979
618
2323
1432
2692
187
4472
9081
658
10088
8344
1134
5595
2260
4903
6486
1503
11868
5814
3300
11270
4536
775
10081
5237
2196
6913
4689
573
9834
3238
1964
1468
9099
4966
6523
10735
7641
10379
3490
8745
979
9512
9686
9981
8269
9240
4723
6273
3798
7030
6108
2958
11780
7983
10689
1532
1730
9395
9134
3570
622
6030
5607
1401
2582
4372
5704
3453
8110
11751
3521
881
10738
1658
8246
5568
7976
9775
9695
1385
2494
7607
8151
11827
5534
5597
5174
7426
8577
6693
9829
10550
8520
11818
4986
1995
2538
11337
4345
8189
9646
9070
4699
5820
11247
3283
11770
5073
8867
11179
5110
5407
5663
3502
9305
568
10880
6842
2144
8642
8299
10091
6740
6013
2148
4924
7801
8441
5131
1338
9677
7328
4652
1962
422
9622
8612
9819
11421
161
2176
6199
406
1016
11914
5230
9010
3241
7405
5272
2004
2432
9658
1954
7255
8047
2203
902
5003
2535
8756
11072
8486
6473
7683
10504
2411
4679
2481
9559
5337
1970
343
6595
5779
5091
3078
2454
5357
2310
5860
11926
8695
5271
9136
4789
1707
2674
9758
10189
3696
11647
2861
1667
10205
11044
7282
4958
332
5884
684
5867
1879
1415
1494
6128
3475
4187
4301
7711
9351
6910
3746
9956
1280
8118
7425
11726
4625
4806
11349
10954
8216
7757
1648
8595
3799
4348
6749
6716
6388
5760
9343
11761
945
5294
6918
7820
2769
6122
5572
3276
10667
6193
2655
11040
2742
666
2090
11854
9375
4218
10761
7531
7288
4636
7521
11870
6110
10820
7156
8882
11513
9055
6509
5920
6112
6975
1197
4922
10527
3373
3705
11383
4849
8836
7445
8532
8853
3264
8036
2465
6795
1559
2709
7423
3817
5776
10710
4528
9214
2339
11654
11348
10475
8451
6939
7593
1927
1348
3501
10681
7413
4663
8207
4583
11456
800
8543
6054
10703
10691
754
4074
2400
10834
6757
5055
10250
2275
7832
330
578
9119
9108
8983
1734
2113
9659
1835
11636
7615
1248
8538
2763
637
9110
11413
11241
1725
2644
1170
3601
7900
6786
5903
8808
5849
11511
6238
9852
11481
8506
4898
11303
150
3139
10420
5429
981
2006
893
883
3473
379
5464
5154
6418
7449
7489
10477
7274
1460
10932
5060
4408
4889
9709
3989
9798
7622
2779
10780
7963
2459
1838
11116
3527
10806
836
7003
4915
2265
3661
7678
11475
3105
9774
3849
8477
1477
1537
413
2814
667
9865
5938
1482
4329
9881
2747
3174
5732
11288
2547
4695
1266
433
11124
5968
8602
9061
6153
3735
6634
6072
4529
1555
1421
9368
3742
2131
10329
6715
9731
8341
11791
8048
987
8237
4129
2413
2445
9096
861
6622
11689
3520
4508
5870
4463
2495
4618
5158
9191
695
164
1545
7396
3076
9838
2475
11378
9785
10626
1873
4725
2108
10844
5887
11302
7516
6163
2193
3512
8111
1842
10878
2321
9080
5204
8253
9429
4249
10972
7143
2062
8461
2951
8405
10511
1735
2760
172
4327
11853
9963
2143
3444
2225
11502
944
4101
9700
7299
8043
11403
2887
7310
3003
9370
7665
1987
9422
5146
10266
2393
5757
1082
11436
4456
9792
10685
9106
9361
8703
8955
5006
1387
7307
3574
2114
9871
1332
11859
6004
2247
7336
2492
11152
2472
10034
8674
38
2827
10242
5229
3492
252
92
10636
9331
10855
1305
91
7047
9699
9542
919
996
3113
3260
6828
3755
7783
5119
3762
1753
9596
5092
9826
1789
1215
11585
7971
5039
35
7031
2890
8165
11312
2395
8478
7152
10612
4056
2060
11287
9765
11231
10402
1440
10188
847
6545
4228
4610
7768
1207
6398
1738
808
1945
393
1450
594
7562
6117
9628
7687
7975
8331
5362
2906
3589
8714
7243
6981
3123
9000
9218
5722
8270
7578
6567
1622
10825
1685
9919
9938
6992
1807
9681
5231
10224
9808
10261
871
3111
2206
5714
5264
7118
4878
3302
2023
1060
3340
9909
5687
1340
1442
4220
5913
10860
10366
5933
7873
8345
6648
11611
10699
5600
978
10943
11607
1808
7710
7526
10070
11412
8775
2355
11600
8831
6461
9414
10945
11581
8667
2095
8368
11872
916
838
9821
9324
3305
7253
11807
2816
6426
8812
2499
3833
10711
2304
5051
215
3790
5831
2986
8944
412
4358
5082
3095
2414
4651
1853
9605
586
5740
2824
4913
2882
8934
4367
2485
5130
8765
10602
6298
10257
8747
2152
11537
5991
6235
348
3953
11474
1333
7964
4869
1765
6741
8541
9574
3221
10185
9657
10529
4202
8102
7166
4434
10086
10172
2059
2897
3645
1007
20
6662
9898
10024
10964
7567
17
2474
6337
2079
5767
7667
4313
4493
6522
8422
7220
10721
7773
4641
8133
4862
1701
5379
7948
3457
8839
7939
4786
4696
8493
3907
10981
281
6983
3854
2854
6524
5986
2537
3516
4799
1235
7319
7228
11742
11189
9648
10809
5373
6765
5352
7642
9720
6857
5824
3394
3627
9879
11891
4076
9911
5524
214
1608
4177
10231
9655
1487
3824
6851
7208
6094
11331
3826
10473
3257
11060
792
99
9063
1392
9360
11050
11459
11529
2868
3715
370
5416
10286
5578
2594
740
4331
9577
2359
513
7083
10233
10370
1140
9433
2115
1359
1692
4839
6481
10180
703
9873
1916
7958
3419
5741
3161
11547
3635
3518
6568
5309
6353
1780
6964
2915
11634
1441
2305
5031
7057
10438
8682
2774
5411
9781
502
11104
5993
6291
5643
9649
4798
7894
10393
3979
34
3178
5859
9208
11203
3678
8830
1005
953
5689
11112
8395
4339
10330
2842
4167
5473
11824
10707
7422
2728
7254
1261
1078
9945
10195
195
7597
826
3750
430
5020
1395
6086
227
9836
10422
4492
8360
2648
7467
4967
6553
4212
11906
8982
7127
2396
6318
10367
11385
4590
5910
2027
11467
8045
7731
2852
11455
1132
1694
1744
2765
5299
11880
6389
6563
1027
6882
659
7999
9231
8720
7504
11358
2303
3961
5456
6082
5717
8664
6010
1549
8412
1412
8799
9803
3889
11603
9188
2968
9701
2987
4951
6399
11778
11061
11103
11612
11294
7775
5202
2971
9479
8525
746
11899
1054
2680
4905
2870
10881
3022
3780
11671
7119
6552
3242
2583
609
3651
9845
2068
4687
380
3042
74
8666
6326
10513
8147
6263
8757
1665
10900
10133
9907
2520
4371
8722
7929
8286
5114
7749
1321
8857
7765
9965
1478
4141
9944
3464
2214
6424
1673
7629
10176
10097
839
9926
7723
8729
10539
4095
11598
6698
7612
3553
7245
7791
5959
11094
8398
10226
4875
2994
1837
259
1536
6093
10158
9172
213
3852
4320
3996
8423
208
2025
8649
1053
10240
3611
9830
4653
3089
11332
7506
5858
2072
7661
11347
308
4105
2922
9215
2716
9251
1874
7145
4364
9549
9232
5227
6732
8889
6644
3211
8137
285
6207
9423
8316
5280
5013
11648
9674
3969
4083
299
3732
3337
6120
8108
476
1510
7407
8097
9043
11311
5267
7909
6785
8676
3535
7513
9133
1620
5618
4399
8305
10412
7316
11438
3228
1033
3465
9142
5050
3534
10063
5218
3152
5193
5255
7377
11510
1484
6572
4211
4048
8829
335
1383
2877
3374
143
6668
7256
4157
10833
11449
7911
9585
3588
8353
2684
7273
6084
8173
2810
8804
542
5813
3994
11709
9396
1089
4230
5077
8540
960
4582
6927
4284
4337
4229
5996
8162
89
4363
9377
2322
3258
9583
1096
6200
6805
1577
11141
591
6380
7247
5523
6902
5389
245
9982
8259
10674
6751
5199
9503
1870
6460
6958
10204
4292
4300
3933
5100
7121
3133
1294
4534
780
11643
6234
3751
7496
4016
8295
4781
4499
1213
2629
10977
3557
10774
9425
1051
3727
4572
2261
3269
4600
2949
7137
6903
2167
2665
7435
4304
3899
10869
7503
1185
4923
3647
3896
1567
11330
7001
531
3986
3656
2382
11841
2436
4535
785
8651
5985
9468
5015
414
8704
6416
11463
5536
11700
1405
2571
4624
1683
6759
7477
675
107
9820
4808
18
10131
8280
7020
10134
2457
1222
10360
8332
6858
5221
9278
8170
8182
3365
5957
11923
8586
4401
6227
5563
7522
8979
9190
10690
10907
10522
11022
3552
2133
11458
2706
1178
11277
4627
3345
1041
6310
799
8225
4561
3229
11905
243
5982
5937
7270
1784
10797
9046
781
1655
10824
423
10442
5955
6182
2836
2252
8343
6209
1914
8866
5461
3482
2657
4214
1991
6047
4934
3637
8403
10177
8116
6814
10262
3186
1926
9924
3331
11257
2158
10350
7305
6333
1073
5257
6938
3096
6680
323
10973
3660
4771
9920
2080
7561
474
11656
10215
9037
2512
3069
11662
1582
2863
1644
4933
6319
6311
9578
2908
10558
277
6327
2634
11909
6621
11737
3491
1585
11517
8917
10456
7796
5581
973
5074
10361
1070
7318
865
8524
2184
2661
4588
6831
756
10594
10107
2024
10485
1116
11429
5911
4448
4003
7227
8912
8417
2195
717
7038
127
9961
10179
5497
10374
2422
11789
4886
3682
4887
10017
6643
10493
10720
3949
9146
5235
11629
297
9323
3428
5678
3511
3455
2549
10186
362
4735
4312
118
7846
386
2916
3597
6190
4763
783
1599
3219
3215
9227
10144
649
4192
3772
6847
6963
5022
9342
8749
108
3098
8188
4607
7994
5669
2616
2718
2311
7251
7740
10899
10684
142
5066
4851
540
9811
2123
1918
9378
11285
7648
3030
10384
5617
8399
5874
11788
9747
5157
5743
8767
7229
9497
8575
5850
3709
3021
11728
8989
2106
1748
2688
5798
5453
8880
4483
3698
6468
4067
3643
5438
5641
11566
1113
3116
2935
641
8082
7153
4436
8408
3287
767
10923
1860
11143
1511
218
6351
9668
4383
10244
8648
10419
673
5545
8550
9991
1728
1244
11765
11816
9024
11448
9548
1836
3931
7524
7758
6372
5506
145
1206
10788
6073
2142
3005
1996
9170
2277
6985
11186
4777
10618
5624
6702
11851
7613
10853
10541
7382
10572
7652
6950
3131
1997
4480
6463
2638
2735
6462
4241
9746
7271
7890
3914
1593
9504
5623
5975
9164
119
6607
36
1216
8963
11062
7571
8377
1657
6355
2743
6946
9665
10365
2818
2636
6837
11076
9456
3508
1306
366
11554
4762
3970
10203
1815
6014
8966
10279
2846
4311
820
6801
5186
862
6427
7604
1467
3251
8650
2962
11519
9522
645
610
1439
11006
6768
629
3863
10114
1645
3222
4840
10843
933
1271
8245
2815
10644
6920
1647
11834
1028
10802
1882
11716
8497
951
1295
10090
11284
1774
3743
521
10019
72
7037
6491
6660
3958
9801
128
9430
7045
2243
6677
7659
7281
4070
2306
3008
9349
10455
11871
26
9065
5308
6873
402
630
8439
8811
3670
4461
10883
8693
8435
863
7649
8610
10167
2745
9450
4491
290
11035
3975
7188
6829
10125
11782
3562
2521
6360
6283
11564
8361
7046
6977
1225
1126
11357
4932
1855
11897
6999
595
2045
3304
6090
8489
1718
3781
6794
4556
5805
9555
8990
7497
2796
5281
5840
9935
5140
7135
8737
6342
6876
3466
8522
6454
1080
3041
10926
3851
10459
8273
7714
6588
1268
7337
3323
8640
3941
8126
4861
10143
475
10892
7595
4022
8233
5488
9223
1465
6032
351
8728
11755
5113
5258
9501
9763
496
782
7234
2169
3788
4525
3547
469
6815
2575
6453
2881
4159
549
1376
6713
1259
4338
7094
2292
3086
7840
5101
10307
11175
11108
4455
5121
9521
4938
10243
324
11096
4131
2087
4165
4065
6712
8902
5175
3170
4033
8638
11251
4335
1638
1179
9891
1564
8567
10909
4537
11744
7290
272
4267
2799
7605
7442
7701
6320
4132
7471
9474
8039
557
6191
294
8863
1998
3734
8677
1557
7049
5195
8340
2832
1791
4716
4031
6525
2905
9892
8430
3286
11089
6391
2970
1023
429
11454
7974
6640
4705
1269
1287
2724
3845
4897
1693
9028
11845
6770
10023
3204
11130
5122
2989
3212
7480
2034
4797
10253
7884
7992
11609
7144
9592
7164
2320
8028
10519
891
7000
9641
9296
11772
6057
4578
7854
456
9486
1591
11646
2296
4713
6074
6118
8093
870
8065
4403
11428
11526
1676
1491
4453
4722
10924
11305
2564
7459
4551
7705
11394
11599
9114
10622
1941
7839
1257
3481
0
728
6371
7207
90
955
1190
10800
10510
1601
9477
9711
2953
7289
424
3203
947
11763
9297
7478
1872
3978
9216
5795
11536
3329
8254
7352
2285
8136
7586
4470
11801
188
1483
5865
738
1981
6248
2933
2232
10044
3777
10421
8583
10007
4816
4435
1865
9045
5086
8081
11645
10574
11618
11085
10987
6
11427
6901
7821
10295
10603
835
2522
7013
8370
803
676
4265
7368
5346
6443
117
3598
8961
6793
10052
4030
7089
11180
528
5716
10
7990
4246
3653
6774
8849
9884
3347
10793
10142
6282
6891
3357
6507
4166
10064
3539
7039
9100
9971
4626
5735
3140
2626
1077
7585
4714
2484
3723
11366
4238
4995
11430
3476
6415
9196
124
8178
7810
2710
2744
6028
8171
6877
4381
9362
11042
5211
3988
4834
7081
7017
432
4642
9854
9379
10225
2241
6959
151
8683
3887
5681
2941
7190
8487
11283
3606
8713
8358
1675
690
3454
1035
9672
8776
3836
6589
9137
3213
10251
2945
8594
11142
2458
2708
160
10955
361
9726
7955
6720
440
935
1145
7651
10446
7868
10961
206
908
8818
7372
3183
3205
9017
3202
11457
5111
6023
2526
9009
3176
11708
10069
10653
11701
8080
10756
3341
2954
5553
11931
1646
4043
4994
11346
10152
11150
7379
9280
10305
11518
9846
7308
6441
6527
7553
6930
2690
9380
4340
1833
8062
9141
8705
3401
6361
10950
11032
5159
6570
7346
11315
1988
2493
7919
1788
7499
3786
1050
2826
8054
5292
4268
5635
1199
451
1781
8223
5185
10989
6378
2187
1349
7026
3376
6478
1473
3962
1414
9800
9735
4354
9260
3620
4888
9091
1700
10123
10387
6027
6021
6301
10743
2733
3993
2952
6370
6037
5397
7292
10439
2792
6328
3583
7792
5282
1123
3689
3071
5662
5749
2477
6409
1124
9217
6649
4751
3699
4515
3968
11635
11409
11374
10862
3223
78
269
4464
10547
4587
10413
8727
11313
1636
6543
4772
4274
2329
1756
10640
9791
8611
4767
10811
1177
7602
10476
9179
8668
6957
2009
3773
9538
6812
10149
9614
11359
11356
9736
10739
8696
874
5886
6126
10583
4790
2585
982
10414
1627
3411
5129
9476
3565
7931
11843
10314
4605
3646
313
2058
2998
1690
2609
3579
326
1942
5057
7263
7280
6264
1367
7584
7345
3610
2598
1518
9101
8244
8163
6183
359
2185
2089
4139
9676
9236
7110
10665
2409
2242
4822
9604
7154
3566
9279
2701
8404
4365
7117
1329
6769
4465
7217
10078
2790
8260
8119
2888
4940
8063
8865
9404
2985
4293
2504
8232
186
4570
11261
4015
6338
316
8425
9772
7236
10817
3275
7643
8349
11105
10016
1284
2869
8631
9002
11322
3327
11693
10752
6261
4615
2691
879
11194
5382
10241
10252
10890
10127
4201
604
5046
2077
11256
2682
829
4805
56
3940
4308
10808
3094
200
2188
10027
1736
5498
3950
1330
6176
9151
2224
5184
9729
11314
3616
6885
8962
1171
712
7189
235
5336
592
2751
11806
5010
10990
11087
11268
11927
9997
5658
3034
8198
6290
2085
8011
4366
2
8363
3592
6156
974
1135
1729
7616
10683
8124
1898
11202
2891
9406
1618
2270
4916
4706
9253
4788
1711
7495
10532
6761
2071
901
3733
627
3319
10995
9299
3499
8709
7679
2566
7062
11753
926
65
2918
621
5426
1745
4479
8351
11503
4257
2198
4726
8268
7414
3895
6245
6095
3930
3026
6993
10882
691
523
10178
2562
2168
683
8327
8512
10842
4686
5789
7650
11259
2841
4925
7093
7845
2276
2896
10601
6167
10313
11080
3412
5478
5894
1573
2467
7625
3664
1046
10701
9601
4420
7209
5932
8884
4303
2567
6742
11220
6464
3381
5651
11015
9630
6345
5562
7107
4877
5748
4120
6221
6661
801
4049
8614
816
9929
2806
10277
10657
7334
1512
2823
1721
3246
5298
70
2907
3364
289
7877
11472
11544
3543
42
6995
2410
10530
11369
4040
3916
6549
5209
10801
10072
1064
5753
3043
8629
1180
6045
6653
7515
11144
4906
234
10709
8846
8002
6867
2366
7883
2500
4813
2719
1626
9890
9097
7054
694
3239
10294
4169
1662
11249
2576
10554
5510
4330
623
467
5987
9001
8153
4920
1500
9794
8678
9783
7784
8604
9685
1691
6246
9207
415
10566
7695
1055
7728
1739
9973
7715
5425
1953
6382
1710
4987
7390
10469
4997
4866
7064
11855
8628
10919
1258
3679
1115
9748
8953
466
567
8935
4168
10546
9019
11771
7514
1226
1232
6624
9047
2357
8196
2223
1946
10951
9359
6711
5769
4481
1464
656
9600
9344
4473
4628
8973
4564
6896
5660
1637
1891
6029
6923
11699
6590
4959
11815
7461
7306
5947
5811
388
1100
168
5388
5164
9206
1025
4093
665
5848
10333
4210
3431
3233
4097
2430
1521
8701
1293
7620
1079
5560
11258
1825
5668
8719
3293
9556
9187
9249
5244
10845
10122
3115
3368
7872
1775
7965
5302
1188
5723
8601
1899
4488
650
8476
4574
3960
9594
9072
4969
8052
1098
11196
8731
4601
6302
11702
2833
6748
60
9728
5021
7011
2850
11733
6280
10062
3354
3382
11026
5076
8127
4248
5496
8034
6704
11447
2942
11007
11900
4205
2349
4608
7022
2171
1869
2960
2508
11049
7090
4051
4960
2772
848
2662
5183
917
5253
2097
6841
5112
1198
8277
116
1312
11014
10060
3132
11819
146
2555
2959
5698
4373
3023
6821
4077
69
5869
4895
9591
8774
10160
1935
3068
4894
4039
566
720
2284
8975
7470
1828
10763
1558
9721
5515
10116
11485
7882
7549
7697
5707
3923
7949
7398
8018
11904
9126
9595
5542
9234
6697
884
7508
10411
5825
2557
7523
6288
10593
5626
6849
701
3556
6254
989
2610
9946
818
897
2734
4770
7507
3870
2738
3408
7440
3336
10018
11869
10223
6113
3350
4569
9357
1766
11825
7485
1142
2233
5470
8215
4623
8513
2231
3843
9199
7688
287
8569
7454
8172
1378
9573
6228
943
11400
5491
4830
10118
6797
9160
5120
4075
505
177
6056
3356
6909
4115
7472
3446
7850
7811
8828
10819
6554
5518
834
9569
7569
1640
8763
6003
5049
9532
632
2486
10316
5652
1071
6459
8073
8596
8838
11896
3858
7847
636
7112
8768
11539
4552
11808
3017
6571
2639
10604
2356
1934
9233
6760
11743
2391
8710
226
7182
9531
4970
548
1727
9494
5634
9353
11153
5965
9306
10232
8235
4650
2663
4835
11125
9334
11115
3266
4239
1311
9550
6437
9074
152
3007
11619
631
5964
5866
7918
9403
7912
7956
1612
5289
9901
11769
682
7155
2925
2124
6819
9116
4677
793
8772
6307
6499
2098
6451
7324
602
11027
5797
10581
6579
612
5839
855
6767
11323
6706
4194
9416
1366
5492
3240
2383
11538
5509
10451
9511
4384
6687
603
10941
3628
5029
11275
5300
1923
9762
9637
5739
6868
1420
1375
8939
5775
1252
7498
1086
6237
4616
8883
8007
5424
9524
5335
8154
5695
10284
5546
10163
3789
1611
3102
1674
7125
7108
11126
199
8754
9270
3932
920
6535
10942
2736
4426
3768
710
9118
7776
2936
1
9115
4362
3608
2324
2330
1194
1437
2177
7800
10117
4787
4553
1356
9317
8160
1944
5419
7441
8692
3039
7706
5408
4794
1861
4128
5807
2044
9551
9132
6390
4543
6230
2036
9974
7944
8893
11913
10725
9222
4382
9259
7856
8777
6217
3159
6299
9856
5788
10376
4310
11086
6860
5019
3903
2301
2880
4896
11386
10035
180
4150
1672
3426
510
3458
10437
9262
7867
7739
6893
4931
8390
5983
3906
368
405
170
7198
1826
2274
2358
9287
7733
2448
11360
9038
6229
7598
11432
7490
11736
8965
8201
9809
8613
8376
7954
8584
2702
3274
6585
8413
431
9384
4291
8057
1682
9263
7371
8466
11391
3897
1603
10826
10068
9394
1600
6379
2240
11602
6884
4992
10999
2828
6244
3267
3615
11440
10784
125
4178
7082
727
2238
9007
2898
5843
11665
9420
538
4011
4912
3634
11922
3004
5699
6616
2341
4256
10872
303
11324
7945
7053
342
5384
9034
485
4356
1602
1513
9584
5310
1424
6018
5758
3311
8579
3016
3179
8911
8892
11580
9154
7488
2450
10915
8801
8152
7777
6813
2186
6721
6948
7076
9560
357
3934
1469
4380
3714
6488
2637
6255
5785
6344
6192
8449
11706
2599
4843
9784
8739
254
3437
1347
5671
565
1907
5507
5084
713
9853
7946
9586
2913
10744
3040
1999
748
4571
182
8296
7685
8875
8864
4732
7460
10368
8971
10359
6400
9332
5274
10036
179
10986
7830
11222
11835
8444
11783
802
4032
11666
7235
3157
10405
9708
3952
1896
6518
3386
7864
9621
11009
8885
11796
3600
7874
8998
10079
10889
1081
7566
774
4947
8291
4389
4842
4086
2834
6076
8954
7795
9515
7181
10303
1963
8556
4779
10322
5104
11373
6121
2050
7363
1779
9339
6671
10170
10136
191
3148
7260
9718
5210
3301
1671
4114
7793
3671
5625
8061
11376
377
1143
8210
3143
5266
2602
5482
6796
3193
1169
9261
249
1888
5254
2872
8783
3494
10098
6083
10639
10006
9889
2153
5725
5923
7838
5614
9438
7658
11837
3770
1286
9098
5176
1231
4965
6011
8621
1575
3744
7686
11572
8793
2791
8458
9749
6247
11195
4776
6973
10610
11720
11476
9242
9861
699
9702
9105
10682
4385
6822
4042
954
6931
9225
8926
7692
9744
5868
3032
4597
1168
10388
9200
6158
11204
10268
6578
1475
8732
11823
5400
2944
1253
8228
8000
4149
4328
6676
6356
2646
8587
2917
8083
11756
6802
9969
6846
3237
8502
3403
2463
10028
657
5780
3012
11041
4390
10871
8342
52
10861
3278
9645
5956
7802
6514
11140
5667
11915
8920
10198
3716
5537
2447
2787
3842
11160
4930
9917
1972
4646
11176
2671
1141
7913
9052
1824
1422
5276
8066
4632
11095
10658
6136
7722
3835
11879
4741
11715
7148
5417
2617
10206
10873
2697
3044
7092
2134
8784
10104
7408
7184
1910
934
9937
3484
9424
4353
8856
5374
6685
1900
1411
5056
4475
1270
45
685
1550
10276
3860
477
1109
2248
11725
3633
2780
9640
7603
9857
8115
8552
5312
11229
403
7917
5519
9888
3680
8029
1528
1928
4814
3844
10100
7323
10810
6803
3912
925
10428
10486
6956
1125
7009
10807
7738
7966
5490
10087
8318
6513
9900
5940
11265
10629
6256
11601
4092
7202
6226
4654
425
9980
5393
6569
929
7985
4796
10775
7750
10914
11673
10347
10746
10357
3402
5203
2229
10727
10586
325
4185
2468
4411
8129
8862
11797
1576
537
11933
3177
7210
6496
1187
1834
11439
7530
1298
5293
10916
5793
11465
5948
5787
5319
7264
9947
9198
4974
7021
9936
9780
7634
11512
1339
2798
1496
3167
1959
3638
2279
6220
9737
5213
965
7469
2584
9710
11252
8090
1915
3642
2078
9029
11747
9506
2096
2503
7406
5222
8970
794
8937
4466
8561
2556
3813
8001
8505
5401
1458
10568
9654
7989
10338
9740
4758
791
1384
9465
9035
5922
3876
7719
8055
3259
4546
6212
773
7831
9951
7353
6146
3383
1323
6695
2771
11017
3106
8633
8981
4691
461
6730
7577
7120
7417
11188
2016
1594
556
4193
9756
11888
3165
5481
9413
11121
8794
9992
7991
1474
3663
460
6883
11034
2032
529
478
7534
8872
5410
2368
1275
2572
9143
11787
5946
2607
8016
6336
1251
495
1852
5399
3066
11814
1783
5149
7623
7855
9213
10716
4221
2967
3517
6490
4438
10297
585
4407
9908
5208
5165
2725
6019
577
8847
267
2222
3805
10348
8700
2446
11043
7756
8952
11520
1540
9195
11500
6309
10285
11852
11710
1153
9514
2601
47
7084
9933
6778
5238
1374
109
3077
11205
7395
10509
6787
8503
9996
5724
6000
10599
2161
9880
5902
3545
10757
1017
3070
7058
1631
434
1726
6747
4484
9
8547
4635
2312
9087
8946
5582
3519
3753
2278
6775
8639
10014
4203
9952
6832
10537
9153
5069
7386
2819
3160
889
4155
11069
9576
7769
10487
3708
8521
2988
10656
1402
2809
8972
6410
6632
11711
6604
3859
1531
2943
11232
8106
9567
10970
7350
5770
4020
857
3939
4902
2269
9692
10395
5579
7265
4664
11162
8593
8251
2315
10680
1951
7818
8766
2539
5697
10631
8315
11070
3575
2266
10782
6576
10673
7359
360
3015
11932
1431
11562
10766
7487
10925
2761
6470
10331
6216
11338
5455
181
8623
2439
5291
2618
5370
6911
2107
4497
4884
1365
3807
10765
10008
10959
11274
8549
11122
3472
8803
1547
11207
10627
4137
1369
1324
8641
6688
3818
2590
9764
387
7693
2531
1990
9650
8947
6489
852
3737
7747
7180
11224
2934
512
2230
4264
2727
6482
3951
4859
3617
7452
8858
3489
7560
3625
2333
4983
10591
5696
10168
3827
2789
10095
1018
8021
2529
11860
3480
10431
11276
2332
9568
3285
2160
2112
10394
7657
8876
1069
9178
189
7866
6666
3529
1595
1917
11405
8802
5428
7373
5446
1538
5058
7550
2895
1010
8272
5604
1793
9915
3809
7967
6517
2544
2015
8957
4002
9862
4921
1122
7751
5023
7559
672
8046
137
8471
6707
7344
3151
4085
1862
2490
5527
576
11680
6157
1433
9667
4057
1279
7774
1746
7766
1554
10298
6725
1856
4409
3619
3834
1393
8190
4295
9008
5325
6504
5353
5489
2673
11306
6887
4533
4471
10846
9412
11592
1847
11414
3877
6623
11013
9161
9286
8019
9460
11214
7101
9631
11423
5040
4669
4454
6102
123
5541
5443
11321
11621
2698
10385
11528
5974
4841
1908
2879
9918
5030
3590
4509
3129
7823
5649
596
9441
6954
6406
11211
3142
730
7044
11239
8568
7741
7175
11473
692
5966
37
5919
4410
1133
9016
8359
4668
5588
8632
10432
9639
7225
11878
3122
2094
465
4148
1563
1307
4429
2990
11052
4122
6974
10815
6965
10935
1072
737
9611
7354
5012
7224
8161
5001
4462
3112
3292
8948
8773
11117
5318
5852
1037
11546
4750
2851
843
5876
9955
3075
11754
5613
438
1343
10323
11826
5048
7922
9388
10010
4524
11364
9289
8308
7085
7130
61
4885
7822
4704
10523
880
3655
5928
5181
10818
9983
11509
4490
764
4742
9558
3248
10501
7785
735
9298
2140
7512
1163
2180
1249
2645
10369
5380
5766
100
8457
7494
6137
3763
10457
5670
10302
10105
15
5930
5311
11675
6396
7764
9828
6131
8089
5145
3121
8263
8462
3662
4319
10595
11861
2700
1403
7677
4740
9690
4041
10979
10663
2627
8209
1151
11707
7136
5087
2715
1770
964
10906
8790
983
10213
2014
7804
10694
3607
9487
3674
5958
2859
6631
492
2976
8459
2069
7091
6878
8008
10755
5672
9033
8542
8480
11292
601
2762
3690
3048
1008
10484
6347
3445
2483
251
5068
10905
8261
5856
2086
7035
10693
5659
1485
4418
3987
3894
2926
4102
4826
731
4825
3571
5794
10135
1844
6428
6596
8453
11571
8070
2081
11171
10358
4393
114
322
5472
10536
11420
7901
5950
5320
1943
3580
7841
7012
421
9415
10829
3485
6895
4004
1654
2365
5544
11025
7462
7233
551
2449
6940
9848
2367
6059
7819
7071
7849
3169
9520
8155
6066
1529
4005
3435
1818
7903
470
5892
7361
2924
8380
6352
1621
3358
1799
11215
8009
11752
8890
3741
11521
8782
6317
8145
262
6859
3754
10424
7327
11000
5480
2466
9682
10896
4984
4023
5969
11679
10320
3948
8306
2162
7552
4124
2770
6174
4087
853
10762
8218
7073
9817
7333
3158
6239
6886
5759
10430
9209
6130
11898
5893
520
5526
5851
1504
8371
6324
8603
9906
5420
9745
10311
11340
10946
5454
3719
4421
8407
1095
350
2384
306
9623
5273
1118
7476
7315
1108
9492
2249
8738
7927
7631
3196
825
3303
4398
664
2746
11745
8333
506
398
9402
10835
115
2268
3769
10698
2175
2026
6810
8323
9313
10671
8759
3701
10773
5543
2932
10325
2052
1429
709
7237
1449
4375
11873
8485
7876
7624
2801
3320
1303
663
9389
9910
564
2652
8622
7980
2927
7418
6180
2018
6397
3787
10159
3224
5984
5141
646
8938
7075
10216
10080
4637
519
7656
4186
4907
7588
11688
3503
8984
10764
9872
4183
997
3067
4147
2331
10221
24
8026
11240
10737
7827
3107
5703
8786
8646
10521
1604
2726
10647
6731
2350
3273
7670
5103
7378
8929
1905
3025
2125
4175
4078
6892
639
11063
2782
1628
10033
459
2373
6064
154
9564
9341
3366
2871
2455
3563
1379
9478
3400
10208
7568
5690
11558
6479
7828
240
3530
5329
8928
9073
9827
9352
9303
2007
1720
4511
10621
10874
55
11657
8746
7732
3944
11690
4673
11877
3080
1230
5590
4376
9470
3471
6127
11266
1239
7355
900
190
10898
9727
6984
2063
8624
5032
136
1505
6758
3035
5217
8074
8785
5535
1810
11445
1370
8241
6675
10953
3966
3602
828
5435
4860
9064
4942
8142
10169
4795
9835
5246
10978
511
9272
11681
5437
11760
1743
4119
73
6208
11717
10837
5615
225
8855
700
3120
2778
5771
6354
11295
4299
9011
5815
3764
3052
6804
5427
6669
2681
7388
3707
8470
10549
10726
8378
5733
407
4219
3483
1204
133
6068
4857
5201
5912
298
4598
449
7899
2438
6533
3526
972
1068
1816
6039
307
8352
6135
8936
6257
11377
11501
3880
10575
29
6001
4236
10403
8128
4904
5398
9173
260
3395
7019
11161
11779
217
10433
6776
5147
11401
5796
11068
6949
1684
3375
33
10771
8192
5834
9773
6175
3393
5901
135
10140
1509
2340
9712
6477
10458
9006
7432
5042
753
11054
9079
5365
10207
3841
4336
2995
2348
6659
1277
8205
4850
171
1243
9117
5586
11422
1546
11431
10500
11555
6364
10217
755
4880
5460
9325
4204
4688
286
5645
6487
6363
7018
6639
9330
6750
7296
7481
1059
2511
1316
10611
8908
10582
3313
6724
6139
4416
11310
10025
10491
8894
4156
8988
1205
7444
1044
198
991
6417
4950
8250
10267
11
3538
6968
7812
10293
4681
1419
11392
1161
587
1208
10230
2837
9713
677
10349
9145
1771
9663
2392
6243
915
6414
7129
3194
394
4247
1523
5731
11450
4871
11184
5004
6833
4893
5249
11004
3804
2625
2295
3420
1754
7193
4753
8605
11817
4988
10197
9387
5200
1476
6559
4591
3980
4254
4975
9385
3673
8684
1556
7074
11036
2517
11697
4785
3318
2338
8214
5167
8566
2126
5094
9152
4402
1106
10296
6446
3905
7055
5596
9656
11882
2364
7575
7981
11655
3103
1755
1880
911
7786
4025
6541
7957
8381
10816
11881
854
11792
11617
9432
10287
4643
1045
2608
6874
5895
9026
10429
2509
3537
830
4444
1099
11916
2707
7805
3618
9757
6848
719
3745
11490
3825
10145
11148
3725
10712
2527
1592
9155
8334
7947
11545
3977
7576
232
11238
9326
10339
4768
1015
10187
9902
7580
9483
4517
9051
11133
11411
5447
9875
6508
8396
9587
3609
7463
1036
3328
1702
558
6577
9204
9235
25
11367
864
8442
7557
11187
1350
10745
1459
8416
8389
9458
9766
9177
3832
6694
11664
9513
5465
2061
2427
9285
1586
8460
1566
3710
3256
2612
10666
11530
5951
9999
10838
9629
1906
8287
11333
5640
10460
3346
6615
10312
6838
8974
6612
3438
10617
8837
340
2204
11531
5812
1090
2997
10196
5883
5995
8660
4302
3051
8592
126
3548
6374
7666
6201
5014
4858
8956
4573
2437
10798
3093
10545
4709
5939
8326
416
10397
3555
3591
2040
3322
8174
1801
1341
81
7163
2440
739
2212
8200
3493
295
560
8901
10005
6165
6335
1203
7226
10676
4173
11527
4146
821
9610
1492
3410
8415
2017
1315
3498
6293
1843
6002
9602
2283
8711
6657
7170
5085
4609
952
10406
396
6967
9124
2251
10649
5897
8921
5806
2008
10870
909
51
2553
811
668
1386
7813
3985
4870
6905
4844
5219
101
1358
8138
9241
611
10026
5949
205
4412
8730
8406
288
6497
6171
11565
8298
10971
334
9186
1757
1539
479
4545
2591
6281
8523
8507
3644
8075
7543
5256
910
1377
6036
6297
10468
6253
1352
4700
5483
8919
7724
11764
7279
11810
5372
9169
5307
4084
7219
367
10600
6777
6289
11908
6148
8109
8003
9730
1052
1709
5599
9738
9495
1325
7660
5555
872
279
4759
7056
11492
5095
173
10887
11644
8658
5347
7875
10728
648
9673
647
6452
5561
1782
5191
6316
468
353
1014
9294
5650
11482
5978
3728
11051
2121
1501
4277
7063
10734
1351
4158
6667
4520
9123
3312
3247
5804
6211
6937
11762
450
2005
6811
1043
8496
5033
8325
2699
6149
2693
5559
2404
8307
5469
10747
5500
7803
8017
4012
1703
3669
1950
11616
1042
5220
7767
10828
3561
10383
2656
8146
11368
3114
6986
8910
10503
3338
10410
11477
8369
3277
1846
10502
5762
8686
7836
4195
4322
8100
2548
8282
7684
6442
1278
1250
2132
501
9060
5262
10937
2513
10512
11402
5786
4213
6625
2545
3943
10249
11106
9466
3184
2502
593
5236
5415
10576
9566
2664
6434
10222
10061
711
2013
1716
8056
7
2369
11734
7434
6092
1296
5245
9927
11393
6306
2104
4952
9863
10234
11279
6605
2150
6164
9694
2377
6432
1394
6444
5517
7984
3321
1172
10332
7902
1802
1297
6075
5190
6900
5316
2328
2482
6435
8736
11484
1186
2783
10619
4223
6274
11177
2211
745
3507
1502
2035
7787
4745
6498
2647
1747
3672
9250
5364
8755
204
10440
11627
5877
5750
2189
1262
4510
4232
8288
11917
6067
5653
7720
569
9807
3201
11170
11653
4061
7551
7278
3816
5570
7342
583
5914
4634
82
4911
6111
11639
3006
5992
7857
6005
3448
3377
3869
2194
11278
2088
9533
5148
9537
8659
1423
10655
6928
11384
4812
10613
9018
7427
11339
8565
3220
11418
7782
378
9197
6531
9307
7450
5499
7712
11924
2672
4457
8433
8252
11890
11113
5067
4245
4142
4290
